-4969.136224731779 0.4225999999999999 0.05 0.5274000000000001
-4957.5426442783855 0.4225999999999999 0.0707 0.5067000000000002
-4945.379893254788 0.4225999999999999 0.0914 0.48600000000000015
-4934.320955218978 0.4225999999999999 0.11209999999999999 0.46530000000000016
-4922.728135882811 0.4225999999999999 0.13279999999999997 0.44460000000000016
-4907.092571098988 0.4225999999999999 0.15349999999999997 0.42390000000000017
-4894.253785269208 0.4225999999999999 0.17419999999999997 0.40320000000000017
-4877.287324146134 0.4225999999999999 0.19489999999999996 0.3825000000000002
-4861.872258138242 0.4225999999999999 0.21559999999999996 0.3618000000000002
-4843.867572012562 0.4225999999999999 0.23629999999999995 0.3411000000000002
-4824.67095155961 0.4225999999999999 0.25699999999999995 0.3204000000000002
-4808.832151974491 0.4225999999999999 0.27769999999999995 0.2997000000000002
-4784.821553621028 0.4225999999999999 0.29839999999999994 0.2790000000000002
-4762.089744499221 0.4225999999999999 0.31909999999999994 0.2583000000000002
-4740.964848408695 0.4225999999999999 0.33979999999999994 0.2376000000000002
-4717.794029153537 0.4225999999999999 0.36049999999999993 0.2169000000000002
-4697.664729841936 0.4225999999999999 0.38119999999999993 0.1962000000000002
-4671.195207607901 0.4225999999999999 0.4018999999999999 0.1755000000000002
-4653.275113099345 0.4225999999999999 0.4225999999999999 0.15480000000000022
-4622.951803547851 0.4225999999999999 0.4432999999999999 0.13410000000000022
-4603.80708686807 0.4225999999999999 0.4639999999999999 0.11340000000000022
-4578.27987336899 0.4225999999999999 0.4846999999999999 0.09270000000000023
-4554.437044682596 0.4225999999999999 0.5054 0.07200000000000017
-4529.765397867508 0.4225999999999999 0.5260999999999999 0.051300000000000234
-4504.981487468987 0.4225999999999999 0.5468 0.030600000000000183
-5058.717112640478 0.4432999999999999 0.05 0.5067
-5045.413336853596 0.4432999999999999 0.0707 0.4860000000000001
-5034.069799989551 0.4432999999999999 0.0914 0.4653000000000001
-5021.796743372884 0.4432999999999999 0.11209999999999999 0.4446000000000001
-5006.590152142388 0.4432999999999999 0.13279999999999997 0.4239000000000001
-4993.528835877067 0.4432999999999999 0.15349999999999997 0.4032000000000001
-4979.464960326995 0.4432999999999999 0.17419999999999997 0.3825000000000001
-4962.329224859079 0.4432999999999999 0.19489999999999996 0.3618000000000001
-4946.802117010299 0.4432999999999999 0.21559999999999996 0.3411000000000001
-4926.140043360345 0.4432999999999999 0.23629999999999995 0.32040000000000013
-4911.219089800434 0.4432999999999999 0.25699999999999995 0.29970000000000013
-4889.763474856687 0.4432999999999999 0.27769999999999995 0.27900000000000014
-4865.463515984669 0.4432999999999999 0.29839999999999994 0.25830000000000014
-4845.919944701024 0.4432999999999999 0.31909999999999994 0.23760000000000014
-4821.339647193693 0.4432999999999999 0.33979999999999994 0.21690000000000015
-4801.610675853088 0.4432999999999999 0.36049999999999993 0.19620000000000015
-4778.003318375341 0.4432999999999999 0.38119999999999993 0.17550000000000016
-4757.303453511834 0.4432999999999999 0.4018999999999999 0.15480000000000016
-4735.537868945903 0.4432999999999999 0.4225999999999999 0.13410000000000016
-4708.294676129856 0.4432999999999999 0.4432999999999999 0.11340000000000017
-4685.236368579465 0.4432999999999999 0.4639999999999999 0.09270000000000017
-4661.932107204924 0.4432999999999999 0.4846999999999999 0.07200000000000017
-4637.0349424115775 0.4432999999999999 0.5054 0.05130000000000012
-4611.865721819918 0.4432999999999999 0.5260999999999999 0.030600000000000183
-5142.212621873059 0.4639999999999999 0.05 0.48600000000000004
-5131.885782871964 0.4639999999999999 0.0707 0.46530000000000005
-5120.877022429205 0.4639999999999999 0.0914 0.44460000000000005
-5106.745520380066 0.4639999999999999 0.11209999999999999 0.42390000000000005
-5093.842723373146 0.4639999999999999 0.13279999999999997 0.40320000000000006
-5078.987511362341 0.4639999999999999 0.15349999999999997 0.38250000000000006
-5062.693179730845 0.4639999999999999 0.17419999999999997 0.36180000000000007
-5046.335487790789 0.4639999999999999 0.19489999999999996 0.34110000000000007
-5030.270932573637 0.4639999999999999 0.21559999999999996 0.3204000000000001
-5012.908187849955 0.4639999999999999 0.23629999999999995 0.2997000000000001
-4993.102634250459 0.4639999999999999 0.25699999999999995 0.2790000000000001
-4970.771186630585 0.4639999999999999 0.27769999999999995 0.2583000000000001
-4948.768168286752 0.4639999999999999 0.29839999999999994 0.2376000000000001
-4926.629200784933 0.4639999999999999 0.31909999999999994 0.2169000000000001
-4904.722680980874 0.4639999999999999 0.33979999999999994 0.1962000000000001
-4880.681598999952 0.4639999999999999 0.36049999999999993 0.1755000000000001
-4857.432120617758 0.4639999999999999 0.38119999999999993 0.1548000000000001
-4833.900456898611 0.4639999999999999 0.4018999999999999 0.1341000000000001
-4816.164410189912 0.4639999999999999 0.4225999999999999 0.11340000000000011
-4791.253072646058 0.4639999999999999 0.4432999999999999 0.09270000000000012
-4766.510309526869 0.4639999999999999 0.4639999999999999 0.07200000000000012
-4742.11700764637 0.4639999999999999 0.4846999999999999 0.05130000000000012
-4716.917663023023 0.4639999999999999 0.5054 0.03060000000000007
