-4184.743586527456 0.23629999999999995 0.05 0.7137
-4172.967619105223 0.23629999999999995 0.0707 0.6930000000000001
-4162.592427288408 0.23629999999999995 0.0914 0.6723
-4151.220952941948 0.23629999999999995 0.11209999999999999 0.6516000000000001
-4140.991173887531 0.23629999999999995 0.13279999999999997 0.6309
-4129.350594123108 0.23629999999999995 0.15349999999999997 0.6102000000000001
-4119.050275920015 0.23629999999999995 0.17419999999999997 0.5895000000000001
-4105.636799074952 0.23629999999999995 0.19489999999999996 0.5688000000000001
-4094.5003883800864 0.23629999999999995 0.21559999999999996 0.5481
-4079.5665898517823 0.23629999999999995 0.23629999999999995 0.5274000000000001
-4065.8901852483746 0.23629999999999995 0.25699999999999995 0.5067000000000002
-4051.6663658411394 0.23629999999999995 0.27769999999999995 0.4860000000000001
-4033.5922000119435 0.23629999999999995 0.29839999999999994 0.4653000000000001
-4018.081763346606 0.23629999999999995 0.31909999999999994 0.4446000000000001
-3999.139442174594 0.23629999999999995 0.33979999999999994 0.4239000000000001
-3982.2463173344518 0.23629999999999995 0.36049999999999993 0.4032000000000001
-3962.384408666909 0.23629999999999995 0.38119999999999993 0.3825000000000001
-3943.3692502314366 0.23629999999999995 0.4018999999999999 0.3618000000000001
-3922.158275793092 0.23629999999999995 0.4225999999999999 0.3411000000000001
-3905.3650500414105 0.23629999999999995 0.4432999999999999 0.32040000000000013
-3882.4923026717693 0.23629999999999995 0.4639999999999999 0.29970000000000013
-3862.0683434883153 0.23629999999999995 0.4846999999999999 0.27900000000000014
-3840.030196718631 0.23629999999999995 0.5054 0.2583000000000001
-3816.8288699956147 0.23629999999999995 0.5260999999999999 0.23760000000000014
-3795.249871371025 0.23629999999999995 0.5468 0.2169000000000001
-3773.0394604531975 0.23629999999999995 0.5674999999999999 0.19620000000000015
-3748.6768238098366 0.23629999999999995 0.5882 0.1755000000000001
-3723.500244650344 0.23629999999999995 0.6089 0.15480000000000005
-3697.5435961064545 0.23629999999999995 0.6295999999999999 0.1341000000000001
-3672.6516251885064 0.23629999999999995 0.6502999999999999 0.11340000000000017
-3647.2889774529917 0.23629999999999995 0.6709999999999999 0.09270000000000012
-3622.017521012001 0.23629999999999995 0.6917 0.07200000000000006
-3596.6013667694597 0.23629999999999995 0.7123999999999999 0.05130000000000012
-3571.04982999032 0.23629999999999995 0.7330999999999999 0.030600000000000183
-4270.733904763752 0.25699999999999995 0.05 0.6930000000000001
-4258.7973613093145 0.25699999999999995 0.0707 0.6723000000000001
-4250.215176250483 0.25699999999999995 0.0914 0.6516000000000001
-4239.617441058043 0.25699999999999995 0.11209999999999999 0.6309000000000001
-4229.053806137687 0.25699999999999995 0.13279999999999997 0.6102000000000001
-4216.301512597086 0.25699999999999995 0.15349999999999997 0.5895000000000001
-4204.753862967486 0.25699999999999995 0.17419999999999997 0.5688000000000002
-4191.985149701867 0.25699999999999995 0.19489999999999996 0.5481000000000001
-4180.148818375199 0.25699999999999995 0.21559999999999996 0.5274000000000001
-4166.130336925407 0.25699999999999995 0.23629999999999995 0.5067000000000002
-4147.827933490744 0.25699999999999995 0.25699999999999995 0.48600000000000015
-4133.46141901071 0.25699999999999995 0.27769999999999995 0.46530000000000016
-4116.679518192127 0.25699999999999995 0.29839999999999994 0.44460000000000016
-4101.217717161438 0.25699999999999995 0.31909999999999994 0.42390000000000017
-4081.879686094139 0.25699999999999995 0.33979999999999994 0.40320000000000017
-4063.1733461251824 0.25699999999999995 0.36049999999999993 0.3825000000000002
-4044.7482711023854 0.25699999999999995 0.38119999999999993 0.3618000000000002
-4023.781976131189 0.25699999999999995 0.4018999999999999 0.3411000000000002
-4001.960031365849 0.25699999999999995 0.4225999999999999 0.3204000000000002
-3986.5574557967216 0.25699999999999995 0.4432999999999999 0.2997000000000002
-3964.2040513034804 0.25699999999999995 0.4639999999999999 0.2790000000000002
-3942.6360181659697 0.25699999999999995 0.4846999999999999 0.2583000000000002
-3919.6975087938627 0.25699999999999995 0.5054 0.23760000000000014
-3897.6578875269697 0.25699999999999995 0.5260999999999999 0.2169000000000002
-3875.670700360473 0.25699999999999995 0.5468 0.19620000000000015
-3851.2188287902627 0.25699999999999995 0.5674999999999999 0.1755000000000002
-3826.682993561976 0.25699999999999995 0.5882 0.15480000000000016
-3801.1577927353965 0.25699999999999995 0.6089 0.1341000000000001
-3776.1669492688306 0.25699999999999995 0.6295999999999999 0.11340000000000017
-3750.110622362054 0.25699999999999995 0.6502999999999999 0.09270000000000023
-3725.475287916627 0.25699999999999995 0.6709999999999999 0.07200000000000017
-3700.3705876565164 0.25699999999999995 0.6917 0.05130000000000012
-3674.8741029818325 0.25699999999999995 0.7123999999999999 0.030600000000000183
-4355.731056566913 0.27769999999999995 0.05 0.6723
-4346.150397047396 0.27769999999999995 0.0707 0.6516000000000001
-4337.438496779872 0.27769999999999995 0.0914 0.6309
-4326.263391299146 0.27769999999999995 0.11209999999999999 0.6102000000000001
-4315.591198373183 0.27769999999999995 0.13279999999999997 0.5895000000000001
-4302.62739245903 0.27769999999999995 0.15349999999999997 0.5688000000000001
-4291.273698910338 0.27769999999999995 0.17419999999999997 0.5481
-4277.940545217338 0.27769999999999995 0.19489999999999996 0.5274000000000001
-4265.837283765905 0.27769999999999995 0.21559999999999996 0.5067000000000002
-4246.43836276065 0.27769999999999995 0.23629999999999995 0.4860000000000001
