-5753.4554693063565 0.6089 0.05 0.3411
-5739.850118872444 0.6089 0.0707 0.3204
-5724.409919317278 0.6089 0.0914 0.2997
-5709.304531438849 0.6089 0.11209999999999999 0.279
-5690.726223402973 0.6089 0.13279999999999997 0.25830000000000003
-5673.307491075803 0.6089 0.15349999999999997 0.23760000000000003
-5654.094483572098 0.6089 0.17419999999999997 0.21690000000000004
-5632.618872039795 0.6089 0.19489999999999996 0.19620000000000004
-5611.612693202405 0.6089 0.21559999999999996 0.17550000000000004
-5587.990348563614 0.6089 0.23629999999999995 0.15480000000000005
-5567.093893956518 0.6089 0.25699999999999995 0.13410000000000005
-5544.1796497986925 0.6089 0.27769999999999995 0.11340000000000006
-5520.031777218406 0.6089 0.29839999999999994 0.09270000000000006
-5494.504166443972 0.6089 0.31909999999999994 0.07200000000000006
-5467.211859240028 0.6089 0.33979999999999994 0.05130000000000007
-5445.804757813248 0.6089 0.36049999999999993 0.03060000000000007
-5839.330733811313 0.6295999999999999 0.05 0.3204000000000001
-5826.937014584513 0.6295999999999999 0.0707 0.2997000000000001
-5810.85710864752 0.6295999999999999 0.0914 0.2790000000000001
-5794.058308580575 0.6295999999999999 0.11209999999999999 0.2583000000000001
-5775.298764399836 0.6295999999999999 0.13279999999999997 0.2376000000000001
-5756.315065234188 0.6295999999999999 0.15349999999999997 0.2169000000000001
-5739.4631820444665 0.6295999999999999 0.17419999999999997 0.1962000000000001
-5715.316464192442 0.6295999999999999 0.19489999999999996 0.1755000000000001
-5693.823562157768 0.6295999999999999 0.21559999999999996 0.1548000000000001
-5670.967135420989 0.6295999999999999 0.23629999999999995 0.1341000000000001
-5647.6539394162355 0.6295999999999999 0.25699999999999995 0.11340000000000011
-5626.139184431839 0.6295999999999999 0.27769999999999995 0.09270000000000012
-5598.106007841619 0.6295999999999999 0.29839999999999994 0.07200000000000012
-5575.921859189501 0.6295999999999999 0.31909999999999994 0.05130000000000012
-5551.029885020505 0.6295999999999999 0.33979999999999994 0.030600000000000127
-5927.120626740776 0.6502999999999999 0.05 0.29970000000000013
-5913.569933137541 0.6502999999999999 0.0707 0.27900000000000014
-5895.068461840348 0.6502999999999999 0.0914 0.25830000000000014
-5879.509295399523 0.6502999999999999 0.11209999999999999 0.23760000000000014
-5858.070710397232 0.6502999999999999 0.13279999999999997 0.21690000000000015
-5842.699282682485 0.6502999999999999 0.15349999999999997 0.19620000000000015
-5821.434979915717 0.6502999999999999 0.17419999999999997 0.17550000000000016
-5797.5504794057715 0.6502999999999999 0.19489999999999996 0.15480000000000016
-5777.848193507717 0.6502999999999999 0.21559999999999996 0.13410000000000016
-5752.384920486172 0.6502999999999999 0.23629999999999995 0.11340000000000017
-5730.88882268091 0.6502999999999999 0.25699999999999995 0.09270000000000017
-5705.33959497901 0.6502999999999999 0.27769999999999995 0.07200000000000017
-5679.326348165797 0.6502999999999999 0.29839999999999994 0.05130000000000018
-5657.158149820578 0.6502999999999999 0.31909999999999994 0.030600000000000183
