-6527.764568848782 0.7951999999999999 0.05 0.1548000000000001
-6507.746931635807 0.7951999999999999 0.0707 0.1341000000000001
-6483.564811976046 0.7951999999999999 0.0914 0.1134000000000001
-6466.038463800949 0.7951999999999999 0.11209999999999999 0.0927000000000001
-6441.954020528158 0.7951999999999999 0.13279999999999997 0.07200000000000012
-6419.131445402319 0.7951999999999999 0.15349999999999997 0.05130000000000012
-6397.245501151524 0.7951999999999999 0.17419999999999997 0.030600000000000127
-6610.080532477556 0.8158999999999998 0.05 0.13410000000000016
-6589.380388892113 0.8158999999999998 0.0707 0.11340000000000015
-6570.181076185018 0.8158999999999998 0.0914 0.09270000000000016
-6549.907928939183 0.8158999999999998 0.11209999999999999 0.07200000000000016
-6525.558584003349 0.8158999999999998 0.13279999999999997 0.05130000000000018
-6503.475988714124 0.8158999999999998 0.15349999999999997 0.030600000000000183
-6695.481127981341 0.8365999999999999 0.05 0.1134000000000001
-6677.176715959501 0.8365999999999999 0.0707 0.0927000000000001
-6655.623890231159 0.8365999999999999 0.0914 0.0720000000000001
-6633.76942392563 0.8365999999999999 0.11209999999999999 0.05130000000000011
-6609.584131198609 0.8365999999999999 0.13279999999999997 0.030600000000000127
