-4707.239782544409 0.36049999999999993 0.05 0.5895
-4697.265308553422 0.36049999999999993 0.0707 0.5688000000000001
-4687.713360846115 0.36049999999999993 0.0914 0.5481
-4675.308802803917 0.36049999999999993 0.11209999999999999 0.5274000000000001
-4662.56803244357 0.36049999999999993 0.13279999999999997 0.5067000000000002
-4648.968952536952 0.36049999999999993 0.15349999999999997 0.4860000000000001
-4635.496465429995 0.36049999999999993 0.17419999999999997 0.4653000000000001
-4620.818421101762 0.36049999999999993 0.19489999999999996 0.4446000000000001
-4605.904714866 0.36049999999999993 0.21559999999999996 0.4239000000000001
-4588.402137710337 0.36049999999999993 0.23629999999999995 0.4032000000000001
-4572.739126637622 0.36049999999999993 0.25699999999999995 0.3825000000000001
-4555.293793461041 0.36049999999999993 0.27769999999999995 0.3618000000000001
-4535.420408095719 0.36049999999999993 0.29839999999999994 0.3411000000000001
-4515.033044340963 0.36049999999999993 0.31909999999999994 0.32040000000000013
-4494.096959232265 0.36049999999999993 0.33979999999999994 0.29970000000000013
-4472.466412809023 0.36049999999999993 0.36049999999999993 0.27900000000000014
-4449.661676458097 0.36049999999999993 0.38119999999999993 0.25830000000000014
-4428.343955840238 0.36049999999999993 0.4018999999999999 0.23760000000000014
-4409.491414851097 0.36049999999999993 0.4225999999999999 0.21690000000000015
-4386.745254958054 0.36049999999999993 0.4432999999999999 0.19620000000000015
-4364.173978170535 0.36049999999999993 0.4639999999999999 0.17550000000000016
-4340.274413686234 0.36049999999999993 0.4846999999999999 0.15480000000000016
-4315.767780543611 0.36049999999999993 0.5054 0.1341000000000001
-4290.398234361341 0.36049999999999993 0.5260999999999999 0.11340000000000017
-4265.286097897339 0.36049999999999993 0.5468 0.09270000000000012
-4240.791053098476 0.36049999999999993 0.5674999999999999 0.07200000000000017
-4216.22838305883 0.36049999999999993 0.5882 0.05130000000000012
-4190.323132296628 0.36049999999999993 0.6089 0.03060000000000007
-4794.065824055053 0.38119999999999993 0.05 0.5688
-4782.942293357562 0.38119999999999993 0.0707 0.5481
-4773.311907158088 0.38119999999999993 0.0914 0.5274
-4759.874241804441 0.38119999999999993 0.11209999999999999 0.5067
-4746.990437545991 0.38119999999999993 0.13279999999999997 0.48600000000000004
-4734.327144455876 0.38119999999999993 0.15349999999999997 0.46530000000000005
-4721.781997615061 0.38119999999999993 0.17419999999999997 0.44460000000000005
-4706.725246841933 0.38119999999999993 0.19489999999999996 0.42390000000000005
-4690.325742392471 0.38119999999999993 0.21559999999999996 0.40320000000000006
-4673.934240835291 0.38119999999999993 0.23629999999999995 0.38250000000000006
-4657.434179796681 0.38119999999999993 0.25699999999999995 0.36180000000000007
-4640.499442420501 0.38119999999999993 0.27769999999999995 0.34110000000000007
-4618.401937726917 0.38119999999999993 0.29839999999999994 0.3204000000000001
-4599.3235335239315 0.38119999999999993 0.31909999999999994 0.2997000000000001
-4575.956331930367 0.38119999999999993 0.33979999999999994 0.2790000000000001
-4553.373575893613 0.38119999999999993 0.36049999999999993 0.2583000000000001
-4533.967235307636 0.38119999999999993 0.38119999999999993 0.2376000000000001
-4508.845817996456 0.38119999999999993 0.4018999999999999 0.2169000000000001
-4489.225713560904 0.38119999999999993 0.4225999999999999 0.1962000000000001
-4466.641673959607 0.38119999999999993 0.4432999999999999 0.1755000000000001
-4443.55704584982 0.38119999999999993 0.4639999999999999 0.1548000000000001
-4418.233387323061 0.38119999999999993 0.4846999999999999 0.1341000000000001
-4393.342201010123 0.38119999999999993 0.5054 0.11340000000000006
-4368.379330337173 0.38119999999999993 0.5260999999999999 0.09270000000000012
-4343.372956270643 0.38119999999999993 0.5468 0.07200000000000006
-4319.237563419745 0.38119999999999993 0.5674999999999999 0.05130000000000012
-4294.218059391353 0.38119999999999993 0.5882 0.03060000000000007
-4883.1951414566765 0.4018999999999999 0.05 0.5481
-4870.907219083866 0.4018999999999999 0.0707 0.5274000000000001
-4860.2970494759575 0.4018999999999999 0.0914 0.5067
-4848.424503257777 0.4018999999999999 0.11209999999999999 0.4860000000000001
-4835.986668015175 0.4018999999999999 0.13279999999999997 0.4653000000000001
-4822.841238939274 0.4018999999999999 0.15349999999999997 0.4446000000000001
-4809.359015667173 0.4018999999999999 0.17419999999999997 0.4239000000000001
-4792.808848841723 0.4018999999999999 0.19489999999999996 0.4032000000000001
-4777.585262639331 0.4018999999999999 0.21559999999999996 0.3825000000000001
-4758.342306720861 0.4018999999999999 0.23629999999999995 0.3618000000000001
-4742.683696934401 0.4018999999999999 0.25699999999999995 0.3411000000000001
-4723.36210457958 0.4018999999999999 0.27769999999999995 0.32040000000000013
-4702.241064955114 0.4018999999999999 0.29839999999999994 0.29970000000000013
-4681.533144717569 0.4018999999999999 0.31909999999999994 0.27900000000000014
-4656.367773941851 0.4018999999999999 0.33979999999999994 0.25830000000000014
-4635.905906907489 0.4018999999999999 0.36049999999999993 0.23760000000000014
-4614.702591955856 0.4018999999999999 0.38119999999999993 0.21690000000000015
-4591.616963719832 0.4018999999999999 0.4018999999999999 0.19620000000000015
-4571.860554686141 0.4018999999999999 0.4225999999999999 0.17550000000000016
-4547.484510753236 0.4018999999999999 0.4432999999999999 0.15480000000000016
-4525.169206572433 0.4018999999999999 0.4639999999999999 0.13410000000000016
