-4454.780613082567 0.29839999999999994 0.05 0.6516
-4459.868104345326 0.29839999999999994 0.0707 0.6309
-4453.608165845258 0.29839999999999994 0.0914 0.6102
-4454.56885901849 0.29839999999999994 0.11209999999999999 0.5895
-4451.7583255708405 0.29839999999999994 0.13279999999999997 0.5688
-4452.928395700651 0.29839999999999994 0.15349999999999997 0.5481
-4451.562536422555 0.29839999999999994 0.17419999999999997 0.5274000000000001
-4446.520108988593 0.29839999999999994 0.19489999999999996 0.5067
-4423.419553415464 0.29839999999999994 0.21559999999999996 0.48600000000000004
-4403.0613856168075 0.29839999999999994 0.23629999999999995 0.46530000000000005
-4369.200137310428 0.29839999999999994 0.25699999999999995 0.44460000000000005
-4349.882275621736 0.29839999999999994 0.27769999999999995 0.42390000000000005
-4322.309409734252 0.29839999999999994 0.29839999999999994 0.40320000000000006
-4301.665967940394 0.29839999999999994 0.31909999999999994 0.38250000000000006
-4271.237479627879 0.29839999999999994 0.33979999999999994 0.36180000000000007
-4247.276291100048 0.29839999999999994 0.36049999999999993 0.34110000000000007
-4221.954955128909 0.29839999999999994 0.38119999999999993 0.3204000000000001
-4195.634609324903 0.29839999999999994 0.4018999999999999 0.2997000000000001
-4172.849776550156 0.29839999999999994 0.4225999999999999 0.2790000000000001
-4141.306784224272 0.29839999999999994 0.4432999999999999 0.2583000000000001
-4100.8184003128135 0.29839999999999994 0.4639999999999999 0.2376000000000001
-4086.647811003921 0.29839999999999994 0.4846999999999999 0.2169000000000001
-4051.7794943582903 0.29839999999999994 0.5054 0.19620000000000004
-4035.576941161373 0.29839999999999994 0.5260999999999999 0.1755000000000001
-4007.480306057224 0.29839999999999994 0.5468 0.15480000000000005
-3986.0272843253433 0.29839999999999994 0.5674999999999999 0.1341000000000001
-3951.963598696041 0.29839999999999994 0.5882 0.11340000000000006
-3928.2969710084058 0.29839999999999994 0.6089 0.0927
-3899.255338887796 0.29839999999999994 0.6295999999999999 0.07200000000000006
-3861.337123048784 0.29839999999999994 0.6502999999999999 0.05130000000000012
-3840.680780185615 0.29839999999999994 0.6709999999999999 0.03060000000000007
-4526.196292258298 0.31909999999999994 0.05 0.6309
-4526.841314179342 0.31909999999999994 0.0707 0.6102000000000001
-4532.713372451018 0.31909999999999994 0.0914 0.5895
-4529.454753286105 0.31909999999999994 0.11209999999999999 0.5688000000000001
-4527.6631135905 0.31909999999999994 0.13279999999999997 0.5481
-4524.2060373394415 0.31909999999999994 0.15349999999999997 0.5274000000000001
-4524.854080609291 0.31909999999999994 0.17419999999999997 0.5067000000000002
-4519.535913728298 0.31909999999999994 0.19489999999999996 0.4860000000000001
-4491.634554692241 0.31909999999999994 0.21559999999999996 0.4653000000000001
-4472.464308266145 0.31909999999999994 0.23629999999999995 0.4446000000000001
-4445.84036944228 0.31909999999999994 0.25699999999999995 0.4239000000000001
-4417.690751857889 0.31909999999999994 0.27769999999999995 0.4032000000000001
-4396.111779746531 0.31909999999999994 0.29839999999999994 0.3825000000000001
-4368.916541733033 0.31909999999999994 0.31909999999999994 0.3618000000000001
-4340.394998139124 0.31909999999999994 0.33979999999999994 0.3411000000000001
-4315.2508044448805 0.31909999999999994 0.36049999999999993 0.32040000000000013
-4292.381287989216 0.31909999999999994 0.38119999999999993 0.29970000000000013
-4266.713570503597 0.31909999999999994 0.4018999999999999 0.27900000000000014
-4240.449225634849 0.31909999999999994 0.4225999999999999 0.25830000000000014
-4212.206180074695 0.31909999999999994 0.4432999999999999 0.23760000000000014
-4193.709513540897 0.31909999999999994 0.4639999999999999 0.21690000000000015
-4160.002871801323 0.31909999999999994 0.4846999999999999 0.19620000000000015
-4134.433205201689 0.31909999999999994 0.5054 0.1755000000000001
-4109.75747418198 0.31909999999999994 0.5260999999999999 0.15480000000000016
-4079.1685956307065 0.31909999999999994 0.5468 0.1341000000000001
-4058.8011567798967 0.31909999999999994 0.5674999999999999 0.11340000000000017
-4021.0682338601414 0.31909999999999994 0.5882 0.09270000000000012
-3994.743144762239 0.31909999999999994 0.6089 0.07200000000000006
-3970.0487735556585 0.31909999999999994 0.6295999999999999 0.05130000000000012
-3936.9771327403887 0.31909999999999994 0.6502999999999999 0.030600000000000183
-4617.674347068431 0.33979999999999994 0.05 0.6102000000000001
-4623.955294971264 0.33979999999999994 0.0707 0.5895000000000001
-4626.302285065583 0.33979999999999994 0.0914 0.5688000000000001
-4623.62457774918 0.33979999999999994 0.11209999999999999 0.5481000000000001
-4620.3843434738965 0.33979999999999994 0.13279999999999997 0.5274000000000001
-4619.616615046583 0.33979999999999994 0.15349999999999997 0.5067000000000002
-4611.0259566495115 0.33979999999999994 0.17419999999999997 0.48600000000000015
-4599.4796863393585 0.33979999999999994 0.19489999999999996 0.46530000000000016
-4578.120025821664 0.33979999999999994 0.21559999999999996 0.44460000000000016
-4550.111691283001 0.33979999999999994 0.23629999999999995 0.42390000000000017
-4527.551196418986 0.33979999999999994 0.25699999999999995 0.40320000000000017
-4506.090442155454 0.33979999999999994 0.27769999999999995 0.3825000000000002
-4476.477379324065 0.33979999999999994 0.29839999999999994 0.3618000000000002
-4449.204746447245 0.33979999999999994 0.31909999999999994 0.3411000000000002
-4427.008667453723 0.33979999999999994 0.33979999999999994 0.3204000000000002
-4405.565186422019 0.33979999999999994 0.36049999999999993 0.2997000000000002
-4375.393169933913 0.33979999999999994 0.38119999999999993 0.2790000000000002
-4344.722966345186 0.33979999999999994 0.4018999999999999 0.2583000000000002
-4324.819672954962 0.33979999999999994 0.4225999999999999 0.2376000000000002
-4295.786433995239 0.33979999999999994 0.4432999999999999 0.2169000000000002
-4270.5870297383535 0.33979999999999994 0.4639999999999999 0.1962000000000002
-4237.13218749067 0.33979999999999994 0.4846999999999999 0.1755000000000002
-4211.127625095654 0.33979999999999994 0.5054 0.15480000000000016
-4186.711354432711 0.33979999999999994 0.5260999999999999 0.13410000000000022
-4161.251900739983 0.33979999999999994 0.5468 0.11340000000000017
-4133.740502712489 0.33979999999999994 0.5674999999999999 0.09270000000000023
-4090.121879603963 0.33979999999999994 0.5882 0.07200000000000017
-4076.0534453849305 0.33979999999999994 0.6089 0.05130000000000012
-4048.2761645301653 0.33979999999999994 0.6295999999999999 0.030600000000000183
