-5220.179470944095 0.4846999999999999 0.05 0.4653000000000001
-5216.256081600192 0.4846999999999999 0.0707 0.4446000000000001
-5220.752944556713 0.4846999999999999 0.0914 0.4239000000000001
-5216.965017764525 0.4846999999999999 0.11209999999999999 0.4032000000000001
-5205.834601015367 0.4846999999999999 0.13279999999999997 0.3825000000000001
-5187.407916161693 0.4846999999999999 0.15349999999999997 0.3618000000000001
-5170.731989533842 0.4846999999999999 0.17419999999999997 0.3411000000000001
-5127.679028988019 0.4846999999999999 0.19489999999999996 0.32040000000000013
-5122.239319334401 0.4846999999999999 0.21559999999999996 0.29970000000000013
-5090.701891660497 0.4846999999999999 0.23629999999999995 0.27900000000000014
-5061.5371659590355 0.4846999999999999 0.25699999999999995 0.25830000000000014
-5045.307295343202 0.4846999999999999 0.27769999999999995 0.23760000000000014
-5014.822560544482 0.4846999999999999 0.29839999999999994 0.21690000000000015
-4995.598265032326 0.4846999999999999 0.31909999999999994 0.19620000000000015
-4960.757914821081 0.4846999999999999 0.33979999999999994 0.17550000000000016
-4938.710861029942 0.4846999999999999 0.36049999999999993 0.15480000000000016
-4921.152954809461 0.4846999999999999 0.38119999999999993 0.13410000000000016
-4891.26606211554 0.4846999999999999 0.4018999999999999 0.11340000000000017
-4854.66006701696 0.4846999999999999 0.4225999999999999 0.09270000000000017
-4831.610608566256 0.4846999999999999 0.4432999999999999 0.07200000000000017
-4804.3799510232775 0.4846999999999999 0.4639999999999999 0.05130000000000018
-4770.180279979714 0.4846999999999999 0.4846999999999999 0.030600000000000183
-5307.493557336106 0.5054 0.05 0.44460000000000005
-5307.60034952594 0.5054 0.0707 0.42390000000000005
-5295.143291995115 0.5054 0.0914 0.40320000000000006
-5287.873273083035 0.5054 0.11209999999999999 0.38250000000000006
-5291.485252296234 0.5054 0.13279999999999997 0.36180000000000007
-5267.976877757931 0.5054 0.15349999999999997 0.34110000000000007
-5241.514741219506 0.5054 0.17419999999999997 0.3204000000000001
-5221.954751875408 0.5054 0.19489999999999996 0.2997000000000001
-5196.819194708518 0.5054 0.21559999999999996 0.2790000000000001
-5164.86173748002 0.5054 0.23629999999999995 0.2583000000000001
-5143.937481888476 0.5054 0.25699999999999995 0.2376000000000001
-5113.094243861537 0.5054 0.27769999999999995 0.2169000000000001
-5096.350215571707 0.5054 0.29839999999999994 0.1962000000000001
-5072.248006936869 0.5054 0.31909999999999994 0.1755000000000001
-5035.402381336182 0.5054 0.33979999999999994 0.1548000000000001
-5014.143325641086 0.5054 0.36049999999999993 0.1341000000000001
-4989.31401479956 0.5054 0.38119999999999993 0.11340000000000011
-4959.922629280934 0.5054 0.4018999999999999 0.09270000000000012
-4932.385208638131 0.5054 0.4225999999999999 0.07200000000000012
-4908.219745685864 0.5054 0.4432999999999999 0.05130000000000012
-4880.025807703715 0.5054 0.4639999999999999 0.030600000000000127
-5400.464567982458 0.5260999999999999 0.05 0.4239000000000001
-5401.300995887128 0.5260999999999999 0.0707 0.4032000000000001
-5404.29801544343 0.5260999999999999 0.0914 0.3825000000000001
-5390.522033602234 0.5260999999999999 0.11209999999999999 0.3618000000000001
-5373.860076070961 0.5260999999999999 0.13279999999999997 0.3411000000000001
-5351.612942906588 0.5260999999999999 0.15349999999999997 0.32040000000000013
-5332.976827830497 0.5260999999999999 0.17419999999999997 0.29970000000000013
-5299.126472111179 0.5260999999999999 0.19489999999999996 0.27900000000000014
-5264.679366361505 0.5260999999999999 0.21559999999999996 0.25830000000000014
-5265.486172948738 0.5260999999999999 0.23629999999999995 0.23760000000000014
-5226.338594230136 0.5260999999999999 0.25699999999999995 0.21690000000000015
-5207.609567340382 0.5260999999999999 0.27769999999999995 0.19620000000000015
-5179.769476521322 0.5260999999999999 0.29839999999999994 0.17550000000000016
-5138.231900124929 0.5260999999999999 0.31909999999999994 0.15480000000000016
-5106.4971301282185 0.5260999999999999 0.33979999999999994 0.13410000000000016
-5096.960652008244 0.5260999999999999 0.36049999999999993 0.11340000000000017
-5062.447912790873 0.5260999999999999 0.38119999999999993 0.09270000000000017
-5041.553859340912 0.5260999999999999 0.4018999999999999 0.07200000000000017
-5019.1643393224085 0.5260999999999999 0.4225999999999999 0.05130000000000018
-4982.311614302647 0.5260999999999999 0.4432999999999999 0.030600000000000183
