-5742.596300806946 0.6089 0.05 0.3411
-5735.110848048462 0.6089 0.0707 0.3204
-5732.646762620465 0.6089 0.0914 0.2997
-5724.672838208596 0.6089 0.11209999999999999 0.279
-5700.175414716348 0.6089 0.13279999999999997 0.25830000000000003
-5673.2628472533925 0.6089 0.15349999999999997 0.23760000000000003
-5650.782288209283 0.6089 0.17419999999999997 0.21690000000000004
-5619.362236469461 0.6089 0.19489999999999996 0.19620000000000004
-5588.451675154963 0.6089 0.21559999999999996 0.17550000000000004
-5561.858336423152 0.6089 0.23629999999999995 0.15480000000000005
-5546.984453767929 0.6089 0.25699999999999995 0.13410000000000005
-5528.728058804008 0.6089 0.27769999999999995 0.11340000000000006
-5496.931382686327 0.6089 0.29839999999999994 0.09270000000000006
-5465.730234315326 0.6089 0.31909999999999994 0.07200000000000006
-5433.446344381214 0.6089 0.33979999999999994 0.05130000000000007
-5422.504206998769 0.6089 0.36049999999999993 0.03060000000000007
-5836.270012382545 0.6295999999999999 0.05 0.3204000000000001
-5824.264183243657 0.6295999999999999 0.0707 0.2997000000000001
-5810.865186297364 0.6295999999999999 0.0914 0.2790000000000001
-5799.8597445449905 0.6295999999999999 0.11209999999999999 0.2583000000000001
-5772.117903302406 0.6295999999999999 0.13279999999999997 0.2376000000000001
-5743.233825611169 0.6295999999999999 0.15349999999999997 0.2169000000000001
-5730.186283202454 0.6295999999999999 0.17419999999999997 0.1962000000000001
-5705.318156278994 0.6295999999999999 0.19489999999999996 0.1755000000000001
-5674.483830378391 0.6295999999999999 0.21559999999999996 0.1548000000000001
-5653.807367979388 0.6295999999999999 0.23629999999999995 0.1341000000000001
-5620.478457037049 0.6295999999999999 0.25699999999999995 0.11340000000000011
-5595.928363797297 0.6295999999999999 0.27769999999999995 0.09270000000000012
-5572.240830875383 0.6295999999999999 0.29839999999999994 0.07200000000000012
-5544.094761365787 0.6295999999999999 0.31909999999999994 0.05130000000000012
-5518.391648475623 0.6295999999999999 0.33979999999999994 0.030600000000000127
-5923.036728729091 0.6502999999999999 0.05 0.29970000000000013
-5916.956601184854 0.6502999999999999 0.0707 0.27900000000000014
-5913.990068863305 0.6502999999999999 0.0914 0.25830000000000014
-5886.23126891378 0.6502999999999999 0.11209999999999999 0.23760000000000014
-5858.081337129049 0.6502999999999999 0.13279999999999997 0.21690000000000015
-5838.445173398817 0.6502999999999999 0.15349999999999997 0.19620000000000015
-5802.305183624897 0.6502999999999999 0.17419999999999997 0.17550000000000016
-5779.941017340304 0.6502999999999999 0.19489999999999996 0.15480000000000016
-5764.4127220059645 0.6502999999999999 0.21559999999999996 0.13410000000000016
-5727.579386444411 0.6502999999999999 0.23629999999999995 0.11340000000000017
-5703.414273255837 0.6502999999999999 0.25699999999999995 0.09270000000000017
-5688.935788703391 0.6502999999999999 0.27769999999999995 0.07200000000000017
-5655.4964682024765 0.6502999999999999 0.29839999999999994 0.05130000000000018
-5632.53561109009 0.6502999999999999 0.31909999999999994 0.030600000000000183
