-6514.130396647005 0.7951999999999999 0.05 0.1548000000000001
-6498.607018062258 0.7951999999999999 0.0707 0.1341000000000001
-6475.711171653732 0.7951999999999999 0.0914 0.1134000000000001
-6448.316624810438 0.7951999999999999 0.11209999999999999 0.0927000000000001
-6424.384968735881 0.7951999999999999 0.13279999999999997 0.07200000000000012
-6395.256525289685 0.7951999999999999 0.15349999999999997 0.05130000000000012
-6374.550384004791 0.7951999999999999 0.17419999999999997 0.030600000000000127
-6606.3717517816385 0.8158999999999998 0.05 0.13410000000000016
-6585.913874698805 0.8158999999999998 0.0707 0.11340000000000015
-6559.230203926363 0.8158999999999998 0.0914 0.09270000000000016
-6534.2472035306455 0.8158999999999998 0.11209999999999999 0.07200000000000016
-6504.576385784843 0.8158999999999998 0.13279999999999997 0.05130000000000018
-6482.006599028646 0.8158999999999998 0.15349999999999997 0.030600000000000183
-6692.958914237859 0.8365999999999999 0.05 0.1134000000000001
-6653.115650636453 0.8365999999999999 0.0707 0.0927000000000001
-6644.04136112815 0.8365999999999999 0.0914 0.0720000000000001
-6617.2460927535185 0.8365999999999999 0.11209999999999999 0.05130000000000011
-6594.115810467998 0.8365999999999999 0.13279999999999997 0.030600000000000127
