-3519.4973010605886 0.11209999999999999 0.05 0.8379
-3480.1571921898462 0.11209999999999999 0.0707 0.8172
-3616.2401830661306 0.11209999999999999 0.0914 0.7965
-3700.9061128521744 0.11209999999999999 0.11209999999999999 0.7758
-3704.791505516262 0.11209999999999999 0.13279999999999997 0.7551000000000001
-3712.668007091738 0.11209999999999999 0.15349999999999997 0.7344
-3712.4349138538983 0.11209999999999999 0.17419999999999997 0.7137
-3712.3442374414913 0.11209999999999999 0.19489999999999996 0.6930000000000001
-3712.9816504694913 0.11209999999999999 0.21559999999999996 0.6723000000000001
-3713.6743582347062 0.11209999999999999 0.23629999999999995 0.6516000000000001
-3698.624606542596 0.11209999999999999 0.25699999999999995 0.6309
-3669.678444921999 0.11209999999999999 0.27769999999999995 0.6102000000000001
-3648.6227359823924 0.11209999999999999 0.29839999999999994 0.5895000000000001
-3621.4330014669217 0.11209999999999999 0.31909999999999994 0.5688000000000001
-3595.2155738922584 0.11209999999999999 0.33979999999999994 0.5481
-3568.7772120826057 0.11209999999999999 0.36049999999999993 0.5274000000000001
-3546.3605471994774 0.11209999999999999 0.38119999999999993 0.5067000000000002
-3521.447592592274 0.11209999999999999 0.4018999999999999 0.4860000000000001
-3494.817588084997 0.11209999999999999 0.4225999999999999 0.4653000000000001
-3470.7091211881516 0.11209999999999999 0.4432999999999999 0.4446000000000001
-3441.846350243922 0.11209999999999999 0.4639999999999999 0.4239000000000001
-3410.698798999484 0.11209999999999999 0.4846999999999999 0.4032000000000001
-3389.159685542116 0.11209999999999999 0.5054 0.38250000000000006
-3360.7243427167423 0.11209999999999999 0.5260999999999999 0.3618000000000001
-3339.280549405951 0.11209999999999999 0.5468 0.34110000000000007
-3308.98582068818 0.11209999999999999 0.5674999999999999 0.32040000000000013
-3282.6443144064815 0.11209999999999999 0.5882 0.2997000000000001
-3254.442155209731 0.11209999999999999 0.6089 0.279
-3228.704892696147 0.11209999999999999 0.6295999999999999 0.2583000000000001
-3203.04825458205 0.11209999999999999 0.6502999999999999 0.23760000000000014
-3172.3850148142783 0.11209999999999999 0.6709999999999999 0.2169000000000001
-3146.0476429050327 0.11209999999999999 0.6917 0.19620000000000004
-3117.2233375168485 0.11209999999999999 0.7123999999999999 0.1755000000000001
-3092.8120625265715 0.11209999999999999 0.7330999999999999 0.15480000000000016
-3063.8391955943202 0.11209999999999999 0.7537999999999999 0.1341000000000001
-3035.7486479197496 0.11209999999999999 0.7745 0.11340000000000006
-3008.1145859546687 0.11209999999999999 0.7951999999999999 0.09270000000000012
-2980.7474500127605 0.11209999999999999 0.8158999999999998 0.07200000000000017
-2952.978873143232 0.11209999999999999 0.8365999999999999 0.05130000000000012
-2925.8273919596813 0.11209999999999999 0.8573 0.03060000000000007
-3619.2239173527396 0.13279999999999997 0.05 0.8171999999999999
-3753.6321761530244 0.13279999999999997 0.0707 0.7965
-3770.9372829524186 0.13279999999999997 0.0914 0.7757999999999999
-3776.0796222127587 0.13279999999999997 0.11209999999999999 0.7551
-3784.522744982838 0.13279999999999997 0.13279999999999997 0.7343999999999999
-3784.975796905665 0.13279999999999997 0.15349999999999997 0.7137
-3783.1845476450962 0.13279999999999997 0.17419999999999997 0.6930000000000001
-3787.7822817681486 0.13279999999999997 0.19489999999999996 0.6723
-3785.445503602479 0.13279999999999997 0.21559999999999996 0.6516
-3783.543991150329 0.13279999999999997 0.23629999999999995 0.6309
-3770.697926631621 0.13279999999999997 0.25699999999999995 0.6102000000000001
-3741.282985399398 0.13279999999999997 0.27769999999999995 0.5895
-3714.1779919000915 0.13279999999999997 0.29839999999999994 0.5688
-3691.71621134365 0.13279999999999997 0.31909999999999994 0.5481
-3664.237691034482 0.13279999999999997 0.33979999999999994 0.5274000000000001
-3639.521081141815 0.13279999999999997 0.36049999999999993 0.5067
-3613.777095049871 0.13279999999999997 0.38119999999999993 0.48600000000000004
-3593.1233670728325 0.13279999999999997 0.4018999999999999 0.46530000000000005
-3564.376446262211 0.13279999999999997 0.4225999999999999 0.44460000000000005
-3537.4083255342866 0.13279999999999997 0.4432999999999999 0.42390000000000005
-3507.304556315144 0.13279999999999997 0.4639999999999999 0.40320000000000006
-3484.4282457237555 0.13279999999999997 0.4846999999999999 0.38250000000000006
-3463.9896811085664 0.13279999999999997 0.5054 0.3618
-3435.2152452674263 0.13279999999999997 0.5260999999999999 0.34110000000000007
-3408.06247373664 0.13279999999999997 0.5468 0.3204
-3382.832548855156 0.13279999999999997 0.5674999999999999 0.2997000000000001
-3353.2318902869793 0.13279999999999997 0.5882 0.279
-3324.6962935098604 0.13279999999999997 0.6089 0.2583
-3295.714555414956 0.13279999999999997 0.6295999999999999 0.23760000000000003
-3271.0185606673085 0.13279999999999997 0.6502999999999999 0.2169000000000001
-3239.62835078119 0.13279999999999997 0.6709999999999999 0.19620000000000004
-3213.7061312867677 0.13279999999999997 0.6917 0.1755
-3187.3813596421664 0.13279999999999997 0.7123999999999999 0.15480000000000005
-3159.6045862606284 0.13279999999999997 0.7330999999999999 0.1341000000000001
-3134.509623246411 0.13279999999999997 0.7537999999999999 0.11340000000000006
-3103.5840324646692 0.13279999999999997 0.7745 0.0927
-3076.3730154819673 0.13279999999999997 0.7951999999999999 0.07200000000000006
-3046.748391263812 0.13279999999999997 0.8158999999999998 0.05130000000000012
-3019.7892009161164 0.13279999999999997 0.8365999999999999 0.03060000000000007
-3805.8083744716596 0.15349999999999997 0.05 0.7965
-3854.3482788005667 0.15349999999999997 0.0707 0.7758
-3860.0055246356455 0.15349999999999997 0.0914 0.7551
-3862.3361407006887 0.15349999999999997 0.11209999999999999 0.7344
-3867.1788421803494 0.15349999999999997 0.13279999999999997 0.7137
-3865.894000182259 0.15349999999999997 0.15349999999999997 0.6930000000000001
-3876.2757138531583 0.15349999999999997 0.17419999999999997 0.6723000000000001
-3868.985844101664 0.15349999999999997 0.19489999999999996 0.6516000000000001
-3867.1692994541777 0.15349999999999997 0.21559999999999996 0.6309
-3862.903217484621 0.15349999999999997 0.23629999999999995 0.6102000000000001
-3843.74429538066 0.15349999999999997 0.25699999999999995 0.5895000000000001
-3815.348992846367 0.15349999999999997 0.27769999999999995 0.5688000000000001
-3789.688176684494 0.15349999999999997 0.29839999999999994 0.5481
-3769.074204133958 0.15349999999999997 0.31909999999999994 0.5274000000000001
-3744.5839910114 0.15349999999999997 0.33979999999999994 0.5067000000000002
-3713.0207555486168 0.15349999999999997 0.36049999999999993 0.4860000000000001
-3692.918843673993 0.15349999999999997 0.38119999999999993 0.4653000000000001
-3667.18443883399 0.15349999999999997 0.4018999999999999 0.4446000000000001
-3642.2220534577255 0.15349999999999997 0.4225999999999999 0.4239000000000001
-3613.2334989695314 0.15349999999999997 0.4432999999999999 0.4032000000000001
-3591.2689974345026 0.15349999999999997 0.4639999999999999 0.3825000000000001
-3557.949222024255 0.15349999999999997 0.4846999999999999 0.3618000000000001
-3536.9048950174374 0.15349999999999997 0.5054 0.34110000000000007
-3508.8676353823585 0.15349999999999997 0.5260999999999999 0.32040000000000013
-3481.575536454624 0.15349999999999997 0.5468 0.2997000000000001
-3451.7351874897226 0.15349999999999997 0.5674999999999999 0.27900000000000014
-3428.6951331119876 0.15349999999999997 0.5882 0.2583000000000001
-3404.4573438682423 0.15349999999999997 0.6089 0.23760000000000003
-3371.3737761211237 0.15349999999999997 0.6295999999999999 0.2169000000000001
-3340.7973284837276 0.15349999999999997 0.6502999999999999 0.19620000000000015
-3318.717918354787 0.15349999999999997 0.6709999999999999 0.1755000000000001
-3289.4036535221094 0.15349999999999997 0.6917 0.15480000000000005
-3262.7953809326073 0.15349999999999997 0.7123999999999999 0.1341000000000001
-3235.1132958326666 0.15349999999999997 0.7330999999999999 0.11340000000000017
-3204.1113835276224 0.15349999999999997 0.7537999999999999 0.09270000000000012
-3180.4194177783083 0.15349999999999997 0.7745 0.07200000000000006
-3150.0244565353178 0.15349999999999997 0.7951999999999999 0.05130000000000012
-3121.859892224197 0.15349999999999997 0.8158999999999998 0.030600000000000183
