-3389.5380384593245 0.05 0.05 0.8999999999999999
-3377.505440213195 0.05 0.0707 0.8793
-3365.1154473651686 0.05 0.0914 0.8585999999999999
-3352.5419927974294 0.05 0.11209999999999999 0.8379
-3340.0078853501423 0.05 0.13279999999999997 0.8171999999999999
-3327.853015932438 0.05 0.15349999999999997 0.7965
-3315.6336356678835 0.05 0.17419999999999997 0.7758
-3303.7724310777235 0.05 0.19489999999999996 0.7551
-3288.068795275725 0.05 0.21559999999999996 0.7343999999999999
-3271.6587655523454 0.05 0.23629999999999995 0.7137
-3255.663502771948 0.05 0.25699999999999995 0.6930000000000001
-3239.986923854013 0.05 0.27769999999999995 0.6723
-3224.356231993726 0.05 0.29839999999999994 0.6516
-3209.902350657419 0.05 0.31909999999999994 0.6309
-3193.775957049937 0.05 0.33979999999999994 0.6102000000000001
-3176.944230140391 0.05 0.36049999999999993 0.5895
-3160.9551663014895 0.05 0.38119999999999993 0.5688
-3145.882796759314 0.05 0.4018999999999999 0.5481
-3130.649949342947 0.05 0.4225999999999999 0.5274000000000001
-3113.2935007099977 0.05 0.4432999999999999 0.5067
-3095.490199019952 0.05 0.4639999999999999 0.48600000000000004
-3078.449928260495 0.05 0.4846999999999999 0.46530000000000005
-3059.2478826018582 0.05 0.5054 0.4446
-3041.4627089050855 0.05 0.5260999999999999 0.42390000000000005
-3022.260812598926 0.05 0.5468 0.4032
-3003.031171912596 0.05 0.5674999999999999 0.38250000000000006
-2983.655198276906 0.05 0.5882 0.3618
-2964.2507176037957 0.05 0.6089 0.34109999999999996
-2945.133851757505 0.05 0.6295999999999999 0.3204
-2925.5770089161283 0.05 0.6502999999999999 0.2997000000000001
-2905.73018957749 0.05 0.6709999999999999 0.279
-2888.160028940589 0.05 0.6917 0.2583
-2866.3138281702527 0.05 0.7123999999999999 0.23760000000000003
-2843.480110425287 0.05 0.7330999999999999 0.2169000000000001
-2818.525271509185 0.05 0.7537999999999999 0.19620000000000004
-2796.5001574646503 0.05 0.7745 0.1755
-2771.6588767561743 0.05 0.7951999999999999 0.15480000000000005
-2748.681353865148 0.05 0.8158999999999998 0.1341000000000001
-2725.001896609826 0.05 0.8365999999999999 0.11340000000000006
-2701.1394168112156 0.05 0.8573 0.0927
-2677.4921913966905 0.05 0.8779999999999999 0.07200000000000006
-2653.851747025169 0.05 0.8986999999999998 0.05130000000000012
-2629.814123025593 0.05 0.9193999999999999 0.03060000000000007
-3477.0842988394534 0.0707 0.05 0.8793
-3465.2051184272864 0.0707 0.0707 0.8586
-3453.0377032514652 0.0707 0.0914 0.8379
-3440.816228207349 0.0707 0.11209999999999999 0.8172
-3428.374787137993 0.0707 0.13279999999999997 0.7965
-3415.815007021267 0.0707 0.15349999999999997 0.7758
-3404.2540633295666 0.0707 0.17419999999999997 0.7551000000000001
-3387.0699492815634 0.0707 0.19489999999999996 0.7344
-3372.2161531036645 0.0707 0.21559999999999996 0.7137
-3356.070883370813 0.0707 0.23629999999999995 0.6930000000000001
-3340.7175471611877 0.0707 0.25699999999999995 0.6723000000000001
-3325.323094406714 0.0707 0.27769999999999995 0.6516000000000001
-3309.528907154189 0.0707 0.29839999999999994 0.6309
-3293.999014607627 0.0707 0.31909999999999994 0.6102000000000001
-3278.1704084649887 0.0707 0.33979999999999994 0.5895000000000001
-3262.7292251313875 0.0707 0.36049999999999993 0.5688000000000001
-3247.192403229384 0.0707 0.38119999999999993 0.5481
-3231.168201686787 0.0707 0.4018999999999999 0.5274000000000001
-3212.2779373994667 0.0707 0.4225999999999999 0.5067000000000002
-3199.4138512417258 0.0707 0.4432999999999999 0.4860000000000001
-3180.351484786571 0.0707 0.4639999999999999 0.4653000000000001
-3160.313055328942 0.0707 0.4846999999999999 0.4446000000000001
-3144.187942387054 0.0707 0.5054 0.42390000000000005
-3123.5696189098026 0.0707 0.5260999999999999 0.4032000000000001
-3105.5393721919227 0.0707 0.5468 0.38250000000000006
-3085.430106754122 0.0707 0.5674999999999999 0.3618000000000001
-3065.9181618582375 0.0707 0.5882 0.34110000000000007
-3046.9950558187843 0.0707 0.6089 0.3204
-3027.5274067444166 0.0707 0.6295999999999999 0.2997000000000001
-3008.09050264245 0.0707 0.6502999999999999 0.27900000000000014
-2990.8916868187353 0.0707 0.6709999999999999 0.2583000000000001
-2968.933958825829 0.0707 0.6917 0.23760000000000003
-2946.6820934455995 0.0707 0.7123999999999999 0.2169000000000001
-2923.356697971401 0.0707 0.7330999999999999 0.19620000000000015
-2899.7946819297554 0.0707 0.7537999999999999 0.1755000000000001
-2875.1571042218734 0.0707 0.7745 0.15480000000000005
-2852.0685724521322 0.0707 0.7951999999999999 0.1341000000000001
-2828.5936281294444 0.0707 0.8158999999999998 0.11340000000000017
-2804.3958247997743 0.0707 0.8365999999999999 0.09270000000000012
-2780.8735650885305 0.0707 0.8573 0.07200000000000006
-2757.1726490519695 0.0707 0.8779999999999999 0.05130000000000012
-2733.0987420399874 0.0707 0.8986999999999998 0.030600000000000183
-3566.9793979527485 0.0914 0.05 0.8585999999999999
-3555.0830815756594 0.0914 0.0707 0.8379
-3542.818088239906 0.0914 0.0914 0.8171999999999999
-3531.058044947295 0.0914 0.11209999999999999 0.7965
-3518.550333707485 0.0914 0.13279999999999997 0.7758
-3506.8846648439717 0.0914 0.15349999999999997 0.7551
-3491.750829611703 0.0914 0.17419999999999997 0.7343999999999999
-3475.155439059881 0.0914 0.19489999999999996 0.7137
-3458.365452418832 0.0914 0.21559999999999996 0.6930000000000001
-3442.4731926997883 0.0914 0.23629999999999995 0.6723
-3427.804939913423 0.0914 0.25699999999999995 0.6516
-3411.1806091336284 0.0914 0.27769999999999995 0.6309
-3396.6851674345603 0.0914 0.29839999999999994 0.6102000000000001
-3380.9455101938393 0.0914 0.31909999999999994 0.5895
-3365.347655473833 0.0914 0.33979999999999994 0.5688
-3349.824241667059 0.0914 0.36049999999999993 0.5481
-3333.9461126380183 0.0914 0.38119999999999993 0.5274000000000001
-3314.763173147873 0.0914 0.4018999999999999 0.5067
-3299.0324993201825 0.0914 0.4225999999999999 0.48600000000000004
-3285.6453487590165 0.0914 0.4432999999999999 0.46530000000000005
-3267.9058868361426 0.0914 0.4639999999999999 0.44460000000000005
-3248.918880303827 0.0914 0.4846999999999999 0.42390000000000005
-3229.3818001011573 0.0914 0.5054 0.4032
-3209.21505784401 0.0914 0.5260999999999999 0.38250000000000006
-3190.2818100083177 0.0914 0.5468 0.3618
-3170.5017590702614 0.0914 0.5674999999999999 0.34110000000000007
-3151.4339763547932 0.0914 0.5882 0.3204
-3132.797209592088 0.0914 0.6089 0.29969999999999997
-3113.4888784469053 0.0914 0.6295999999999999 0.279
-3092.9678465789275 0.0914 0.6502999999999999 0.2583000000000001
-3074.969047866906 0.0914 0.6709999999999999 0.23760000000000003
-3051.842098818991 0.0914 0.6917 0.21689999999999998
-3030.726847196026 0.0914 0.7123999999999999 0.19620000000000004
-3005.856362796076 0.0914 0.7330999999999999 0.1755000000000001
-2983.3428546359905 0.0914 0.7537999999999999 0.15480000000000005
-2959.289432077936 0.0914 0.7745 0.1341
-2935.5763999533224 0.0914 0.7951999999999999 0.11340000000000006
-2911.4768322255663 0.0914 0.8158999999999998 0.09270000000000012
-2888.050883369609 0.0914 0.8365999999999999 0.07200000000000006
-2864.410355237219 0.0914 0.8573 0.05130000000000001
-2840.107391007197 0.0914 0.8779999999999999 0.03060000000000007
