-4182.675408168413 0.23629999999999995 0.05 0.7137
-4168.525332726645 0.23629999999999995 0.0707 0.6930000000000001
-4154.152122955308 0.23629999999999995 0.0914 0.6723
-4138.439714442764 0.23629999999999995 0.11209999999999999 0.6516000000000001
-4121.444695191642 0.23629999999999995 0.13279999999999997 0.6309
-4109.6867529639785 0.23629999999999995 0.15349999999999997 0.6102000000000001
-4092.066804999954 0.23629999999999995 0.17419999999999997 0.5895000000000001
-4076.4767657587636 0.23629999999999995 0.19489999999999996 0.5688000000000001
-4060.874722468191 0.23629999999999995 0.21559999999999996 0.5481
-4043.5694422052516 0.23629999999999995 0.23629999999999995 0.5274000000000001
-4029.999929298311 0.23629999999999995 0.25699999999999995 0.5067000000000002
-4018.2530550947054 0.23629999999999995 0.27769999999999995 0.4860000000000001
-4003.411148873547 0.23629999999999995 0.29839999999999994 0.4653000000000001
-3988.6665887547015 0.23629999999999995 0.31909999999999994 0.4446000000000001
-3971.899555699799 0.23629999999999995 0.33979999999999994 0.4239000000000001
-3954.083897843139 0.23629999999999995 0.36049999999999993 0.4032000000000001
-3935.375596672884 0.23629999999999995 0.38119999999999993 0.3825000000000001
-3915.055532761725 0.23629999999999995 0.4018999999999999 0.3618000000000001
-3899.09669603875 0.23629999999999995 0.4225999999999999 0.3411000000000001
-3877.7988122286256 0.23629999999999995 0.4432999999999999 0.32040000000000013
-3860.282679317491 0.23629999999999995 0.4639999999999999 0.29970000000000013
-3841.282793845658 0.23629999999999995 0.4846999999999999 0.27900000000000014
-3822.4012921615613 0.23629999999999995 0.5054 0.2583000000000001
-3802.0374721550147 0.23629999999999995 0.5260999999999999 0.23760000000000014
-3783.7230062172357 0.23629999999999995 0.5468 0.2169000000000001
-3762.6476971051425 0.23629999999999995 0.5674999999999999 0.19620000000000015
-3742.8855858215297 0.23629999999999995 0.5882 0.1755000000000001
-3719.471046380115 0.23629999999999995 0.6089 0.15480000000000005
-3695.779023202818 0.23629999999999995 0.6295999999999999 0.1341000000000001
-3672.0707187575363 0.23629999999999995 0.6502999999999999 0.11340000000000017
-3648.0156944297783 0.23629999999999995 0.6709999999999999 0.09270000000000012
-3624.421484078233 0.23629999999999995 0.6917 0.07200000000000006
-3600.776717418309 0.23629999999999995 0.7123999999999999 0.05130000000000012
-3576.671723142516 0.23629999999999995 0.7330999999999999 0.030600000000000183
-4268.133329131912 0.25699999999999995 0.05 0.6930000000000001
-4254.260655550438 0.25699999999999995 0.0707 0.6723000000000001
-4237.171205200051 0.25699999999999995 0.0914 0.6516000000000001
-4223.513077040782 0.25699999999999995 0.11209999999999999 0.6309000000000001
-4211.3429441261915 0.25699999999999995 0.13279999999999997 0.6102000000000001
-4192.6020285539 0.25699999999999995 0.15349999999999997 0.5895000000000001
-4182.381700186651 0.25699999999999995 0.17419999999999997 0.5688000000000002
-4167.153530751908 0.25699999999999995 0.19489999999999996 0.5481000000000001
-4151.139731765791 0.25699999999999995 0.21559999999999996 0.5274000000000001
-4135.0999786138145 0.25699999999999995 0.23629999999999995 0.5067000000000002
-4119.731344882599 0.25699999999999995 0.25699999999999995 0.48600000000000015
-4104.917461558626 0.25699999999999995 0.27769999999999995 0.46530000000000016
-4089.0042981765832 0.25699999999999995 0.29839999999999994 0.44460000000000016
-4072.90239984206 0.25699999999999995 0.31909999999999994 0.42390000000000017
-4054.825833880387 0.25699999999999995 0.33979999999999994 0.40320000000000017
-4036.549236159287 0.25699999999999995 0.36049999999999993 0.3825000000000002
-4021.201131675279 0.25699999999999995 0.38119999999999993 0.3618000000000002
-3999.482330807844 0.25699999999999995 0.4018999999999999 0.3411000000000002
-3982.9059182557367 0.25699999999999995 0.4225999999999999 0.3204000000000002
-3963.30666459582 0.25699999999999995 0.4432999999999999 0.2997000000000002
-3944.276609006548 0.25699999999999995 0.4639999999999999 0.2790000000000002
-3925.1739222134856 0.25699999999999995 0.4846999999999999 0.2583000000000002
-3905.723207034435 0.25699999999999995 0.5054 0.23760000000000014
-3885.7952367527923 0.25699999999999995 0.5260999999999999 0.2169000000000002
-3867.278576090539 0.25699999999999995 0.5468 0.19620000000000015
-3846.761096757397 0.25699999999999995 0.5674999999999999 0.1755000000000002
-3824.1238430303188 0.25699999999999995 0.5882 0.15480000000000016
-3799.9446343052155 0.25699999999999995 0.6089 0.1341000000000001
-3776.566249493421 0.25699999999999995 0.6295999999999999 0.11340000000000017
-3752.4743725734056 0.25699999999999995 0.6502999999999999 0.09270000000000023
-3728.422887116051 0.25699999999999995 0.6709999999999999 0.07200000000000017
-3705.1622360663578 0.25699999999999995 0.6917 0.05130000000000012
-3680.8938625085566 0.25699999999999995 0.7123999999999999 0.030600000000000183
-4349.884678128871 0.27769999999999995 0.05 0.6723
-4339.308677273625 0.27769999999999995 0.0707 0.6516000000000001
-4324.019788891597 0.27769999999999995 0.0914 0.6309
-4311.968299418405 0.27769999999999995 0.11209999999999999 0.6102000000000001
-4297.553433624038 0.27769999999999995 0.13279999999999997 0.5895000000000001
-4282.875450280367 0.27769999999999995 0.15349999999999997 0.5688000000000001
-4262.256180057273 0.27769999999999995 0.17419999999999997 0.5481
-4251.625116430009 0.27769999999999995 0.19489999999999996 0.5274000000000001
-4231.28042393444 0.27769999999999995 0.21559999999999996 0.5067000000000002
-4221.882335885406 0.27769999999999995 0.23629999999999995 0.4860000000000001
-4206.178185136183 0.27769999999999995 0.25699999999999995 0.4653000000000001
-4188.568247828803 0.27769999999999995 0.27769999999999995 0.4446000000000001
-4175.7737105290635 0.27769999999999995 0.29839999999999994 0.4239000000000001
-4157.110937827744 0.27769999999999995 0.31909999999999994 0.4032000000000001
-4140.077472958634 0.27769999999999995 0.33979999999999994 0.3825000000000001
-4124.684281622897 0.27769999999999995 0.36049999999999993 0.3618000000000001
-4104.140613513526 0.27769999999999995 0.38119999999999993 0.3411000000000001
-4086.271201268306 0.27769999999999995 0.4018999999999999 0.32040000000000013
-4066.173570498208 0.27769999999999995 0.4225999999999999 0.29970000000000013
-4047.405958067243 0.27769999999999995 0.4432999999999999 0.27900000000000014
-4028.5632327296257 0.27769999999999995 0.4639999999999999 0.25830000000000014
-4008.4922214636335 0.27769999999999995 0.4846999999999999 0.23760000000000014
-3989.404787512574 0.27769999999999995 0.5054 0.2169000000000001
-3970.325463874006 0.27769999999999995 0.5260999999999999 0.19620000000000015
-3948.078221647234 0.27769999999999995 0.5468 0.1755000000000001
-3927.623036982992 0.27769999999999995 0.5674999999999999 0.15480000000000016
-3902.7342864067728 0.27769999999999995 0.5882 0.1341000000000001
-3880.1401543700317 0.27769999999999995 0.6089 0.11340000000000006
-3855.958133397137 0.27769999999999995 0.6295999999999999 0.09270000000000012
-3832.5487867771703 0.27769999999999995 0.6502999999999999 0.07200000000000017
-3808.705128374395 0.27769999999999995 0.6709999999999999 0.05130000000000012
-3784.5521102387124 0.27769999999999995 0.6917 0.03060000000000007
