-5750.388763887085 0.6089 0.05 0.3411
-5731.581260463931 0.6089 0.0707 0.3204
-5716.052992193506 0.6089 0.0914 0.2997
-5700.252476163905 0.6089 0.11209999999999999 0.279
-5682.349106822074 0.6089 0.13279999999999997 0.25830000000000003
-5668.768031657114 0.6089 0.15349999999999997 0.23760000000000003
-5654.271109517346 0.6089 0.17419999999999997 0.21690000000000004
-5636.202686943401 0.6089 0.19489999999999996 0.19620000000000004
-5616.338033780412 0.6089 0.21559999999999996 0.17550000000000004
-5595.868884628222 0.6089 0.23629999999999995 0.15480000000000005
-5578.915387326459 0.6089 0.25699999999999995 0.13410000000000005
-5559.51161105352 0.6089 0.27769999999999995 0.11340000000000006
-5539.553293709444 0.6089 0.29839999999999994 0.09270000000000006
-5517.116920023056 0.6089 0.31909999999999994 0.07200000000000006
-5490.861513941826 0.6089 0.33979999999999994 0.05130000000000007
-5469.283111440113 0.6089 0.36049999999999993 0.03060000000000007
-5834.378800664299 0.6295999999999999 0.05 0.3204000000000001
-5820.776387429712 0.6295999999999999 0.0707 0.2997000000000001
-5801.667662013925 0.6295999999999999 0.0914 0.2790000000000001
-5786.204143147997 0.6295999999999999 0.11209999999999999 0.2583000000000001
-5769.890549701699 0.6295999999999999 0.13279999999999997 0.2376000000000001
-5756.012052056569 0.6295999999999999 0.15349999999999997 0.2169000000000001
-5741.186688117215 0.6295999999999999 0.17419999999999997 0.1962000000000001
-5720.263293694788 0.6295999999999999 0.19489999999999996 0.1755000000000001
-5701.192341640794 0.6295999999999999 0.21559999999999996 0.1548000000000001
-5682.189861372431 0.6295999999999999 0.23629999999999995 0.1341000000000001
-5662.867691575928 0.6295999999999999 0.25699999999999995 0.11340000000000011
-5645.601332029079 0.6295999999999999 0.27769999999999995 0.09270000000000012
-5620.751327984108 0.6295999999999999 0.29839999999999994 0.07200000000000012
-5597.430827896405 0.6295999999999999 0.31909999999999994 0.05130000000000012
-5573.303842026187 0.6295999999999999 0.33979999999999994 0.030600000000000127
-5923.625617350667 0.6502999999999999 0.05 0.29970000000000013
-5908.044448161683 0.6502999999999999 0.0707 0.27900000000000014
-5888.3693343709165 0.6502999999999999 0.0914 0.25830000000000014
-5874.216548910708 0.6502999999999999 0.11209999999999999 0.23760000000000014
-5855.9170025871335 0.6502999999999999 0.13279999999999997 0.21690000000000015
-5843.099050188094 0.6502999999999999 0.15349999999999997 0.19620000000000015
-5825.877884135175 0.6502999999999999 0.17419999999999997 0.17550000000000016
-5804.404772471364 0.6502999999999999 0.19489999999999996 0.15480000000000016
-5786.7776975967945 0.6502999999999999 0.21559999999999996 0.13410000000000016
-5765.727703412098 0.6502999999999999 0.23629999999999995 0.11340000000000017
-5749.309464298112 0.6502999999999999 0.25699999999999995 0.09270000000000017
-5727.572852952015 0.6502999999999999 0.27769999999999995 0.07200000000000017
-5701.968441149884 0.6502999999999999 0.29839999999999994 0.05130000000000018
-5680.727583662779 0.6502999999999999 0.31909999999999994 0.030600000000000183
