-3654.783027398588 0.11209999999999999 0.05 0.8379
-3642.8560650661484 0.11209999999999999 0.0707 0.8172
-3630.6675983271984 0.11209999999999999 0.0914 0.7965
-3617.198544018017 0.11209999999999999 0.11209999999999999 0.7758
-3607.344711718903 0.11209999999999999 0.13279999999999997 0.7551000000000001
-3592.032541782548 0.11209999999999999 0.15349999999999997 0.7344
-3574.963001238274 0.11209999999999999 0.17419999999999997 0.7137
-3559.5931843420685 0.11209999999999999 0.19489999999999996 0.6930000000000001
-3543.8441254650083 0.11209999999999999 0.21559999999999996 0.6723000000000001
-3527.1611635542395 0.11209999999999999 0.23629999999999995 0.6516000000000001
-3513.0416107850633 0.11209999999999999 0.25699999999999995 0.6309
-3495.186781530375 0.11209999999999999 0.27769999999999995 0.6102000000000001
-3480.488943098879 0.11209999999999999 0.29839999999999994 0.5895000000000001
-3466.069594826669 0.11209999999999999 0.31909999999999994 0.5688000000000001
-3450.2473871550687 0.11209999999999999 0.33979999999999994 0.5481
-3433.654661644551 0.11209999999999999 0.36049999999999993 0.5274000000000001
-3417.359974164706 0.11209999999999999 0.38119999999999993 0.5067000000000002
-3403.9083320221853 0.11209999999999999 0.4018999999999999 0.4860000000000001
-3387.4475197525126 0.11209999999999999 0.4225999999999999 0.4653000000000001
-3369.9371214993694 0.11209999999999999 0.4432999999999999 0.4446000000000001
-3352.113590209976 0.11209999999999999 0.4639999999999999 0.4239000000000001
-3332.4046765356334 0.11209999999999999 0.4846999999999999 0.4032000000000001
-3313.4372187664344 0.11209999999999999 0.5054 0.38250000000000006
-3293.00455736491 0.11209999999999999 0.5260999999999999 0.3618000000000001
-3274.549502009941 0.11209999999999999 0.5468 0.34110000000000007
-3255.6304258055225 0.11209999999999999 0.5674999999999999 0.32040000000000013
-3234.9612034385423 0.11209999999999999 0.5882 0.2997000000000001
-3216.969900641274 0.11209999999999999 0.6089 0.279
-3195.886523003852 0.11209999999999999 0.6295999999999999 0.2583000000000001
-3174.2556209507893 0.11209999999999999 0.6502999999999999 0.23760000000000014
-3155.467665963089 0.11209999999999999 0.6709999999999999 0.2169000000000001
-3134.2541153172738 0.11209999999999999 0.6917 0.19620000000000004
-3111.043174363902 0.11209999999999999 0.7123999999999999 0.1755000000000001
-3087.4126880652852 0.11209999999999999 0.7330999999999999 0.15480000000000016
-3063.117930807777 0.11209999999999999 0.7537999999999999 0.1341000000000001
-3039.6904292251184 0.11209999999999999 0.7745 0.11340000000000006
-3015.2991489162514 0.11209999999999999 0.7951999999999999 0.09270000000000012
-2991.9243289659594 0.11209999999999999 0.8158999999999998 0.07200000000000017
-2968.418130170255 0.11209999999999999 0.8365999999999999 0.05130000000000012
-2944.1026008107783 0.11209999999999999 0.8573 0.03060000000000007
-3744.2783480750863 0.13279999999999997 0.05 0.8171999999999999
-3731.037626200732 0.13279999999999997 0.0707 0.7965
-3720.3278220062753 0.13279999999999997 0.0914 0.7757999999999999
-3709.617335775329 0.13279999999999997 0.11209999999999999 0.7551
-3693.78826435218 0.13279999999999997 0.13279999999999997 0.7343999999999999
-3676.746773477068 0.13279999999999997 0.15349999999999997 0.7137
-3662.0891983213805 0.13279999999999997 0.17419999999999997 0.6930000000000001
-3646.666056791541 0.13279999999999997 0.19489999999999996 0.6723
-3631.3321827586738 0.13279999999999997 0.21559999999999996 0.6516
-3615.4376090349897 0.13279999999999997 0.23629999999999995 0.6309
-3600.048471491117 0.13279999999999997 0.25699999999999995 0.6102000000000001
-3584.8757721182187 0.13279999999999997 0.27769999999999995 0.5895
-3568.950713829812 0.13279999999999997 0.29839999999999994 0.5688
-3552.1568517030432 0.13279999999999997 0.31909999999999994 0.5481
-3536.335147654731 0.13279999999999997 0.33979999999999994 0.5274000000000001
-3520.1019671788204 0.13279999999999997 0.36049999999999993 0.5067
-3502.261340671709 0.13279999999999997 0.38119999999999993 0.48600000000000004
-3492.1250347813902 0.13279999999999997 0.4018999999999999 0.46530000000000005
-3475.1022900564453 0.13279999999999997 0.4225999999999999 0.44460000000000005
-3455.068041576136 0.13279999999999997 0.4432999999999999 0.42390000000000005
-3436.6746239035706 0.13279999999999997 0.4639999999999999 0.40320000000000006
-3417.7719627537685 0.13279999999999997 0.4846999999999999 0.38250000000000006
-3398.611953281534 0.13279999999999997 0.5054 0.3618
-3378.075204517219 0.13279999999999997 0.5260999999999999 0.34110000000000007
-3359.0164361880456 0.13279999999999997 0.5468 0.3204
-3339.3858179290783 0.13279999999999997 0.5674999999999999 0.2997000000000001
-3320.620805323356 0.13279999999999997 0.5882 0.279
-3303.0249536372567 0.13279999999999997 0.6089 0.2583
-3280.757370140813 0.13279999999999997 0.6295999999999999 0.23760000000000003
-3261.3180598375257 0.13279999999999997 0.6502999999999999 0.2169000000000001
-3238.956401006169 0.13279999999999997 0.6709999999999999 0.19620000000000004
-3217.3989156165667 0.13279999999999997 0.6917 0.1755
-3192.781153079583 0.13279999999999997 0.7123999999999999 0.15480000000000005
-3169.837145877472 0.13279999999999997 0.7330999999999999 0.1341000000000001
-3145.8967227608887 0.13279999999999997 0.7537999999999999 0.11340000000000006
-3122.0422693566206 0.13279999999999997 0.7745 0.0927
-3098.417847002977 0.13279999999999997 0.7951999999999999 0.07200000000000006
-3074.9543630749554 0.13279999999999997 0.8158999999999998 0.05130000000000012
-3050.834280765414 0.13279999999999997 0.8365999999999999 0.03060000000000007
-3830.330565118821 0.15349999999999997 0.05 0.7965
-3820.1198221801988 0.15349999999999997 0.0707 0.7758
-3809.1434290283387 0.15349999999999997 0.0914 0.7551
-3791.961226079711 0.15349999999999997 0.11209999999999999 0.7344
-3777.450746335361 0.15349999999999997 0.13279999999999997 0.7137
-3761.7002083956486 0.15349999999999997 0.15349999999999997 0.6930000000000001
-3747.72682377491 0.15349999999999997 0.17419999999999997 0.6723000000000001
-3730.4158059677275 0.15349999999999997 0.19489999999999996 0.6516000000000001
-3715.089874351249 0.15349999999999997 0.21559999999999996 0.6309
-3700.717927744793 0.15349999999999997 0.23629999999999995 0.6102000000000001
-3685.3653992799777 0.15349999999999997 0.25699999999999995 0.5895000000000001
-3669.912855799104 0.15349999999999997 0.27769999999999995 0.5688000000000001
-3652.7722140781907 0.15349999999999997 0.29839999999999994 0.5481
-3635.6894549553094 0.15349999999999997 0.31909999999999994 0.5274000000000001
-3623.40259964544 0.15349999999999997 0.33979999999999994 0.5067000000000002
-3603.0475254953235 0.15349999999999997 0.36049999999999993 0.4860000000000001
-3592.9681251665756 0.15349999999999997 0.38119999999999993 0.4653000000000001
-3576.015538224116 0.15349999999999997 0.4018999999999999 0.4446000000000001
-3559.1403827636186 0.15349999999999997 0.4225999999999999 0.4239000000000001
-3539.65718452722 0.15349999999999997 0.4432999999999999 0.4032000000000001
-3520.534752420029 0.15349999999999997 0.4639999999999999 0.3825000000000001
-3501.2685464061183 0.15349999999999997 0.4846999999999999 0.3618000000000001
-3481.0099082565584 0.15349999999999997 0.5054 0.34110000000000007
-3462.538689834913 0.15349999999999997 0.5260999999999999 0.32040000000000013
-3442.6331066250627 0.15349999999999997 0.5468 0.2997000000000001
-3424.1331874149173 0.15349999999999997 0.5674999999999999 0.27900000000000014
-3405.858494682097 0.15349999999999997 0.5882 0.2583000000000001
-3385.803370144488 0.15349999999999997 0.6089 0.23760000000000003
-3366.8936819557525 0.15349999999999997 0.6295999999999999 0.2169000000000001
-3345.317655537656 0.15349999999999997 0.6502999999999999 0.19620000000000015
-3322.036431005164 0.15349999999999997 0.6709999999999999 0.1755000000000001
-3298.609850410517 0.15349999999999997 0.6917 0.15480000000000005
-3274.175618265571 0.15349999999999997 0.7123999999999999 0.1341000000000001
-3251.113225214723 0.15349999999999997 0.7330999999999999 0.11340000000000017
-3226.8755103225126 0.15349999999999997 0.7537999999999999 0.09270000000000012
-3202.9214378618026 0.15349999999999997 0.7745 0.07200000000000006
-3179.3254953799997 0.15349999999999997 0.7951999999999999 0.05130000000000012
-3155.4245503208895 0.15349999999999997 0.8158999999999998 0.030600000000000183
