-3745.9501993114495 0.11209999999999999 0.05 0.8379
-3767.184737797611 0.11209999999999999 0.0707 0.8172
-3789.4235777087606 0.11209999999999999 0.0914 0.7965
-3810.4658306016363 0.11209999999999999 0.11209999999999999 0.7758
-3832.0168418998023 0.11209999999999999 0.13279999999999997 0.7551000000000001
-3853.0573671788516 0.11209999999999999 0.15349999999999997 0.7344
-3873.3960694766306 0.11209999999999999 0.17419999999999997 0.7137
-3894.210165952058 0.11209999999999999 0.19489999999999996 0.6930000000000001
-3912.340995430773 0.11209999999999999 0.21559999999999996 0.6723000000000001
-3927.099995337501 0.11209999999999999 0.23629999999999995 0.6516000000000001
-3934.4244286997136 0.11209999999999999 0.25699999999999995 0.6309
-3936.4593927234846 0.11209999999999999 0.27769999999999995 0.6102000000000001
-3937.2400725162133 0.11209999999999999 0.29839999999999994 0.5895000000000001
-3935.0132783329987 0.11209999999999999 0.31909999999999994 0.5688000000000001
-3931.9801360463925 0.11209999999999999 0.33979999999999994 0.5481
-3928.2451364634385 0.11209999999999999 0.36049999999999993 0.5274000000000001
-3922.807050939017 0.11209999999999999 0.38119999999999993 0.5067000000000002
-3911.839101858305 0.11209999999999999 0.4018999999999999 0.4860000000000001
-3895.2802402426596 0.11209999999999999 0.4225999999999999 0.4653000000000001
-3878.415451794666 0.11209999999999999 0.4432999999999999 0.4446000000000001
-3861.8111246581648 0.11209999999999999 0.4639999999999999 0.4239000000000001
-3842.8886597711708 0.11209999999999999 0.4846999999999999 0.4032000000000001
-3824.862971607613 0.11209999999999999 0.5054 0.38250000000000006
-3802.2807409166176 0.11209999999999999 0.5260999999999999 0.3618000000000001
-3780.4601558486634 0.11209999999999999 0.5468 0.34110000000000007
-3753.4604984316993 0.11209999999999999 0.5674999999999999 0.32040000000000013
-3719.0152772077804 0.11209999999999999 0.5882 0.2997000000000001
-3687.2786235181998 0.11209999999999999 0.6089 0.279
-3652.909825226009 0.11209999999999999 0.6295999999999999 0.2583000000000001
-3617.782275444126 0.11209999999999999 0.6502999999999999 0.23760000000000014
-3578.0504495243927 0.11209999999999999 0.6709999999999999 0.2169000000000001
-3533.3599651092127 0.11209999999999999 0.6917 0.19620000000000004
-3487.7725352185744 0.11209999999999999 0.7123999999999999 0.1755000000000001
-3436.726575212071 0.11209999999999999 0.7330999999999999 0.15480000000000016
-3380.241412906277 0.11209999999999999 0.7537999999999999 0.1341000000000001
-3324.2854975821283 0.11209999999999999 0.7745 0.11340000000000006
-3266.007342769492 0.11209999999999999 0.7951999999999999 0.09270000000000012
-3208.973349920622 0.11209999999999999 0.8158999999999998 0.07200000000000017
-3150.9020205146885 0.11209999999999999 0.8365999999999999 0.05130000000000012
-3091.216244801477 0.11209999999999999 0.8573 0.03060000000000007
-3836.171257724187 0.13279999999999997 0.05 0.8171999999999999
-3857.610011108896 0.13279999999999997 0.0707 0.7965
-3879.596088568396 0.13279999999999997 0.0914 0.7757999999999999
-3900.3267250161475 0.13279999999999997 0.11209999999999999 0.7551
-3922.208916330957 0.13279999999999997 0.13279999999999997 0.7343999999999999
-3942.6002138127183 0.13279999999999997 0.15349999999999997 0.7137
-3962.9323622028323 0.13279999999999997 0.17419999999999997 0.6930000000000001
-3981.335683397413 0.13279999999999997 0.19489999999999996 0.6723
-3998.3376941981282 0.13279999999999997 0.21559999999999996 0.6516
-4010.939703111756 0.13279999999999997 0.23629999999999995 0.6309
-4015.438085572337 0.13279999999999997 0.25699999999999995 0.6102000000000001
-4018.4765057268955 0.13279999999999997 0.27769999999999995 0.5895
-4017.4619513955427 0.13279999999999997 0.29839999999999994 0.5688
-4014.7032766063394 0.13279999999999997 0.31909999999999994 0.5481
-4012.636832163853 0.13279999999999997 0.33979999999999994 0.5274000000000001
-4008.2268261094073 0.13279999999999997 0.36049999999999993 0.5067
-3997.1913145832286 0.13279999999999997 0.38119999999999993 0.48600000000000004
-3988.079317994224 0.13279999999999997 0.4018999999999999 0.46530000000000005
-3973.284782585009 0.13279999999999997 0.4225999999999999 0.44460000000000005
-3954.817138376175 0.13279999999999997 0.4432999999999999 0.42390000000000005
-3937.307390141596 0.13279999999999997 0.4639999999999999 0.40320000000000006
-3918.1084588781687 0.13279999999999997 0.4846999999999999 0.38250000000000006
-3897.7598203352313 0.13279999999999997 0.5054 0.3618
-3876.4901126716445 0.13279999999999997 0.5260999999999999 0.34110000000000007
-3851.4676585583256 0.13279999999999997 0.5468 0.3204
-3821.7999448855935 0.13279999999999997 0.5674999999999999 0.2997000000000001
-3791.4939354336702 0.13279999999999997 0.5882 0.279
-3757.25135342289 0.13279999999999997 0.6089 0.2583
-3722.712263397659 0.13279999999999997 0.6295999999999999 0.23760000000000003
-3686.2073606497756 0.13279999999999997 0.6502999999999999 0.2169000000000001
-3643.6003450441935 0.13279999999999997 0.6709999999999999 0.19620000000000004
-3598.935104343134 0.13279999999999997 0.6917 0.1755
-3553.4212846695373 0.13279999999999997 0.7123999999999999 0.15480000000000005
-3500.647451669748 0.13279999999999997 0.7330999999999999 0.1341000000000001
-3445.640267318614 0.13279999999999997 0.7537999999999999 0.11340000000000006
-3388.7446033143356 0.13279999999999997 0.7745 0.0927
-3330.8760009214147 0.13279999999999997 0.7951999999999999 0.07200000000000006
-3273.790345243862 0.13279999999999997 0.8158999999999998 0.05130000000000012
-3214.5326691784257 0.13279999999999997 0.8365999999999999 0.03060000000000007
-3924.612179006694 0.15349999999999997 0.05 0.7965
-3945.39181213647 0.15349999999999997 0.0707 0.7758
-3966.914623078946 0.15349999999999997 0.0914 0.7551
-3987.824602567179 0.15349999999999997 0.11209999999999999 0.7344
-4009.89808114278 0.15349999999999997 0.13279999999999997 0.7137
-4029.4115884487746 0.15349999999999997 0.15349999999999997 0.6930000000000001
-4049.5894080684025 0.15349999999999997 0.17419999999999997 0.6723000000000001
-4067.38599283021 0.15349999999999997 0.19489999999999996 0.6516000000000001
-4082.3770299446787 0.15349999999999997 0.21559999999999996 0.6309
-4091.706937360229 0.15349999999999997 0.23629999999999995 0.6102000000000001
-4096.0048912081265 0.15349999999999997 0.25699999999999995 0.5895000000000001
-4097.791618285356 0.15349999999999997 0.27769999999999995 0.5688000000000001
-4096.738280802094 0.15349999999999997 0.29839999999999994 0.5481
-4092.6851554402806 0.15349999999999997 0.31909999999999994 0.5274000000000001
-4088.250516672337 0.15349999999999997 0.33979999999999994 0.5067000000000002
-4080.872141925975 0.15349999999999997 0.36049999999999993 0.4860000000000001
-4073.772192425747 0.15349999999999997 0.38119999999999993 0.4653000000000001
-4064.008237836644 0.15349999999999997 0.4018999999999999 0.4446000000000001
-4047.8198218108296 0.15349999999999997 0.4225999999999999 0.4239000000000001
-4029.2199466752622 0.15349999999999997 0.4432999999999999 0.4032000000000001
-4011.0085142444455 0.15349999999999997 0.4639999999999999 0.3825000000000001
-3991.154235167929 0.15349999999999997 0.4846999999999999 0.3618000000000001
-3970.4442275337983 0.15349999999999997 0.5054 0.34110000000000007
-3945.9173253437675 0.15349999999999997 0.5260999999999999 0.32040000000000013
-3918.8858428956655 0.15349999999999997 0.5468 0.2997000000000001
-3890.991191983094 0.15349999999999997 0.5674999999999999 0.27900000000000014
-3859.8540959565116 0.15349999999999997 0.5882 0.2583000000000001
-3823.061847417304 0.15349999999999997 0.6089 0.23760000000000003
-3789.0587904090567 0.15349999999999997 0.6295999999999999 0.2169000000000001
-3749.706415123697 0.15349999999999997 0.6502999999999999 0.19620000000000015
-3707.26717352679 0.15349999999999997 0.6709999999999999 0.1755000000000001
-3662.59599929992 0.15349999999999997 0.6917 0.15480000000000005
-3615.371211050462 0.15349999999999997 0.7123999999999999 0.1341000000000001
-3563.4437259632427 0.15349999999999997 0.7330999999999999 0.11340000000000017
-3507.0861472698703 0.15349999999999997 0.7537999999999999 0.09270000000000012
-3450.2914182992304 0.15349999999999997 0.7745 0.07200000000000006
-3394.275588284652 0.15349999999999997 0.7951999999999999 0.05130000000000012
-3335.150597643998 0.15349999999999997 0.8158999999999998 0.030600000000000183
