-5845.77530871052 0.6089 0.05 0.3411
-5859.5949225159 0.6089 0.0707 0.3204
-5871.995077124343 0.6089 0.0914 0.2997
-5880.543795013536 0.6089 0.11209999999999999 0.279
-5879.998855095626 0.6089 0.13279999999999997 0.25830000000000003
-5877.100774588937 0.6089 0.15349999999999997 0.23760000000000003
-5870.388033505053 0.6089 0.17419999999999997 0.21690000000000004
-5860.1633219554615 0.6089 0.19489999999999996 0.19620000000000004
-5849.402758079329 0.6089 0.21559999999999996 0.17550000000000004
-5834.9904063762 0.6089 0.23629999999999995 0.15480000000000005
-5823.39791070236 0.6089 0.25699999999999995 0.13410000000000005
-5812.240602803581 0.6089 0.27769999999999995 0.11340000000000006
-5794.442126850644 0.6089 0.29839999999999994 0.09270000000000006
-5775.0132643460365 0.6089 0.31909999999999994 0.07200000000000006
-5749.321687989159 0.6089 0.33979999999999994 0.05130000000000007
-5728.611073558862 0.6089 0.36049999999999993 0.03060000000000007
-5930.894244873766 0.6295999999999999 0.05 0.3204000000000001
-5945.82896589359 0.6295999999999999 0.0707 0.2997000000000001
-5955.667009032565 0.6295999999999999 0.0914 0.2790000000000001
-5961.537735922168 0.6295999999999999 0.11209999999999999 0.2583000000000001
-5960.744513334565 0.6295999999999999 0.13279999999999997 0.2376000000000001
-5956.256133944506 0.6295999999999999 0.15349999999999997 0.2169000000000001
-5949.157412160359 0.6295999999999999 0.17419999999999997 0.1962000000000001
-5937.351691839898 0.6295999999999999 0.19489999999999996 0.1755000000000001
-5924.905270582436 0.6295999999999999 0.21559999999999996 0.1548000000000001
-5913.945643062469 0.6295999999999999 0.23629999999999995 0.1341000000000001
-5900.715450082753 0.6295999999999999 0.25699999999999995 0.11340000000000011
-5889.7997807955935 0.6295999999999999 0.27769999999999995 0.09270000000000012
-5869.507007304163 0.6295999999999999 0.29839999999999994 0.07200000000000012
-5847.580988546464 0.6295999999999999 0.31909999999999994 0.05130000000000012
-5825.330503379312 0.6295999999999999 0.33979999999999994 0.030600000000000127
-6016.946021512106 0.6502999999999999 0.05 0.29970000000000013
-6029.66188018614 0.6502999999999999 0.0707 0.27900000000000014
-6038.314382329253 0.6502999999999999 0.0914 0.25830000000000014
-6045.098274469626 0.6502999999999999 0.11209999999999999 0.23760000000000014
-6041.115034970458 0.6502999999999999 0.13279999999999997 0.21690000000000015
-6036.157377133814 0.6502999999999999 0.15349999999999997 0.19620000000000015
-6026.504882794868 0.6502999999999999 0.17419999999999997 0.17550000000000016
-6013.032332446687 0.6502999999999999 0.19489999999999996 0.15480000000000016
-6004.333709184697 0.6502999999999999 0.21559999999999996 0.13410000000000016
-5988.2822810357475 0.6502999999999999 0.23629999999999995 0.11340000000000017
-5978.238932477121 0.6502999999999999 0.25699999999999995 0.09270000000000017
-5964.206375015047 0.6502999999999999 0.27769999999999995 0.07200000000000017
-5943.5576235424805 0.6502999999999999 0.29839999999999994 0.05130000000000018
-5924.100922409684 0.6502999999999999 0.31909999999999994 0.030600000000000183
