-5329.561475818534 0.4846999999999999 0.05 0.4653000000000001
-5348.1658511369005 0.4846999999999999 0.0707 0.4446000000000001
-5361.107122573372 0.4846999999999999 0.0914 0.4239000000000001
-5375.897886819903 0.4846999999999999 0.11209999999999999 0.4032000000000001
-5385.985373380155 0.4846999999999999 0.13279999999999997 0.3825000000000001
-5392.340127808057 0.4846999999999999 0.15349999999999997 0.3618000000000001
-5394.142649592779 0.4846999999999999 0.17419999999999997 0.3411000000000001
-5387.424507065488 0.4846999999999999 0.19489999999999996 0.32040000000000013
-5383.738228092218 0.4846999999999999 0.21559999999999996 0.29970000000000013
-5372.573336294012 0.4846999999999999 0.23629999999999995 0.27900000000000014
-5360.96071164942 0.4846999999999999 0.25699999999999995 0.25830000000000014
-5351.980501946587 0.4846999999999999 0.27769999999999995 0.23760000000000014
-5338.2891934976105 0.4846999999999999 0.29839999999999994 0.21690000000000015
-5326.484054421531 0.4846999999999999 0.31909999999999994 0.19620000000000015
-5307.920493921742 0.4846999999999999 0.33979999999999994 0.17550000000000016
-5288.281694201074 0.4846999999999999 0.36049999999999993 0.15480000000000016
-5267.824371155791 0.4846999999999999 0.38119999999999993 0.13410000000000016
-5241.846020253307 0.4846999999999999 0.4018999999999999 0.11340000000000017
-5217.821692735521 0.4846999999999999 0.4225999999999999 0.09270000000000017
-5187.363717738741 0.4846999999999999 0.4432999999999999 0.07200000000000017
-5156.249158336864 0.4846999999999999 0.4639999999999999 0.05130000000000018
-5124.250111775595 0.4846999999999999 0.4846999999999999 0.030600000000000183
-5416.982061655146 0.5054 0.05 0.44460000000000005
-5432.716167754613 0.5054 0.0707 0.42390000000000005
-5447.716882962719 0.5054 0.0914 0.40320000000000006
-5460.338294311627 0.5054 0.11209999999999999 0.38250000000000006
-5469.696839187628 0.5054 0.13279999999999997 0.36180000000000007
-5474.894098510128 0.5054 0.15349999999999997 0.34110000000000007
-5473.766868006596 0.5054 0.17419999999999997 0.3204000000000001
-5469.728971885275 0.5054 0.19489999999999996 0.2997000000000001
-5461.1557086556395 0.5054 0.21559999999999996 0.2790000000000001
-5450.1501559703165 0.5054 0.23629999999999995 0.2583000000000001
-5441.667379490739 0.5054 0.25699999999999995 0.2376000000000001
-5428.747065927423 0.5054 0.27769999999999995 0.2169000000000001
-5415.434793919406 0.5054 0.29839999999999994 0.1962000000000001
-5400.534583975494 0.5054 0.31909999999999994 0.1755000000000001
-5382.060919620412 0.5054 0.33979999999999994 0.1548000000000001
-5362.561662494244 0.5054 0.36049999999999993 0.1341000000000001
-5340.773561517227 0.5054 0.38119999999999993 0.11340000000000011
-5316.05457257376 0.5054 0.4018999999999999 0.09270000000000012
-5288.875274392486 0.5054 0.4225999999999999 0.07200000000000012
-5256.862986118138 0.5054 0.4432999999999999 0.05130000000000012
-5226.786947604728 0.5054 0.4639999999999999 0.030600000000000127
-5502.237902226454 0.5260999999999999 0.05 0.4239000000000001
-5519.412462093822 0.5260999999999999 0.0707 0.4032000000000001
-5532.29378238421 0.5260999999999999 0.0914 0.3825000000000001
-5544.443177063515 0.5260999999999999 0.11209999999999999 0.3618000000000001
-5553.846018334831 0.5260999999999999 0.13279999999999997 0.3411000000000001
-5555.505203230365 0.5260999999999999 0.15349999999999997 0.32040000000000013
-5554.563524548286 0.5260999999999999 0.17419999999999997 0.29970000000000013
-5546.966843268618 0.5260999999999999 0.19489999999999996 0.27900000000000014
-5537.987237701257 0.5260999999999999 0.21559999999999996 0.25830000000000014
-5528.87413189454 0.5260999999999999 0.23629999999999995 0.23760000000000014
-5515.838795869326 0.5260999999999999 0.25699999999999995 0.21690000000000015
-5506.667734528116 0.5260999999999999 0.27769999999999995 0.19620000000000015
-5491.178934826432 0.5260999999999999 0.29839999999999994 0.17550000000000016
-5476.1020583684285 0.5260999999999999 0.31909999999999994 0.15480000000000016
-5457.1954941666945 0.5260999999999999 0.33979999999999994 0.13410000000000016
-5437.242325367082 0.5260999999999999 0.36049999999999993 0.11340000000000017
-5413.553166283174 0.5260999999999999 0.38119999999999993 0.09270000000000017
-5385.589439609308 0.5260999999999999 0.4018999999999999 0.07200000000000017
-5359.054881552934 0.5260999999999999 0.4225999999999999 0.05130000000000018
-5327.778400803397 0.5260999999999999 0.4432999999999999 0.030600000000000183
