-3390.186459809843 0.05 0.05 0.8999999999999999
-3378.342372367501 0.05 0.0707 0.8793
-3365.936628046193 0.05 0.0914 0.8585999999999999
-3353.643271663834 0.05 0.11209999999999999 0.8379
-3340.664009936331 0.05 0.13279999999999997 0.8171999999999999
-3328.5504071913483 0.05 0.15349999999999997 0.7965
-3316.043356422952 0.05 0.17419999999999997 0.7758
-3304.2701504077954 0.05 0.19489999999999996 0.7551
-3288.9256274363643 0.05 0.21559999999999996 0.7343999999999999
-3272.9217917962987 0.05 0.23629999999999995 0.7137
-3257.6381097607255 0.05 0.25699999999999995 0.6930000000000001
-3241.406526260917 0.05 0.27769999999999995 0.6723
-3226.310997924465 0.05 0.29839999999999994 0.6516
-3211.7019794138937 0.05 0.31909999999999994 0.6309
-3195.8731653800437 0.05 0.33979999999999994 0.6102000000000001
-3178.870753043473 0.05 0.36049999999999993 0.5895
-3164.5450125357233 0.05 0.38119999999999993 0.5688
-3148.263421289619 0.05 0.4018999999999999 0.5481
-3130.3073270593604 0.05 0.4225999999999999 0.5274000000000001
-3115.1582175838585 0.05 0.4432999999999999 0.5067
-3100.6219183503226 0.05 0.4639999999999999 0.48600000000000004
-3079.441111411027 0.05 0.4846999999999999 0.46530000000000005
-3062.346866522868 0.05 0.5054 0.4446
-3044.660969144038 0.05 0.5260999999999999 0.42390000000000005
-3025.17651805368 0.05 0.5468 0.4032
-3005.284875801049 0.05 0.5674999999999999 0.38250000000000006
-2987.5695337932502 0.05 0.5882 0.3618
-2968.130420846298 0.05 0.6089 0.34109999999999996
-2948.2284912790606 0.05 0.6295999999999999 0.3204
-2928.5591010305175 0.05 0.6502999999999999 0.2997000000000001
-2910.3144913075475 0.05 0.6709999999999999 0.279
-2891.9521313119903 0.05 0.6917 0.2583
-2871.105361303576 0.05 0.7123999999999999 0.23760000000000003
-2847.9175509388765 0.05 0.7330999999999999 0.2169000000000001
-2823.6642951406316 0.05 0.7537999999999999 0.19620000000000004
-2799.9512725066807 0.05 0.7745 0.1755
-2776.0116795997596 0.05 0.7951999999999999 0.15480000000000005
-2751.405647747825 0.05 0.8158999999999998 0.1341000000000001
-2727.381324272652 0.05 0.8365999999999999 0.11340000000000006
-2703.155249374815 0.05 0.8573 0.0927
-2678.918910843909 0.05 0.8779999999999999 0.07200000000000006
-2655.1190896402263 0.05 0.8986999999999998 0.05130000000000012
-2630.2637976295973 0.05 0.9193999999999999 0.03060000000000007
-3477.940824904769 0.0707 0.05 0.8793
-3466.2941252520864 0.0707 0.0707 0.8586
-3454.0293904348528 0.0707 0.0914 0.8379
-3441.922056143218 0.0707 0.11209999999999999 0.8172
-3429.205493666869 0.0707 0.13279999999999997 0.7965
-3416.9132079493 0.0707 0.15349999999999997 0.7758
-3402.4276725629243 0.0707 0.17419999999999997 0.7551000000000001
-3388.0397105636457 0.0707 0.19489999999999996 0.7344
-3374.171461183499 0.0707 0.21559999999999996 0.7137
-3357.7883057494205 0.0707 0.23629999999999995 0.6930000000000001
-3342.049724405191 0.0707 0.25699999999999995 0.6723000000000001
-3326.5551181930105 0.0707 0.27769999999999995 0.6516000000000001
-3311.8811347322985 0.0707 0.29839999999999994 0.6309
-3296.1701367859105 0.0707 0.31909999999999994 0.6102000000000001
-3280.425323039325 0.0707 0.33979999999999994 0.5895000000000001
-3264.563140317283 0.0707 0.36049999999999993 0.5688000000000001
-3248.828652358119 0.0707 0.38119999999999993 0.5481
-3230.2211198885725 0.0707 0.4018999999999999 0.5274000000000001
-3216.167945077244 0.0707 0.4225999999999999 0.5067000000000002
-3198.1695893977326 0.0707 0.4432999999999999 0.4860000000000001
-3183.133066076391 0.0707 0.4639999999999999 0.4653000000000001
-3164.7029182191964 0.0707 0.4846999999999999 0.4446000000000001
-3147.4828101070707 0.0707 0.5054 0.42390000000000005
-3128.069076261837 0.0707 0.5260999999999999 0.4032000000000001
-3108.3962906067613 0.0707 0.5468 0.38250000000000006
-3090.0208141977896 0.0707 0.5674999999999999 0.3618000000000001
-3070.7216791244487 0.0707 0.5882 0.34110000000000007
-3051.3244188521935 0.0707 0.6089 0.3204
-3031.804655099423 0.0707 0.6295999999999999 0.2997000000000001
-3012.6000648356644 0.0707 0.6502999999999999 0.27900000000000014
-2992.2627877252557 0.0707 0.6709999999999999 0.2583000000000001
-2973.321238831312 0.0707 0.6917 0.23760000000000003
-2949.1460420937838 0.0707 0.7123999999999999 0.2169000000000001
-2926.0191387255836 0.0707 0.7330999999999999 0.19620000000000015
-2903.642394990356 0.0707 0.7537999999999999 0.1755000000000001
-2879.724016533017 0.0707 0.7745 0.15480000000000005
-2854.786744356749 0.0707 0.7951999999999999 0.1341000000000001
-2830.930060842771 0.0707 0.8158999999999998 0.11340000000000017
-2805.986379292435 0.0707 0.8365999999999999 0.09270000000000012
-2781.9090810612875 0.0707 0.8573 0.07200000000000006
-2758.772197830567 0.0707 0.8779999999999999 0.05130000000000012
-2733.8776915337917 0.0707 0.8986999999999998 0.030600000000000183
-3568.0068992520464 0.0914 0.05 0.8585999999999999
-3556.105187099365 0.0914 0.0707 0.8379
-3543.9905878297227 0.0914 0.0914 0.8171999999999999
-3532.0769414803385 0.0914 0.11209999999999999 0.7965
-3519.687602296422 0.0914 0.13279999999999997 0.7758
-3508.228662596043 0.0914 0.15349999999999997 0.7551
-3492.6123627758425 0.0914 0.17419999999999997 0.7343999999999999
-3475.6617863382467 0.0914 0.19489999999999996 0.7137
-3461.568553285886 0.0914 0.21559999999999996 0.6930000000000001
-3445.242218576144 0.0914 0.23629999999999995 0.6723
-3429.7024151330083 0.0914 0.25699999999999995 0.6516
-3412.9985241443237 0.0914 0.27769999999999995 0.6309
-3398.2833379986932 0.0914 0.29839999999999994 0.6102000000000001
-3383.1704676323175 0.0914 0.31909999999999994 0.5895
-3364.5448008646063 0.0914 0.33979999999999994 0.5688
-3351.4374440923507 0.0914 0.36049999999999993 0.5481
-3335.8440828871144 0.0914 0.38119999999999993 0.5274000000000001
-3318.652738114405 0.0914 0.4018999999999999 0.5067
-3302.648776892389 0.0914 0.4225999999999999 0.48600000000000004
-3286.4817651371395 0.0914 0.4432999999999999 0.46530000000000005
-3270.6096668436358 0.0914 0.4639999999999999 0.44460000000000005
-3251.9430657031726 0.0914 0.4846999999999999 0.42390000000000005
-3232.5942161025755 0.0914 0.5054 0.4032
-3213.665360463654 0.0914 0.5260999999999999 0.38250000000000006
-3192.065246185374 0.0914 0.5468 0.3618
-3175.1322480726635 0.0914 0.5674999999999999 0.34110000000000007
-3156.160881266913 0.0914 0.5882 0.3204
-3135.9292212731402 0.0914 0.6089 0.29969999999999997
-3117.2649543824273 0.0914 0.6295999999999999 0.279
-3098.7436715641556 0.0914 0.6502999999999999 0.2583000000000001
-3077.1483401084233 0.0914 0.6709999999999999 0.23760000000000003
-3055.911958063443 0.0914 0.6917 0.21689999999999998
-3034.188227726301 0.0914 0.7123999999999999 0.19620000000000004
-3010.4612497072853 0.0914 0.7330999999999999 0.1755000000000001
-2986.2804634089125 0.0914 0.7537999999999999 0.15480000000000005
-2961.908853028488 0.0914 0.7745 0.1341
-2936.873525088928 0.0914 0.7951999999999999 0.11340000000000006
-2913.4083050618015 0.0914 0.8158999999999998 0.09270000000000012
-2889.270105341748 0.0914 0.8365999999999999 0.07200000000000006
-2865.1901338274406 0.0914 0.8573 0.05130000000000001
-2840.70319938732 0.0914 0.8779999999999999 0.03060000000000007
