-5752.476365019317 0.6089 0.05 0.3411
-5737.9624804895775 0.6089 0.0707 0.3204
-5717.159605774256 0.6089 0.0914 0.2997
-5702.689236628438 0.6089 0.11209999999999999 0.279
-5683.807200884585 0.6089 0.13279999999999997 0.25830000000000003
-5670.634216753085 0.6089 0.15349999999999997 0.23760000000000003
-5655.553769994202 0.6089 0.17419999999999997 0.21690000000000004
-5637.755599798315 0.6089 0.19489999999999996 0.19620000000000004
-5619.319738258112 0.6089 0.21559999999999996 0.17550000000000004
-5597.659164978081 0.6089 0.23629999999999995 0.15480000000000005
-5581.0000344815435 0.6089 0.25699999999999995 0.13410000000000005
-5561.718225206673 0.6089 0.27769999999999995 0.11340000000000006
-5541.651116933489 0.6089 0.29839999999999994 0.09270000000000006
-5519.339646322218 0.6089 0.31909999999999994 0.07200000000000006
-5492.892241971246 0.6089 0.33979999999999994 0.05130000000000007
-5470.209012327778 0.6089 0.36049999999999993 0.03060000000000007
-5836.064314952001 0.6295999999999999 0.05 0.3204000000000001
-5822.54374907593 0.6295999999999999 0.0707 0.2997000000000001
-5805.23864963443 0.6295999999999999 0.0914 0.2790000000000001
-5787.70144760489 0.6295999999999999 0.11209999999999999 0.2583000000000001
-5771.903525362829 0.6295999999999999 0.13279999999999997 0.2376000000000001
-5757.147094769133 0.6295999999999999 0.15349999999999997 0.2169000000000001
-5742.066528569118 0.6295999999999999 0.17419999999999997 0.1962000000000001
-5722.450442375293 0.6295999999999999 0.19489999999999996 0.1755000000000001
-5703.434307608115 0.6295999999999999 0.21559999999999996 0.1548000000000001
-5684.454069179015 0.6295999999999999 0.23629999999999995 0.1341000000000001
-5664.929064874426 0.6295999999999999 0.25699999999999995 0.11340000000000011
-5647.628370858556 0.6295999999999999 0.27769999999999995 0.09270000000000012
-5622.766085975906 0.6295999999999999 0.29839999999999994 0.07200000000000012
-5599.220770473361 0.6295999999999999 0.31909999999999994 0.05130000000000012
-5574.389462706249 0.6295999999999999 0.33979999999999994 0.030600000000000127
-5927.98206123891 0.6502999999999999 0.05 0.29970000000000013
-5906.535253981245 0.6502999999999999 0.0707 0.27900000000000014
-5889.323660003817 0.6502999999999999 0.0914 0.25830000000000014
-5875.932473765979 0.6502999999999999 0.11209999999999999 0.23760000000000014
-5857.698582032222 0.6502999999999999 0.13279999999999997 0.21690000000000015
-5844.3689417972155 0.6502999999999999 0.15349999999999997 0.19620000000000015
-5827.355567333964 0.6502999999999999 0.17419999999999997 0.17550000000000016
-5805.832523713832 0.6502999999999999 0.19489999999999996 0.15480000000000016
-5789.313743304859 0.6502999999999999 0.21559999999999996 0.13410000000000016
-5767.899621504531 0.6502999999999999 0.23629999999999995 0.11340000000000017
-5751.459533332512 0.6502999999999999 0.25699999999999995 0.09270000000000017
-5729.51665632341 0.6502999999999999 0.27769999999999995 0.07200000000000017
-5703.630524331772 0.6502999999999999 0.29839999999999994 0.05130000000000018
-5681.942947297307 0.6502999999999999 0.31909999999999994 0.030600000000000183
