-4704.106349151769 0.36049999999999993 0.05 0.5895
-4693.121454210576 0.36049999999999993 0.0707 0.5688000000000001
-4676.766431255462 0.36049999999999993 0.0914 0.5481
-4661.732051040716 0.36049999999999993 0.11209999999999999 0.5274000000000001
-4647.867370483544 0.36049999999999993 0.13279999999999997 0.5067000000000002
-4633.2552268015015 0.36049999999999993 0.15349999999999997 0.4860000000000001
-4616.60846851538 0.36049999999999993 0.17419999999999997 0.4653000000000001
-4602.266266973147 0.36049999999999993 0.19489999999999996 0.4446000000000001
-4586.904417126892 0.36049999999999993 0.21559999999999996 0.4239000000000001
-4567.273853640155 0.36049999999999993 0.23629999999999995 0.4032000000000001
-4553.105445916493 0.36049999999999993 0.25699999999999995 0.3825000000000001
-4537.473273624032 0.36049999999999993 0.27769999999999995 0.3618000000000001
-4521.831760979097 0.36049999999999993 0.29839999999999994 0.3411000000000001
-4504.660490259781 0.36049999999999993 0.31909999999999994 0.32040000000000013
-4485.86307448698 0.36049999999999993 0.33979999999999994 0.29970000000000013
-4467.031581821342 0.36049999999999993 0.36049999999999993 0.27900000000000014
-4447.6086671564335 0.36049999999999993 0.38119999999999993 0.25830000000000014
-4428.218834432599 0.36049999999999993 0.4018999999999999 0.23760000000000014
-4409.608903588007 0.36049999999999993 0.4225999999999999 0.21690000000000015
-4390.262610464108 0.36049999999999993 0.4432999999999999 0.19620000000000015
-4370.961959508121 0.36049999999999993 0.4639999999999999 0.17550000000000016
-4351.730092098077 0.36049999999999993 0.4846999999999999 0.15480000000000016
-4328.675080192157 0.36049999999999993 0.5054 0.1341000000000001
-4304.618203249744 0.36049999999999993 0.5260999999999999 0.11340000000000017
-4280.215230064096 0.36049999999999993 0.5468 0.09270000000000012
-4255.952840959703 0.36049999999999993 0.5674999999999999 0.07200000000000017
-4231.064824800166 0.36049999999999993 0.5882 0.05130000000000012
-4207.639555564929 0.36049999999999993 0.6089 0.03060000000000007
-4792.960930301603 0.38119999999999993 0.05 0.5688
-4779.79166123756 0.38119999999999993 0.0707 0.5481
-4761.00156713337 0.38119999999999993 0.0914 0.5274
-4748.84510132379 0.38119999999999993 0.11209999999999999 0.5067
-4730.84377621458 0.38119999999999993 0.13279999999999997 0.48600000000000004
-4719.033400694908 0.38119999999999993 0.15349999999999997 0.46530000000000005
-4702.907665765901 0.38119999999999993 0.17419999999999997 0.44460000000000005
-4685.203667966045 0.38119999999999993 0.19489999999999996 0.42390000000000005
-4670.240535754613 0.38119999999999993 0.21559999999999996 0.40320000000000006
-4653.8122888617845 0.38119999999999993 0.23629999999999995 0.38250000000000006
-4639.007571888404 0.38119999999999993 0.25699999999999995 0.36180000000000007
-4626.138076851944 0.38119999999999993 0.27769999999999995 0.34110000000000007
-4606.743647804897 0.38119999999999993 0.29839999999999994 0.3204000000000001
-4591.494137020179 0.38119999999999993 0.31909999999999994 0.2997000000000001
-4570.395386039072 0.38119999999999993 0.33979999999999994 0.2790000000000001
-4551.099581085822 0.38119999999999993 0.36049999999999993 0.2583000000000001
-4534.131834547661 0.38119999999999993 0.38119999999999993 0.2376000000000001
-4512.431026672303 0.38119999999999993 0.4018999999999999 0.2169000000000001
-4493.053025520644 0.38119999999999993 0.4225999999999999 0.1962000000000001
-4474.005888720367 0.38119999999999993 0.4432999999999999 0.1755000000000001
-4454.96498756282 0.38119999999999993 0.4639999999999999 0.1548000000000001
-4432.340710754419 0.38119999999999993 0.4846999999999999 0.1341000000000001
-4408.466169932617 0.38119999999999993 0.5054 0.11340000000000006
-4383.888257968693 0.38119999999999993 0.5260999999999999 0.09270000000000012
-4360.371188534563 0.38119999999999993 0.5468 0.07200000000000006
-4336.242270938956 0.38119999999999993 0.5674999999999999 0.05130000000000012
-4311.559744560107 0.38119999999999993 0.5882 0.03060000000000007
-4881.902272050827 0.4018999999999999 0.05 0.5481
-4866.942606030029 0.4018999999999999 0.0707 0.5274000000000001
-4851.96025809393 0.4018999999999999 0.0914 0.5067
-4837.730907050774 0.4018999999999999 0.11209999999999999 0.4860000000000001
-4822.355081443144 0.4018999999999999 0.13279999999999997 0.4653000000000001
-4807.0347857617 0.4018999999999999 0.15349999999999997 0.4446000000000001
-4789.069377454773 0.4018999999999999 0.17419999999999997 0.4239000000000001
-4772.811595323901 0.4018999999999999 0.19489999999999996 0.4032000000000001
-4761.645385761788 0.4018999999999999 0.21559999999999996 0.3825000000000001
-4739.940224181476 0.4018999999999999 0.23629999999999995 0.3618000000000001
-4726.1543884533 0.4018999999999999 0.25699999999999995 0.3411000000000001
-4711.222884510703 0.4018999999999999 0.27769999999999995 0.32040000000000013
-4694.200753777218 0.4018999999999999 0.29839999999999994 0.29970000000000013
-4673.707344986733 0.4018999999999999 0.31909999999999994 0.27900000000000014
-4654.046923381881 0.4018999999999999 0.33979999999999994 0.25830000000000014
-4636.582935933374 0.4018999999999999 0.36049999999999993 0.23760000000000014
-4618.085771545315 0.4018999999999999 0.38119999999999993 0.21690000000000015
-4598.515411370367 0.4018999999999999 0.4018999999999999 0.19620000000000015
-4579.000852343809 0.4018999999999999 0.4225999999999999 0.17550000000000016
-4561.149684286736 0.4018999999999999 0.4432999999999999 0.15480000000000016
-4539.403165998341 0.4018999999999999 0.4639999999999999 0.13410000000000016
-4515.982226803872 0.4018999999999999 0.4846999999999999 0.11340000000000017
-4491.345165581778 0.4018999999999999 0.5054 0.09270000000000012
-4466.972498267426 0.4018999999999999 0.5260999999999999 0.07200000000000017
-4443.241157940811 0.4018999999999999 0.5468 0.05130000000000012
-4418.5878077294465 0.4018999999999999 0.5674999999999999 0.030600000000000183
