-3919.6643415284625 0.17419999999999997 0.05 0.7758
-3910.8095851180865 0.17419999999999997 0.0707 0.7551000000000001
-3894.8110174733574 0.17419999999999997 0.0914 0.7344
-3879.1720143721873 0.17419999999999997 0.11209999999999999 0.7137000000000001
-3865.018990169711 0.17419999999999997 0.13279999999999997 0.6930000000000001
-3849.028920253953 0.17419999999999997 0.15349999999999997 0.6723000000000001
-3834.198934735881 0.17419999999999997 0.17419999999999997 0.6516000000000002
-3818.126367565646 0.17419999999999997 0.19489999999999996 0.6309000000000001
-3802.7559209049673 0.17419999999999997 0.21559999999999996 0.6102000000000001
-3786.756480915027 0.17419999999999997 0.23629999999999995 0.5895000000000001
-3771.5976606312493 0.17419999999999997 0.25699999999999995 0.5688000000000002
-3753.834297313834 0.17419999999999997 0.27769999999999995 0.5481000000000001
-3739.313186792093 0.17419999999999997 0.29839999999999994 0.5274000000000001
-3724.9319513882688 0.17419999999999997 0.31909999999999994 0.5067000000000002
-3710.0814255044697 0.17419999999999997 0.33979999999999994 0.48600000000000015
-3696.5066674976947 0.17419999999999997 0.36049999999999993 0.46530000000000016
-3681.7745374445135 0.17419999999999997 0.38119999999999993 0.44460000000000016
-3663.7581819236007 0.17419999999999997 0.4018999999999999 0.42390000000000017
-3645.0359172267154 0.17419999999999997 0.4225999999999999 0.40320000000000017
-3626.1327636534784 0.17419999999999997 0.4432999999999999 0.3825000000000002
-3606.9461171542766 0.17419999999999997 0.4639999999999999 0.3618000000000002
-3587.717473002394 0.17419999999999997 0.4846999999999999 0.3411000000000002
-3567.2814249341363 0.17419999999999997 0.5054 0.32040000000000013
-3549.043274233832 0.17419999999999997 0.5260999999999999 0.2997000000000002
-3529.652335436682 0.17419999999999997 0.5468 0.27900000000000014
-3509.0902205181446 0.17419999999999997 0.5674999999999999 0.2583000000000002
-3491.507820233809 0.17419999999999997 0.5882 0.23760000000000014
-3473.1700006030933 0.17419999999999997 0.6089 0.2169000000000001
-3452.075157290117 0.17419999999999997 0.6295999999999999 0.19620000000000015
-3427.3612956978973 0.17419999999999997 0.6502999999999999 0.1755000000000002
-3403.9583496494156 0.17419999999999997 0.6709999999999999 0.15480000000000016
-3379.4323121520106 0.17419999999999997 0.6917 0.1341000000000001
-3356.6631027033227 0.17419999999999997 0.7123999999999999 0.11340000000000017
-3332.000326696026 0.17419999999999997 0.7330999999999999 0.09270000000000023
-3308.0836407483102 0.17419999999999997 0.7537999999999999 0.07200000000000017
-3283.7113166260583 0.17419999999999997 0.7745 0.05130000000000012
-3259.5529655807 0.17419999999999997 0.7951999999999999 0.030600000000000183
-4008.8849247783724 0.19489999999999996 0.05 0.7551
-3995.1050410018934 0.19489999999999996 0.0707 0.7344
-3980.4775678871306 0.19489999999999996 0.0914 0.7137
-3965.3546964805587 0.19489999999999996 0.11209999999999999 0.6930000000000001
-3951.901913369293 0.19489999999999996 0.13279999999999997 0.6723000000000001
-3934.948947504832 0.19489999999999996 0.15349999999999997 0.6516000000000001
-3920.880400308747 0.19489999999999996 0.17419999999999997 0.6309
-3905.112882569985 0.19489999999999996 0.19489999999999996 0.6102000000000001
-3889.6966998031394 0.19489999999999996 0.21559999999999996 0.5895000000000001
-3873.9019058357344 0.19489999999999996 0.23629999999999995 0.5688000000000001
-3858.393500527557 0.19489999999999996 0.25699999999999995 0.5481
-3842.9026080933813 0.19489999999999996 0.27769999999999995 0.5274000000000001
-3827.657283249493 0.19489999999999996 0.29839999999999994 0.5067000000000002
-3812.8772679648864 0.19489999999999996 0.31909999999999994 0.4860000000000001
-3800.649249721956 0.19489999999999996 0.33979999999999994 0.4653000000000001
-3785.685957808558 0.19489999999999996 0.36049999999999993 0.4446000000000001
-3767.065389408802 0.19489999999999996 0.38119999999999993 0.4239000000000001
-3746.579235716133 0.19489999999999996 0.4018999999999999 0.4032000000000001
-3731.0657422728755 0.19489999999999996 0.4225999999999999 0.3825000000000001
-3712.2375445698362 0.19489999999999996 0.4432999999999999 0.3618000000000001
-3692.6701140692044 0.19489999999999996 0.4639999999999999 0.3411000000000001
-3672.460791630538 0.19489999999999996 0.4846999999999999 0.32040000000000013
-3653.6826781287236 0.19489999999999996 0.5054 0.2997000000000001
-3634.8327853898413 0.19489999999999996 0.5260999999999999 0.27900000000000014
-3617.013655097816 0.19489999999999996 0.5468 0.2583000000000001
-3597.7040141233538 0.19489999999999996 0.5674999999999999 0.23760000000000014
-3579.4139494749884 0.19489999999999996 0.5882 0.2169000000000001
-3558.655009327353 0.19489999999999996 0.6089 0.19620000000000004
-3536.3755147731345 0.19489999999999996 0.6295999999999999 0.1755000000000001
-3512.3920305779056 0.19489999999999996 0.6502999999999999 0.15480000000000016
-3487.8858309036345 0.19489999999999996 0.6709999999999999 0.1341000000000001
-3463.853442744665 0.19489999999999996 0.6917 0.11340000000000006
-3439.356639321791 0.19489999999999996 0.7123999999999999 0.09270000000000012
-3415.146022545814 0.19489999999999996 0.7330999999999999 0.07200000000000017
-3391.253206425317 0.19489999999999996 0.7537999999999999 0.05130000000000012
-3366.5159083679227 0.19489999999999996 0.7745 0.03060000000000007
-4096.729143231543 0.21559999999999996 0.05 0.7343999999999999
-4082.2077583099485 0.21559999999999996 0.0707 0.7137
-4067.85555434006 0.21559999999999996 0.0914 0.693
-4052.7628414874357 0.21559999999999996 0.11209999999999999 0.6723
-4036.7717515139107 0.21559999999999996 0.13279999999999997 0.6516
-4020.9726981267427 0.21559999999999996 0.15349999999999997 0.6309
-4006.0029219202065 0.21559999999999996 0.17419999999999997 0.6102000000000001
-3986.7656323888637 0.21559999999999996 0.19489999999999996 0.5895
-3970.9518337382615 0.21559999999999996 0.21559999999999996 0.5688
-3958.895184211094 0.21559999999999996 0.23629999999999995 0.5481
-3943.4360284513186 0.21559999999999996 0.25699999999999995 0.5274000000000001
-3928.9381179043457 0.21559999999999996 0.27769999999999995 0.5067
-3912.3717533450927 0.21559999999999996 0.29839999999999994 0.48600000000000004
-3901.7571261151143 0.21559999999999996 0.31909999999999994 0.46530000000000005
-3887.0984861906763 0.21559999999999996 0.33979999999999994 0.44460000000000005
-3870.7135248768254 0.21559999999999996 0.36049999999999993 0.42390000000000005
-3852.7883347804773 0.21559999999999996 0.38119999999999993 0.40320000000000006
-3833.344585162144 0.21559999999999996 0.4018999999999999 0.38250000000000006
-3814.4487343832047 0.21559999999999996 0.4225999999999999 0.36180000000000007
-3795.134268469256 0.21559999999999996 0.4432999999999999 0.34110000000000007
-3774.9514085348596 0.21559999999999996 0.4639999999999999 0.3204000000000001
-3756.462572614567 0.21559999999999996 0.4846999999999999 0.2997000000000001
-3739.2415744239684 0.21559999999999996 0.5054 0.279
-3719.8300039898577 0.21559999999999996 0.5260999999999999 0.2583000000000001
-3699.9391035733242 0.21559999999999996 0.5468 0.23760000000000003
-3681.1982740030453 0.21559999999999996 0.5674999999999999 0.2169000000000001
-3660.0708033075407 0.21559999999999996 0.5882 0.19620000000000004
-3639.635818106019 0.21559999999999996 0.6089 0.1755
-3615.904355697491 0.21559999999999996 0.6295999999999999 0.15480000000000005
-3591.7139532680753 0.21559999999999996 0.6502999999999999 0.1341000000000001
-3567.8049271227405 0.21559999999999996 0.6709999999999999 0.11340000000000006
-3543.03389733181 0.21559999999999996 0.6917 0.0927
-3518.7031172972943 0.21559999999999996 0.7123999999999999 0.07200000000000006
-3495.185770193761 0.21559999999999996 0.7330999999999999 0.05130000000000012
-3470.432065568204 0.21559999999999996 0.7537999999999999 0.03060000000000007
