-4445.1022221646535 0.29839999999999994 0.05 0.6516
-4431.4193596696205 0.29839999999999994 0.0707 0.6309
-4415.553601787417 0.29839999999999994 0.0914 0.6102
-4402.981543817511 0.29839999999999994 0.11209999999999999 0.5895
-4388.048894965585 0.29839999999999994 0.13279999999999997 0.5688
-4372.659391678193 0.29839999999999994 0.15349999999999997 0.5481
-4358.229921020639 0.29839999999999994 0.17419999999999997 0.5274000000000001
-4342.535841184178 0.29839999999999994 0.19489999999999996 0.5067
-4326.560363893538 0.29839999999999994 0.21559999999999996 0.48600000000000004
-4311.3705843967 0.29839999999999994 0.23629999999999995 0.46530000000000005
-4296.12233093758 0.29839999999999994 0.25699999999999995 0.44460000000000005
-4281.273767101078 0.29839999999999994 0.27769999999999995 0.42390000000000005
-4265.91097306683 0.29839999999999994 0.29839999999999994 0.40320000000000006
-4247.9451073436385 0.29839999999999994 0.31909999999999994 0.38250000000000006
-4228.924369397792 0.29839999999999994 0.33979999999999994 0.36180000000000007
-4212.093585901669 0.29839999999999994 0.36049999999999993 0.34110000000000007
-4191.224033260303 0.29839999999999994 0.38119999999999993 0.3204000000000001
-4174.252763712827 0.29839999999999994 0.4018999999999999 0.2997000000000001
-4155.323781832446 0.29839999999999994 0.4225999999999999 0.2790000000000001
-4136.914927962513 0.29839999999999994 0.4432999999999999 0.2583000000000001
-4117.207273565156 0.29839999999999994 0.4639999999999999 0.2376000000000001
-4097.552170594816 0.29839999999999994 0.4846999999999999 0.2169000000000001
-4079.587291253416 0.29839999999999994 0.5054 0.19620000000000004
-4060.1652852988686 0.29839999999999994 0.5260999999999999 0.1755000000000001
-4038.0619819261938 0.29839999999999994 0.5468 0.15480000000000005
-4013.613586818874 0.29839999999999994 0.5674999999999999 0.1341000000000001
-3990.1705034808665 0.29839999999999994 0.5882 0.11340000000000006
-3964.948890934677 0.29839999999999994 0.6089 0.0927
-3941.359348490958 0.29839999999999994 0.6295999999999999 0.07200000000000006
-3917.152715985898 0.29839999999999994 0.6502999999999999 0.05130000000000012
-3892.8807837834333 0.29839999999999994 0.6709999999999999 0.03060000000000007
-4528.255312612291 0.31909999999999994 0.05 0.6309
-4518.289373243559 0.31909999999999994 0.0707 0.6102000000000001
-4503.820238181986 0.31909999999999994 0.0914 0.5895
-4488.95109503276 0.31909999999999994 0.11209999999999999 0.5688000000000001
-4473.992582489626 0.31909999999999994 0.13279999999999997 0.5481
-4457.528564473784 0.31909999999999994 0.15349999999999997 0.5274000000000001
-4444.096379263537 0.31909999999999994 0.17419999999999997 0.5067000000000002
-4428.1166493827195 0.31909999999999994 0.19489999999999996 0.4860000000000001
-4413.16085210115 0.31909999999999994 0.21559999999999996 0.4653000000000001
-4397.149482953981 0.31909999999999994 0.23629999999999995 0.4446000000000001
-4382.320131165839 0.31909999999999994 0.25699999999999995 0.4239000000000001
-4367.688495340462 0.31909999999999994 0.27769999999999995 0.4032000000000001
-4347.888720830584 0.31909999999999994 0.29839999999999994 0.3825000000000001
-4331.772900814795 0.31909999999999994 0.31909999999999994 0.3618000000000001
-4313.16498660457 0.31909999999999994 0.33979999999999994 0.3411000000000001
-4297.555741840893 0.31909999999999994 0.36049999999999993 0.32040000000000013
-4277.322541895695 0.31909999999999994 0.38119999999999993 0.29970000000000013
-4258.54651407934 0.31909999999999994 0.4018999999999999 0.27900000000000014
-4240.065582460659 0.31909999999999994 0.4225999999999999 0.25830000000000014
-4220.494449302097 0.31909999999999994 0.4432999999999999 0.23760000000000014
-4201.389764123777 0.31909999999999994 0.4639999999999999 0.21690000000000015
-4181.123003168399 0.31909999999999994 0.4846999999999999 0.19620000000000015
-4163.214095962837 0.31909999999999994 0.5054 0.1755000000000001
-4141.347998866015 0.31909999999999994 0.5260999999999999 0.15480000000000016
-4117.654464632103 0.31909999999999994 0.5468 0.1341000000000001
-4093.6491557855597 0.31909999999999994 0.5674999999999999 0.11340000000000017
-4069.095958419542 0.31909999999999994 0.5882 0.09270000000000012
-4044.9652528549327 0.31909999999999994 0.6089 0.07200000000000006
-4021.0846389576755 0.31909999999999994 0.6295999999999999 0.05130000000000012
-3996.2526430032854 0.31909999999999994 0.6502999999999999 0.030600000000000183
-4619.918270052672 0.33979999999999994 0.05 0.6102000000000001
-4604.328937225655 0.33979999999999994 0.0707 0.5895000000000001
-4592.282638789543 0.33979999999999994 0.0914 0.5688000000000001
-4577.45817099439 0.33979999999999994 0.11209999999999999 0.5481000000000001
-4562.008084996593 0.33979999999999994 0.13279999999999997 0.5274000000000001
-4547.358625304371 0.33979999999999994 0.15349999999999997 0.5067000000000002
-4532.31847829115 0.33979999999999994 0.17419999999999997 0.48600000000000015
-4516.5548919645935 0.33979999999999994 0.19489999999999996 0.46530000000000016
-4498.321860417998 0.33979999999999994 0.21559999999999996 0.44460000000000016
-4482.384482954741 0.33979999999999994 0.23629999999999995 0.42390000000000017
-4471.172598762939 0.33979999999999994 0.25699999999999995 0.40320000000000017
-4454.938159229327 0.33979999999999994 0.27769999999999995 0.3825000000000002
-4437.187047715952 0.33979999999999994 0.29839999999999994 0.3618000000000002
-4417.736861562101 0.33979999999999994 0.31909999999999994 0.3411000000000002
-4399.733573912766 0.33979999999999994 0.33979999999999994 0.3204000000000002
-4383.005321656064 0.33979999999999994 0.36049999999999993 0.2997000000000002
-4363.861366807634 0.33979999999999994 0.38119999999999993 0.2790000000000002
-4345.022151276123 0.33979999999999994 0.4018999999999999 0.2583000000000002
-4325.889053324162 0.33979999999999994 0.4225999999999999 0.2376000000000002
-4306.45352562543 0.33979999999999994 0.4432999999999999 0.2169000000000002
-4287.412618920547 0.33979999999999994 0.4639999999999999 0.1962000000000002
-4267.09739923488 0.33979999999999994 0.4846999999999999 0.1755000000000002
-4248.147215195822 0.33979999999999994 0.5054 0.15480000000000016
-4224.434153162494 0.33979999999999994 0.5260999999999999 0.13410000000000022
-4200.502888693065 0.33979999999999994 0.5468 0.11340000000000017
-4175.577473426949 0.33979999999999994 0.5674999999999999 0.09270000000000023
-4152.177989416666 0.33979999999999994 0.5882 0.07200000000000017
-4128.077574451739 0.33979999999999994 0.6089 0.05130000000000012
-4103.383248364071 0.33979999999999994 0.6295999999999999 0.030600000000000183
