-4071.132104499873 0.2035 0.001 0.7955
-4058.7937212923002 0.2035 0.0235 0.773
-4047.278926666713 0.2035 0.046 0.7505
-4029.93375100621 0.2035 0.0685 0.728
-4015.0633534066174 0.2035 0.091 0.7055
-4002.5257841847983 0.2035 0.11349999999999999 0.683
-3985.873304029595 0.2035 0.136 0.6605
-3968.9258040176155 0.2035 0.1585 0.638
-3951.6063623377127 0.2035 0.181 0.6154999999999999
-3932.7209537684994 0.2035 0.2035 0.593
-3917.550153712839 0.2035 0.22599999999999998 0.5705
-3900.6495358239526 0.2035 0.2485 0.548
-3883.3927902798196 0.2035 0.271 0.5255
-3867.0676608542894 0.2035 0.2935 0.503
-3848.8240667780965 0.2035 0.316 0.4805
-3830.437370512082 0.2035 0.33849999999999997 0.458
-3813.9086244730483 0.2035 0.361 0.4355
-3793.63798448924 0.2035 0.3835 0.413
-3771.09794559347 0.2035 0.40599999999999997 0.3905
-3752.126718875926 0.2035 0.4285 0.368
-3730.850988629013 0.2035 0.45099999999999996 0.34550000000000003
-3708.9469584658355 0.2035 0.4735 0.323
-3689.7370363332006 0.2035 0.496 0.3005
-3668.2363043276437 0.2035 0.5185 0.278
-3647.1220046723392 0.2035 0.541 0.25549999999999995
-3626.1934997979924 0.2035 0.5635 0.23299999999999998
-3603.0882954183476 0.2035 0.586 0.21050000000000002
-3580.735553645803 0.2035 0.6084999999999999 0.18800000000000006
-3558.489774605462 0.2035 0.631 0.16549999999999998
-3533.3550794079706 0.2035 0.6535 0.14300000000000002
-3509.2183221826594 0.2035 0.6759999999999999 0.12050000000000005
-3484.2253083508895 0.2035 0.6985 0.09799999999999998
-3458.9153850846815 0.2035 0.721 0.07550000000000001
-3433.7060673263454 0.2035 0.7434999999999999 0.05300000000000005
-3408.920710506863 0.2035 0.766 0.03049999999999997
-3376.7379211019197 0.2035 0.796 0.0004999999999999449
-4167.190724977824 0.22599999999999998 0.001 0.773
-4156.099666427701 0.22599999999999998 0.0235 0.7505000000000001
-4136.309586693896 0.22599999999999998 0.046 0.728
-4125.910282440552 0.22599999999999998 0.0685 0.7055
-4111.655128998451 0.22599999999999998 0.091 0.683
-4093.8668581472566 0.22599999999999998 0.11349999999999999 0.6605000000000001
-4079.383567537942 0.22599999999999998 0.136 0.638
-4062.2220064915214 0.22599999999999998 0.1585 0.6155
-4044.994174012604 0.22599999999999998 0.181 0.593
-4027.8365547322633 0.22599999999999998 0.2035 0.5705
-4010.3588489922404 0.22599999999999998 0.22599999999999998 0.548
-3991.613516577016 0.22599999999999998 0.2485 0.5255000000000001
-3977.095868660342 0.22599999999999998 0.271 0.503
-3960.9858541763406 0.22599999999999998 0.2935 0.48050000000000004
-3942.687646223235 0.22599999999999998 0.316 0.458
-3925.882495870216 0.22599999999999998 0.33849999999999997 0.43550000000000005
-3904.448329426701 0.22599999999999998 0.361 0.41300000000000003
-3886.1093031062446 0.22599999999999998 0.3835 0.3905
-3865.4483042697047 0.22599999999999998 0.40599999999999997 0.36800000000000005
-3843.895221398997 0.22599999999999998 0.4285 0.34550000000000003
-3822.6472378176895 0.22599999999999998 0.45099999999999996 0.32300000000000006
-3803.371295541537 0.22599999999999998 0.4735 0.30050000000000004
-3781.6388145987394 0.22599999999999998 0.496 0.278
-3760.676636844445 0.22599999999999998 0.5185 0.25550000000000006
-3739.467380823226 0.22599999999999998 0.541 0.23299999999999998
-3718.406131472914 0.22599999999999998 0.5635 0.21050000000000002
-3695.060516416868 0.22599999999999998 0.586 0.18800000000000006
-3672.0099848927134 0.22599999999999998 0.6084999999999999 0.1655000000000001
-3646.4524400509313 0.22599999999999998 0.631 0.14300000000000002
-3622.506027617322 0.22599999999999998 0.6535 0.12050000000000005
-3597.6689732638415 0.22599999999999998 0.6759999999999999 0.09800000000000009
-3572.799746387102 0.22599999999999998 0.6985 0.07550000000000001
-3547.169207607046 0.22599999999999998 0.721 0.05300000000000005
-3522.6400730436885 0.22599999999999998 0.7434999999999999 0.030500000000000083
-3490.7009840774867 0.22599999999999998 0.773 0.0010000000000000009
-4261.059369415071 0.2485 0.001 0.7505000000000001
-4247.987110637514 0.2485 0.0235 0.7280000000000001
-4232.546148888965 0.2485 0.046 0.7055
-4218.35918712908 0.2485 0.0685 0.683
-4203.061226376709 0.2485 0.091 0.6605000000000001
-4191.279717141945 0.2485 0.11349999999999999 0.6380000000000001
-4172.788471379045 0.2485 0.136 0.6155
-4155.3900090428215 0.2485 0.1585 0.5930000000000001
-4134.61772096461 0.2485 0.181 0.5705
-4120.74386366605 0.2485 0.2035 0.548
-4104.0082140716295 0.2485 0.22599999999999998 0.5255000000000001
-4084.0207811486866 0.2485 0.2485 0.5030000000000001
-4072.2470117693624 0.2485 0.271 0.48050000000000004
-4054.7539115649415 0.2485 0.2935 0.4580000000000001
-4037.4520937260077 0.2485 0.316 0.43550000000000005
-4018.713505804353 0.2485 0.33849999999999997 0.4130000000000001
-3998.2159740815114 0.2485 0.361 0.39050000000000007
-3977.4738636965676 0.2485 0.3835 0.36800000000000005
-3956.4416664548953 0.2485 0.40599999999999997 0.3455000000000001
-3938.5655761198004 0.2485 0.4285 0.32300000000000006
-3917.2782943031243 0.2485 0.45099999999999996 0.3005000000000001
-3895.340965403771 0.2485 0.4735 0.2780000000000001
-3873.934687786343 0.2485 0.496 0.25550000000000006
-3852.807909322465 0.2485 0.5185 0.2330000000000001
-3832.1975960319537 0.2485 0.541 0.21050000000000002
-3810.430598143752 0.2485 0.5635 0.18800000000000006
-3787.0513699864123 0.2485 0.586 0.1655000000000001
-3761.8446683246984 0.2485 0.6084999999999999 0.14300000000000013
-3737.477024113419 0.2485 0.631 0.12050000000000005
-3712.889845228684 0.2485 0.6535 0.09800000000000009
-3688.396095870941 0.2485 0.6759999999999999 0.07550000000000012
-3663.2760520094353 0.2485 0.6985 0.05300000000000005
-3637.9555417172464 0.2485 0.721 0.030500000000000083
-3605.2747765729323 0.2485 0.751 0.000500000000000056
