-6350.935529662222 0.7434999999999999 0.001 0.25550000000000006
-6332.47252650101 0.7434999999999999 0.0235 0.23300000000000007
-6314.964337781423 0.7434999999999999 0.046 0.21050000000000008
-6298.158908184516 0.7434999999999999 0.0685 0.18800000000000006
-6281.620449538975 0.7434999999999999 0.091 0.16550000000000006
-6263.9871358272785 0.7434999999999999 0.11349999999999999 0.14300000000000007
-6244.164838896897 0.7434999999999999 0.136 0.12050000000000005
-6223.129117248717 0.7434999999999999 0.1585 0.09800000000000006
-6202.55294221865 0.7434999999999999 0.181 0.07550000000000007
-6179.483578023131 0.7434999999999999 0.2035 0.053000000000000075
-6155.0845874065135 0.7434999999999999 0.22599999999999998 0.030500000000000083
-6123.113959011982 0.7434999999999999 0.256 0.000500000000000056
-6447.931177528225 0.766 0.001 0.23299999999999998
-6426.817709224124 0.766 0.0235 0.2105
-6408.025275990707 0.766 0.046 0.188
-6392.705265602064 0.766 0.0685 0.16549999999999998
-6375.8535566881055 0.766 0.091 0.143
-6356.950459694426 0.766 0.11349999999999999 0.1205
-6336.1262541438255 0.766 0.136 0.09799999999999998
-6316.341440367531 0.766 0.1585 0.07549999999999998
-6293.277846043493 0.766 0.181 0.05299999999999999
-6268.96097742691 0.766 0.2035 0.0305
-6237.536817260029 0.766 0.233 0.0009999999999999731
-6542.257334634771 0.7885 0.001 0.21050000000000002
-6521.385079864261 0.7885 0.0235 0.18800000000000003
-6502.438032328076 0.7885 0.046 0.16550000000000004
-6487.917945560048 0.7885 0.0685 0.14300000000000002
-6469.612427840963 0.7885 0.091 0.12050000000000002
-6450.014069635031 0.7885 0.11349999999999999 0.09800000000000003
-6429.381252213122 0.7885 0.136 0.07550000000000001
-6407.854523546785 0.7885 0.1585 0.05300000000000002
-6383.524047650597 0.7885 0.181 0.030500000000000027
-6351.698586878209 0.7885 0.211 0.0005000000000000282
