-4355.101706952455 0.271 0.001 0.728
-4340.690247466813 0.271 0.0235 0.7055
-4326.846726218442 0.271 0.046 0.6829999999999999
-4314.686846598087 0.271 0.0685 0.6605
-4298.966760628714 0.271 0.091 0.638
-4282.648396036724 0.271 0.11349999999999999 0.6154999999999999
-4265.573747671042 0.271 0.136 0.593
-4248.427880504456 0.271 0.1585 0.5705
-4234.099703284138 0.271 0.181 0.548
-4214.4692509674505 0.271 0.2035 0.5255
-4201.727149501527 0.271 0.22599999999999998 0.503
-4183.97062356074 0.271 0.2485 0.4805
-4166.487208593678 0.271 0.271 0.45799999999999996
-4149.181202778194 0.271 0.2935 0.4355
-4131.00528815015 0.271 0.316 0.413
-4111.2676756076 0.271 0.33849999999999997 0.3905
-4093.320813905834 0.271 0.361 0.368
-4071.7445982131358 0.271 0.3835 0.3455
-4051.860431751722 0.271 0.40599999999999997 0.323
-4030.9415124595257 0.271 0.4285 0.3005
-4009.137045360493 0.271 0.45099999999999996 0.278
-3987.7925689458953 0.271 0.4735 0.2555
-3965.7928714061454 0.271 0.496 0.23299999999999998
-3944.865680356703 0.271 0.5185 0.21050000000000002
-3924.061539408555 0.271 0.541 0.18799999999999994
-3899.410494292671 0.271 0.5635 0.16549999999999998
-3876.195273943157 0.271 0.586 0.14300000000000002
-3850.9035751445394 0.271 0.6084999999999999 0.12050000000000005
-3825.9855013847814 0.271 0.631 0.09799999999999998
-3801.7623354148805 0.271 0.6535 0.07550000000000001
-3776.683192547056 0.271 0.6759999999999999 0.05300000000000005
-3751.7769579991254 0.271 0.6985 0.03049999999999997
-3719.5655438323706 0.271 0.728 0.0010000000000000009
-4449.372815573062 0.2935 0.001 0.7055
-4435.187740000761 0.2935 0.0235 0.683
-4420.840651041461 0.2935 0.046 0.6605
-4408.597405338827 0.2935 0.0685 0.638
-4395.963509454762 0.2935 0.091 0.6155
-4381.442152071318 0.2935 0.11349999999999999 0.593
-4363.709414213116 0.2935 0.136 0.5705
-4347.678620832784 0.2935 0.1585 0.548
-4330.907718198007 0.2935 0.181 0.5255000000000001
-4313.2726842117945 0.2935 0.2035 0.503
-4295.386821614665 0.2935 0.22599999999999998 0.48050000000000004
-4277.798683314945 0.2935 0.2485 0.458
-4260.310006995419 0.2935 0.271 0.4355
-4242.233077651553 0.2935 0.2935 0.41300000000000003
-4223.530312558127 0.2935 0.316 0.3905
-4203.8612036957065 0.2935 0.33849999999999997 0.36800000000000005
-4185.083029297921 0.2935 0.361 0.34550000000000003
-4164.5365957615495 0.2935 0.3835 0.323
-4143.658248706715 0.2935 0.40599999999999997 0.30050000000000004
-4122.618847639849 0.2935 0.4285 0.278
-4101.6162493435095 0.2935 0.45099999999999996 0.25550000000000006
-4080.342664257648 0.2935 0.4735 0.23300000000000004
-4059.056715517939 0.2935 0.496 0.21050000000000002
-4038.2072993126385 0.2935 0.5185 0.18800000000000006
-4015.0938673906735 0.2935 0.541 0.16549999999999998
-3991.163011631084 0.2935 0.5635 0.14300000000000002
-3966.6751980422955 0.2935 0.586 0.12050000000000005
-3941.8415457296937 0.2935 0.6084999999999999 0.09800000000000009
-3916.7186602778775 0.2935 0.631 0.07550000000000001
-3891.793217493784 0.2935 0.6535 0.05300000000000005
-3866.7339685138754 0.2935 0.6759999999999999 0.030500000000000083
-3833.869122795876 0.2935 0.706 0.000500000000000056
-4545.584104175131 0.316 0.001 0.6829999999999999
-4531.267409232419 0.316 0.0235 0.6605
-4516.069421140486 0.316 0.046 0.6379999999999999
-4504.755523456433 0.316 0.0685 0.6154999999999999
-4486.4022747294 0.316 0.091 0.593
-4475.905456148855 0.316 0.11349999999999999 0.5705
-4457.550868105113 0.316 0.136 0.5479999999999999
-4441.678424089166 0.316 0.1585 0.5255
-4424.451461075519 0.316 0.181 0.5029999999999999
-4407.690378871532 0.316 0.2035 0.4804999999999999
-4389.921360897924 0.316 0.22599999999999998 0.45799999999999996
-4370.572397283821 0.316 0.2485 0.43549999999999994
-4353.30702474941 0.316 0.271 0.4129999999999999
-4335.948974455964 0.316 0.2935 0.39049999999999996
-4317.602696456117 0.316 0.316 0.36799999999999994
-4298.869362086477 0.316 0.33849999999999997 0.3455
-4277.223610482031 0.316 0.361 0.32299999999999995
-4257.984965242585 0.316 0.3835 0.30049999999999993
-4236.762782550562 0.316 0.40599999999999997 0.27799999999999997
-4214.794345524147 0.316 0.4285 0.25549999999999995
-4193.409406885663 0.316 0.45099999999999996 0.23299999999999998
-4171.9684901935425 0.316 0.4735 0.21049999999999996
-4151.003565887502 0.316 0.496 0.18799999999999994
-4129.137598819081 0.316 0.5185 0.16549999999999998
-4103.800812067253 0.316 0.541 0.1429999999999999
-4079.9864496055607 0.316 0.5635 0.12049999999999994
-4055.384023045279 0.316 0.586 0.09799999999999998
-4030.3839722866137 0.316 0.6084999999999999 0.07550000000000001
-4005.386612212696 0.316 0.631 0.052999999999999936
-3980.7226534865986 0.316 0.6535 0.03049999999999997
-3948.6216025745634 0.316 0.683 0.0009999999999998899
