-3935.46644689581 0.17419999999999997 0.05 0.7758
-3945.1559660678026 0.17419999999999997 0.0707 0.7551000000000001
-3944.9427627701057 0.17419999999999997 0.0914 0.7344
-3951.3658622232297 0.17419999999999997 0.11209999999999999 0.7137000000000001
-3953.261165561543 0.17419999999999997 0.13279999999999997 0.6930000000000001
-3958.589267573333 0.17419999999999997 0.15349999999999997 0.6723000000000001
-3954.4925427585545 0.17419999999999997 0.17419999999999997 0.6516000000000002
-3958.310669585232 0.17419999999999997 0.19489999999999996 0.6309000000000001
-3959.0623802901755 0.17419999999999997 0.21559999999999996 0.6102000000000001
-3943.867182754213 0.17419999999999997 0.23629999999999995 0.5895000000000001
-3923.2125136446616 0.17419999999999997 0.25699999999999995 0.5688000000000002
-3891.4790953629667 0.17419999999999997 0.27769999999999995 0.5481000000000001
-3870.6456379657475 0.17419999999999997 0.29839999999999994 0.5274000000000001
-3847.978879646718 0.17419999999999997 0.31909999999999994 0.5067000000000002
-3819.3956914646446 0.17419999999999997 0.33979999999999994 0.48600000000000015
-3794.7605718846344 0.17419999999999997 0.36049999999999993 0.46530000000000016
-3765.115870544729 0.17419999999999997 0.38119999999999993 0.44460000000000016
-3742.231361983014 0.17419999999999997 0.4018999999999999 0.42390000000000017
-3714.331844319308 0.17419999999999997 0.4225999999999999 0.40320000000000017
-3688.4938298813854 0.17419999999999997 0.4432999999999999 0.3825000000000002
-3662.413042177178 0.17419999999999997 0.4639999999999999 0.3618000000000002
-3636.4421946408734 0.17419999999999997 0.4846999999999999 0.3411000000000002
-3612.4439008065574 0.17419999999999997 0.5054 0.32040000000000013
-3587.3617205611085 0.17419999999999997 0.5260999999999999 0.2997000000000002
-3557.8223772432484 0.17419999999999997 0.5468 0.27900000000000014
-3531.756966191945 0.17419999999999997 0.5674999999999999 0.2583000000000002
-3501.2232777469817 0.17419999999999997 0.5882 0.23760000000000014
-3474.747307458645 0.17419999999999997 0.6089 0.2169000000000001
-3449.7040277329393 0.17419999999999997 0.6295999999999999 0.19620000000000015
-3424.264248024801 0.17419999999999997 0.6502999999999999 0.1755000000000002
-3393.372858024883 0.17419999999999997 0.6709999999999999 0.15480000000000016
-3365.311179380013 0.17419999999999997 0.6917 0.1341000000000001
-3339.3800514367995 0.17419999999999997 0.7123999999999999 0.11340000000000017
-3292.9098682134104 0.17419999999999997 0.7330999999999999 0.09270000000000023
-3286.2113166607187 0.17419999999999997 0.7537999999999999 0.07200000000000017
-3251.3179288092088 0.17419999999999997 0.7745 0.05130000000000012
-3229.676611247571 0.17419999999999997 0.7951999999999999 0.030600000000000183
-3974.725234945318 0.19489999999999996 0.05 0.7551
-4016.7960320865454 0.19489999999999996 0.0707 0.7344
-4026.336328116498 0.19489999999999996 0.0914 0.7137
-4017.3851103128204 0.19489999999999996 0.11209999999999999 0.6930000000000001
-4029.5780815293297 0.19489999999999996 0.13279999999999997 0.6723000000000001
-4029.3401818562725 0.19489999999999996 0.15349999999999997 0.6516000000000001
-4032.107554866018 0.19489999999999996 0.17419999999999997 0.6309
-4032.4675552123017 0.19489999999999996 0.19489999999999996 0.6102000000000001
-4028.203690417116 0.19489999999999996 0.21559999999999996 0.5895000000000001
-4014.2373094130708 0.19489999999999996 0.23629999999999995 0.5688000000000001
-3986.967250750336 0.19489999999999996 0.25699999999999995 0.5481
-3963.249897653984 0.19489999999999996 0.27769999999999995 0.5274000000000001
-3938.7156076402434 0.19489999999999996 0.29839999999999994 0.5067000000000002
-3918.229023245028 0.19489999999999996 0.31909999999999994 0.4860000000000001
-3895.2394590884014 0.19489999999999996 0.33979999999999994 0.4653000000000001
-3862.66921260026 0.19489999999999996 0.36049999999999993 0.4446000000000001
-3838.7250383718347 0.19489999999999996 0.38119999999999993 0.4239000000000001
-3812.8350223477823 0.19489999999999996 0.4018999999999999 0.4032000000000001
-3789.426058327645 0.19489999999999996 0.4225999999999999 0.3825000000000001
-3762.8160209576713 0.19489999999999996 0.4432999999999999 0.3618000000000001
-3715.2225704946413 0.19489999999999996 0.4639999999999999 0.3411000000000001
-3704.3648958398558 0.19489999999999996 0.4846999999999999 0.32040000000000013
-3684.083128096242 0.19489999999999996 0.5054 0.2997000000000001
-3656.7955538984515 0.19489999999999996 0.5260999999999999 0.27900000000000014
-3627.233387882623 0.19489999999999996 0.5468 0.2583000000000001
-3604.478344354152 0.19489999999999996 0.5674999999999999 0.23760000000000014
-3574.544327161054 0.19489999999999996 0.5882 0.2169000000000001
-3548.486625948429 0.19489999999999996 0.6089 0.19620000000000004
-3520.232622784425 0.19489999999999996 0.6295999999999999 0.1755000000000001
-3490.9645090533363 0.19489999999999996 0.6502999999999999 0.15480000000000016
-3464.9987027724696 0.19489999999999996 0.6709999999999999 0.1341000000000001
-3434.4197458890867 0.19489999999999996 0.6917 0.11340000000000006
-3410.279016111529 0.19489999999999996 0.7123999999999999 0.09270000000000012
-3382.728734082956 0.19489999999999996 0.7330999999999999 0.07200000000000017
-3353.814334446726 0.19489999999999996 0.7537999999999999 0.05130000000000012
-3324.796730452433 0.19489999999999996 0.7745 0.03060000000000007
-4113.806916615659 0.21559999999999996 0.05 0.7343999999999999
-4112.711951787375 0.21559999999999996 0.0707 0.7137
-4114.78215385976 0.21559999999999996 0.0914 0.693
-4115.1916234283 0.21559999999999996 0.11209999999999999 0.6723
-4114.609774805911 0.21559999999999996 0.13279999999999997 0.6516
-4121.26216089751 0.21559999999999996 0.15349999999999997 0.6309
-4119.865805403936 0.21559999999999996 0.17419999999999997 0.6102000000000001
-4115.714215283381 0.21559999999999996 0.19489999999999996 0.5895
-4111.836900914299 0.21559999999999996 0.21559999999999996 0.5688
-4090.2908615352144 0.21559999999999996 0.23629999999999995 0.5481
-4063.450097378496 0.21559999999999996 0.25699999999999995 0.5274000000000001
-4045.3877919698666 0.21559999999999996 0.27769999999999995 0.5067
-4015.6126491578298 0.21559999999999996 0.29839999999999994 0.48600000000000004
-3993.2963800765083 0.21559999999999996 0.31909999999999994 0.46530000000000005
-3968.5168206660915 0.21559999999999996 0.33979999999999994 0.44460000000000005
-3943.4608385674105 0.21559999999999996 0.36049999999999993 0.42390000000000005
-3912.55716235395 0.21559999999999996 0.38119999999999993 0.40320000000000006
-3886.1851543644984 0.21559999999999996 0.4018999999999999 0.38250000000000006
-3864.437878668579 0.21559999999999996 0.4225999999999999 0.36180000000000007
-3835.4035792960944 0.21559999999999996 0.4432999999999999 0.34110000000000007
-3813.6467693934305 0.21559999999999996 0.4639999999999999 0.3204000000000001
-3784.1239114259242 0.21559999999999996 0.4846999999999999 0.2997000000000001
-3762.1881308651837 0.21559999999999996 0.5054 0.279
-3735.1056521274345 0.21559999999999996 0.5260999999999999 0.2583000000000001
-3704.9266741238953 0.21559999999999996 0.5468 0.23760000000000003
-3674.807132421994 0.21559999999999996 0.5674999999999999 0.2169000000000001
-3640.879741769102 0.21559999999999996 0.5882 0.19620000000000004
-3622.230205615893 0.21559999999999996 0.6089 0.1755
-3594.4986116463915 0.21559999999999996 0.6295999999999999 0.15480000000000005
-3575.349175639554 0.21559999999999996 0.6502999999999999 0.1341000000000001
-3538.491957502359 0.21559999999999996 0.6709999999999999 0.11340000000000006
-3509.2182650017303 0.21559999999999996 0.6917 0.0927
-3487.8062821895624 0.21559999999999996 0.7123999999999999 0.07200000000000006
-3455.679957871603 0.21559999999999996 0.7330999999999999 0.05130000000000012
-3430.3627918621305 0.21559999999999996 0.7537999999999999 0.03060000000000007
