-4958.705961880873 0.4225999999999999 0.05 0.5274000000000001
-4959.667945924855 0.4225999999999999 0.0707 0.5067000000000002
-4958.118068681916 0.4225999999999999 0.0914 0.48600000000000015
-4965.185333920573 0.4225999999999999 0.11209999999999999 0.46530000000000016
-4940.3419713289395 0.4225999999999999 0.13279999999999997 0.44460000000000016
-4947.45721811676 0.4225999999999999 0.15349999999999997 0.42390000000000017
-4935.101362459584 0.4225999999999999 0.17419999999999997 0.40320000000000017
-4909.20485143529 0.4225999999999999 0.19489999999999996 0.3825000000000002
-4888.211322286115 0.4225999999999999 0.21559999999999996 0.3618000000000002
-4857.278206646519 0.4225999999999999 0.23629999999999995 0.3411000000000002
-4836.49074460607 0.4225999999999999 0.25699999999999995 0.3204000000000002
-4818.5121949913955 0.4225999999999999 0.27769999999999995 0.2997000000000002
-4788.523943169304 0.4225999999999999 0.29839999999999994 0.2790000000000002
-4758.583856162196 0.4225999999999999 0.31909999999999994 0.2583000000000002
-4727.195384093812 0.4225999999999999 0.33979999999999994 0.2376000000000002
-4701.537616236991 0.4225999999999999 0.36049999999999993 0.2169000000000002
-4686.148189943062 0.4225999999999999 0.38119999999999993 0.1962000000000002
-4653.604003400246 0.4225999999999999 0.4018999999999999 0.1755000000000002
-4626.743664413074 0.4225999999999999 0.4225999999999999 0.15480000000000022
-4601.878560387538 0.4225999999999999 0.4432999999999999 0.13410000000000022
-4570.7099460562085 0.4225999999999999 0.4639999999999999 0.11340000000000022
-4539.929318600498 0.4225999999999999 0.4846999999999999 0.09270000000000023
-4503.718089883676 0.4225999999999999 0.5054 0.07200000000000017
-4479.580565418113 0.4225999999999999 0.5260999999999999 0.051300000000000234
-4456.517579104333 0.4225999999999999 0.5468 0.030600000000000183
-5034.210905230537 0.4432999999999999 0.05 0.5067
-5036.790896445471 0.4432999999999999 0.0707 0.4860000000000001
-5038.53222106593 0.4432999999999999 0.0914 0.4653000000000001
-5043.20142165775 0.4432999999999999 0.11209999999999999 0.4446000000000001
-5035.370343015393 0.4432999999999999 0.13279999999999997 0.4239000000000001
-5031.483120845022 0.4432999999999999 0.15349999999999997 0.4032000000000001
-5012.033838926797 0.4432999999999999 0.17419999999999997 0.3825000000000001
-4983.443770071 0.4432999999999999 0.19489999999999996 0.3618000000000001
-4964.443564897743 0.4432999999999999 0.21559999999999996 0.3411000000000001
-4932.06026449286 0.4432999999999999 0.23629999999999995 0.32040000000000013
-4906.878406803068 0.4432999999999999 0.25699999999999995 0.29970000000000013
-4882.300625870208 0.4432999999999999 0.27769999999999995 0.27900000000000014
-4859.432623330467 0.4432999999999999 0.29839999999999994 0.25830000000000014
-4834.627064636504 0.4432999999999999 0.31909999999999994 0.23760000000000014
-4802.770377096098 0.4432999999999999 0.33979999999999994 0.21690000000000015
-4778.505179493039 0.4432999999999999 0.36049999999999993 0.19620000000000015
-4761.576189136482 0.4432999999999999 0.38119999999999993 0.17550000000000016
-4730.242678962891 0.4432999999999999 0.4018999999999999 0.15480000000000016
-4698.827752620229 0.4432999999999999 0.4225999999999999 0.13410000000000016
-4671.021126640055 0.4432999999999999 0.4432999999999999 0.11340000000000017
-4648.845292495272 0.4432999999999999 0.4639999999999999 0.09270000000000017
-4619.70338088416 0.4432999999999999 0.4846999999999999 0.07200000000000017
-4595.679391427814 0.4432999999999999 0.5054 0.05130000000000012
-4562.663430161113 0.4432999999999999 0.5260999999999999 0.030600000000000183
-5139.698719957426 0.4639999999999999 0.05 0.48600000000000004
-5141.612828200934 0.4639999999999999 0.0707 0.46530000000000005
-5131.776814900483 0.4639999999999999 0.0914 0.44460000000000005
-5127.911420828323 0.4639999999999999 0.11209999999999999 0.42390000000000005
-5127.638777139663 0.4639999999999999 0.13279999999999997 0.40320000000000006
-5116.651955945396 0.4639999999999999 0.15349999999999997 0.38250000000000006
-5096.992543402774 0.4639999999999999 0.17419999999999997 0.36180000000000007
-5065.564702878591 0.4639999999999999 0.19489999999999996 0.34110000000000007
-5028.765482411037 0.4639999999999999 0.21559999999999996 0.3204000000000001
-5001.133871233691 0.4639999999999999 0.23629999999999995 0.2997000000000001
-4983.3320358418805 0.4639999999999999 0.25699999999999995 0.2790000000000001
-4966.386772685738 0.4639999999999999 0.27769999999999995 0.2583000000000001
-4938.83442517072 0.4639999999999999 0.29839999999999994 0.2376000000000001
-4918.353227590894 0.4639999999999999 0.31909999999999994 0.2169000000000001
-4891.896208972696 0.4639999999999999 0.33979999999999994 0.1962000000000001
-4864.313137945761 0.4639999999999999 0.36049999999999993 0.1755000000000001
-4839.0470859523175 0.4639999999999999 0.38119999999999993 0.1548000000000001
-4807.045776458152 0.4639999999999999 0.4018999999999999 0.1341000000000001
-4790.719884088939 0.4639999999999999 0.4225999999999999 0.11340000000000011
-4757.12813704153 0.4639999999999999 0.4432999999999999 0.09270000000000012
-4738.094077670735 0.4639999999999999 0.4639999999999999 0.07200000000000012
-4705.783953309325 0.4639999999999999 0.4846999999999999 0.05130000000000012
-4667.695346030576 0.4639999999999999 0.5054 0.03060000000000007
