-5485.72846036629 0.5468 0.05 0.40320000000000006
-5481.670044099807 0.5468 0.0707 0.38250000000000006
-5473.753043185873 0.5468 0.0914 0.36180000000000007
-5466.37677872492 0.5468 0.11209999999999999 0.34110000000000007
-5454.378223651456 0.5468 0.13279999999999997 0.3204000000000001
-5433.356180202876 0.5468 0.15349999999999997 0.2997000000000001
-5406.596941824147 0.5468 0.17419999999999997 0.2790000000000001
-5377.800685510789 0.5468 0.19489999999999996 0.2583000000000001
-5355.37981273139 0.5468 0.21559999999999996 0.2376000000000001
-5329.043646982098 0.5468 0.23629999999999995 0.2169000000000001
-5301.303033990054 0.5468 0.25699999999999995 0.1962000000000001
-5275.622259069256 0.5468 0.27769999999999995 0.1755000000000001
-5256.13939594377 0.5468 0.29839999999999994 0.1548000000000001
-5229.492174345671 0.5468 0.31909999999999994 0.1341000000000001
-5196.772522001739 0.5468 0.33979999999999994 0.11340000000000011
-5173.9848397016995 0.5468 0.36049999999999993 0.09270000000000012
-5152.221535132108 0.5468 0.38119999999999993 0.07200000000000012
-5114.882537435523 0.5468 0.4018999999999999 0.05130000000000012
-5080.541790872885 0.5468 0.4225999999999999 0.030600000000000127
-5565.363073200302 0.5674999999999999 0.05 0.3825000000000001
-5557.148215305908 0.5674999999999999 0.0707 0.3618000000000001
-5558.091201274405 0.5674999999999999 0.0914 0.3411000000000001
-5545.899534436925 0.5674999999999999 0.11209999999999999 0.32040000000000013
-5531.4676948375245 0.5674999999999999 0.13279999999999997 0.29970000000000013
-5509.89353941453 0.5674999999999999 0.15349999999999997 0.27900000000000014
-5488.664205984368 0.5674999999999999 0.17419999999999997 0.25830000000000014
-5460.947660474286 0.5674999999999999 0.19489999999999996 0.23760000000000014
-5430.042384185489 0.5674999999999999 0.21559999999999996 0.21690000000000015
-5414.80410550294 0.5674999999999999 0.23629999999999995 0.19620000000000015
-5384.985698057862 0.5674999999999999 0.25699999999999995 0.17550000000000016
-5352.073548828095 0.5674999999999999 0.27769999999999995 0.15480000000000016
-5330.937338099641 0.5674999999999999 0.29839999999999994 0.13410000000000016
-5309.640636794484 0.5674999999999999 0.31909999999999994 0.11340000000000017
-5273.22556035147 0.5674999999999999 0.33979999999999994 0.09270000000000017
-5246.695529399329 0.5674999999999999 0.36049999999999993 0.07200000000000017
-5225.673808113067 0.5674999999999999 0.38119999999999993 0.05130000000000018
-5200.202002228104 0.5674999999999999 0.4018999999999999 0.030600000000000183
-5664.916331875815 0.5882 0.05 0.36180000000000007
-5662.39465997725 0.5882 0.0707 0.34110000000000007
-5653.047711315511 0.5882 0.0914 0.3204000000000001
-5642.418240054269 0.5882 0.11209999999999999 0.2997000000000001
-5632.65823547023 0.5882 0.13279999999999997 0.2790000000000001
-5602.882049646295 0.5882 0.15349999999999997 0.2583000000000001
-5572.493775412296 0.5882 0.17419999999999997 0.2376000000000001
-5543.741241647044 0.5882 0.19489999999999996 0.2169000000000001
-5525.651283491448 0.5882 0.21559999999999996 0.1962000000000001
-5490.790514708676 0.5882 0.23629999999999995 0.1755000000000001
-5473.153725116973 0.5882 0.25699999999999995 0.1548000000000001
-5437.4580526249065 0.5882 0.27769999999999995 0.1341000000000001
-5406.718194359698 0.5882 0.29839999999999994 0.11340000000000011
-5404.845100212429 0.5882 0.31909999999999994 0.09270000000000012
-5352.0128288344595 0.5882 0.33979999999999994 0.07200000000000012
-5335.336838416918 0.5882 0.36049999999999993 0.05130000000000012
-5311.772293302702 0.5882 0.38119999999999993 0.030600000000000127
