-4703.35144291633 0.36049999999999993 0.05 0.5895
-4707.059225246795 0.36049999999999993 0.0707 0.5688000000000001
-4712.875202982613 0.36049999999999993 0.0914 0.5481
-4709.873560306927 0.36049999999999993 0.11209999999999999 0.5274000000000001
-4704.954086853532 0.36049999999999993 0.13279999999999997 0.5067000000000002
-4702.394099279694 0.36049999999999993 0.15349999999999997 0.4860000000000001
-4696.695409977533 0.36049999999999993 0.17419999999999997 0.4653000000000001
-4683.137626929185 0.36049999999999993 0.19489999999999996 0.4446000000000001
-4657.6107685178085 0.36049999999999993 0.21559999999999996 0.4239000000000001
-4629.360407164279 0.36049999999999993 0.23629999999999995 0.4032000000000001
-4609.56956018117 0.36049999999999993 0.25699999999999995 0.3825000000000001
-4576.990129720437 0.36049999999999993 0.27769999999999995 0.3618000000000001
-4552.329300863677 0.36049999999999993 0.29839999999999994 0.3411000000000001
-4528.028554907118 0.36049999999999993 0.31909999999999994 0.32040000000000013
-4501.66732501562 0.36049999999999993 0.33979999999999994 0.29970000000000013
-4474.749688756541 0.36049999999999993 0.36049999999999993 0.27900000000000014
-4441.667365943158 0.36049999999999993 0.38119999999999993 0.25830000000000014
-4422.218899891149 0.36049999999999993 0.4018999999999999 0.23760000000000014
-4394.238740899689 0.36049999999999993 0.4225999999999999 0.21690000000000015
-4360.687005794491 0.36049999999999993 0.4432999999999999 0.19620000000000015
-4349.304730535 0.36049999999999993 0.4639999999999999 0.17550000000000016
-4314.922558106569 0.36049999999999993 0.4846999999999999 0.15480000000000016
-4298.269547629703 0.36049999999999993 0.5054 0.1341000000000001
-4250.112945143607 0.36049999999999993 0.5260999999999999 0.11340000000000017
-4231.676674855553 0.36049999999999993 0.5468 0.09270000000000012
-4208.93016733991 0.36049999999999993 0.5674999999999999 0.07200000000000017
-4183.670848100055 0.36049999999999993 0.5882 0.05130000000000012
-4154.382410724379 0.36049999999999993 0.6089 0.03060000000000007
-4781.687609819645 0.38119999999999993 0.05 0.5688
-4784.564571317902 0.38119999999999993 0.0707 0.5481
-4784.081599519501 0.38119999999999993 0.0914 0.5274
-4782.580192101728 0.38119999999999993 0.11209999999999999 0.5067
-4785.530651434732 0.38119999999999993 0.13279999999999997 0.48600000000000004
-4778.26681828621 0.38119999999999993 0.15349999999999997 0.46530000000000005
-4776.930314030058 0.38119999999999993 0.17419999999999997 0.44460000000000005
-4748.42186470265 0.38119999999999993 0.19489999999999996 0.42390000000000005
-4730.6905345271025 0.38119999999999993 0.21559999999999996 0.40320000000000006
-4695.085856998107 0.38119999999999993 0.23629999999999995 0.38250000000000006
-4672.987431237402 0.38119999999999993 0.25699999999999995 0.36180000000000007
-4653.882366852921 0.38119999999999993 0.27769999999999995 0.34110000000000007
-4622.858409920418 0.38119999999999993 0.29839999999999994 0.3204000000000001
-4603.347624382219 0.38119999999999993 0.31909999999999994 0.2997000000000001
-4576.050549558921 0.38119999999999993 0.33979999999999994 0.2790000000000001
-4549.413360203214 0.38119999999999993 0.36049999999999993 0.2583000000000001
-4522.463286561024 0.38119999999999993 0.38119999999999993 0.2376000000000001
-4494.142082943663 0.38119999999999993 0.4018999999999999 0.2169000000000001
-4474.445584829769 0.38119999999999993 0.4225999999999999 0.1962000000000001
-4437.423850553411 0.38119999999999993 0.4432999999999999 0.1755000000000001
-4412.8721022188665 0.38119999999999993 0.4639999999999999 0.1548000000000001
-4392.852167276451 0.38119999999999993 0.4846999999999999 0.1341000000000001
-4364.625494881927 0.38119999999999993 0.5054 0.11340000000000006
-4335.160772106071 0.38119999999999993 0.5260999999999999 0.09270000000000012
-4311.493496914329 0.38119999999999993 0.5468 0.07200000000000006
-4283.606167945171 0.38119999999999993 0.5674999999999999 0.05130000000000012
-4258.548723137444 0.38119999999999993 0.5882 0.03060000000000007
-4880.0534913308775 0.4018999999999999 0.05 0.5481
-4878.211750886699 0.4018999999999999 0.0707 0.5274000000000001
-4873.078887620542 0.4018999999999999 0.0914 0.5067
-4875.886645206386 0.4018999999999999 0.11209999999999999 0.4860000000000001
-4883.294758229221 0.4018999999999999 0.13279999999999997 0.4653000000000001
-4869.934972978483 0.4018999999999999 0.15349999999999997 0.4446000000000001
-4861.793028597274 0.4018999999999999 0.17419999999999997 0.4239000000000001
-4828.79267175976 0.4018999999999999 0.19489999999999996 0.4032000000000001
-4804.914688731431 0.4018999999999999 0.21559999999999996 0.3825000000000001
-4776.385373819372 0.4018999999999999 0.23629999999999995 0.3618000000000001
-4758.982894915454 0.4018999999999999 0.25699999999999995 0.3411000000000001
-4730.9356753593165 0.4018999999999999 0.27769999999999995 0.32040000000000013
-4707.425176814909 0.4018999999999999 0.29839999999999994 0.29970000000000013
-4682.79686710245 0.4018999999999999 0.31909999999999994 0.27900000000000014
-4652.376468291104 0.4018999999999999 0.33979999999999994 0.25830000000000014
-4634.8956314816105 0.4018999999999999 0.36049999999999993 0.23760000000000014
-4602.782158472618 0.4018999999999999 0.38119999999999993 0.21690000000000015
-4576.812507595941 0.4018999999999999 0.4018999999999999 0.19620000000000015
-4551.943452739223 0.4018999999999999 0.4225999999999999 0.17550000000000016
-4525.234621023666 0.4018999999999999 0.4432999999999999 0.15480000000000016
-4492.905691771801 0.4018999999999999 0.4639999999999999 0.13410000000000016
-4471.144678806518 0.4018999999999999 0.4846999999999999 0.11340000000000017
-4445.329183178373 0.4018999999999999 0.5054 0.09270000000000012
-4419.472702253237 0.4018999999999999 0.5260999999999999 0.07200000000000017
-4396.315913276444 0.4018999999999999 0.5468 0.05130000000000012
-4358.081970230055 0.4018999999999999 0.5674999999999999 0.030600000000000183
