-3476.383531857857 0.11209999999999999 0.05 0.8379
-3522.9778220811136 0.11209999999999999 0.0707 0.8172
-3695.459773576626 0.11209999999999999 0.0914 0.7965
-3700.8627779614276 0.11209999999999999 0.11209999999999999 0.7758
-3708.232038710991 0.11209999999999999 0.13279999999999997 0.7551000000000001
-3709.0293059106325 0.11209999999999999 0.15349999999999997 0.7344
-3711.726179592426 0.11209999999999999 0.17419999999999997 0.7137
-3713.785517454102 0.11209999999999999 0.19489999999999996 0.6930000000000001
-3712.841186138462 0.11209999999999999 0.21559999999999996 0.6723000000000001
-3715.668050481718 0.11209999999999999 0.23629999999999995 0.6516000000000001
-3700.0327179756355 0.11209999999999999 0.25699999999999995 0.6309
-3670.907126720336 0.11209999999999999 0.27769999999999995 0.6102000000000001
-3643.818254940727 0.11209999999999999 0.29839999999999994 0.5895000000000001
-3619.6687426827016 0.11209999999999999 0.31909999999999994 0.5688000000000001
-3597.6993380710446 0.11209999999999999 0.33979999999999994 0.5481
-3567.6328910955685 0.11209999999999999 0.36049999999999993 0.5274000000000001
-3548.593235823723 0.11209999999999999 0.38119999999999993 0.5067000000000002
-3519.3276131094276 0.11209999999999999 0.4018999999999999 0.4860000000000001
-3492.921024624583 0.11209999999999999 0.4225999999999999 0.4653000000000001
-3469.310298605507 0.11209999999999999 0.4432999999999999 0.4446000000000001
-3443.8638248944117 0.11209999999999999 0.4639999999999999 0.4239000000000001
-3414.4943024367026 0.11209999999999999 0.4846999999999999 0.4032000000000001
-3390.043007216496 0.11209999999999999 0.5054 0.38250000000000006
-3363.596709838044 0.11209999999999999 0.5260999999999999 0.3618000000000001
-3337.6883056995994 0.11209999999999999 0.5468 0.34110000000000007
-3314.703871297377 0.11209999999999999 0.5674999999999999 0.32040000000000013
-3285.4276940066457 0.11209999999999999 0.5882 0.2997000000000001
-3258.5237412576166 0.11209999999999999 0.6089 0.279
-3229.0938427509977 0.11209999999999999 0.6295999999999999 0.2583000000000001
-3207.407022500825 0.11209999999999999 0.6502999999999999 0.23760000000000014
-3175.3442153677347 0.11209999999999999 0.6709999999999999 0.2169000000000001
-3145.959160345815 0.11209999999999999 0.6917 0.19620000000000004
-3117.760276001631 0.11209999999999999 0.7123999999999999 0.1755000000000001
-3091.491640896839 0.11209999999999999 0.7330999999999999 0.15480000000000016
-3060.8855004655215 0.11209999999999999 0.7537999999999999 0.1341000000000001
-3039.0701716533017 0.11209999999999999 0.7745 0.11340000000000006
-3013.7588017469366 0.11209999999999999 0.7951999999999999 0.09270000000000012
-2980.0499074592926 0.11209999999999999 0.8158999999999998 0.07200000000000017
-2954.300444547931 0.11209999999999999 0.8365999999999999 0.05130000000000012
-2923.492467277045 0.11209999999999999 0.8573 0.03060000000000007
-3616.334869252079 0.13279999999999997 0.05 0.8171999999999999
-3624.2421107003865 0.13279999999999997 0.0707 0.7965
-3771.4378243749725 0.13279999999999997 0.0914 0.7757999999999999
-3779.1668379874213 0.13279999999999997 0.11209999999999999 0.7551
-3779.5666485553015 0.13279999999999997 0.13279999999999997 0.7343999999999999
-3781.5144749875126 0.13279999999999997 0.15349999999999997 0.7137
-3785.0073749589383 0.13279999999999997 0.17419999999999997 0.6930000000000001
-3785.4553738993477 0.13279999999999997 0.19489999999999996 0.6723
-3787.1132482739945 0.13279999999999997 0.21559999999999996 0.6516
-3788.1997389880976 0.13279999999999997 0.23629999999999995 0.6309
-3766.93678527138 0.13279999999999997 0.25699999999999995 0.6102000000000001
-3740.5582322069217 0.13279999999999997 0.27769999999999995 0.5895
-3714.133108181421 0.13279999999999997 0.29839999999999994 0.5688
-3692.238631054648 0.13279999999999997 0.31909999999999994 0.5481
-3667.038565888363 0.13279999999999997 0.33979999999999994 0.5274000000000001
-3644.0277526335385 0.13279999999999997 0.36049999999999993 0.5067
-3612.6662078083054 0.13279999999999997 0.38119999999999993 0.48600000000000004
-3583.1525447810245 0.13279999999999997 0.4018999999999999 0.46530000000000005
-3564.9592745356317 0.13279999999999997 0.4225999999999999 0.44460000000000005
-3536.9340794132854 0.13279999999999997 0.4432999999999999 0.42390000000000005
-3511.1479912321206 0.13279999999999997 0.4639999999999999 0.40320000000000006
-3485.1919404530718 0.13279999999999997 0.4846999999999999 0.38250000000000006
-3463.6828477999825 0.13279999999999997 0.5054 0.3618
-3433.105501783802 0.13279999999999997 0.5260999999999999 0.34110000000000007
-3403.588563942971 0.13279999999999997 0.5468 0.3204
-3379.7654050984115 0.13279999999999997 0.5674999999999999 0.2997000000000001
-3351.4856697273576 0.13279999999999997 0.5882 0.279
-3325.994761773461 0.13279999999999997 0.6089 0.2583
-3297.7462311223367 0.13279999999999997 0.6295999999999999 0.23760000000000003
-3271.0251472498385 0.13279999999999997 0.6502999999999999 0.2169000000000001
-3243.2878856893526 0.13279999999999997 0.6709999999999999 0.19620000000000004
-3215.5453963746654 0.13279999999999997 0.6917 0.1755
-3189.3416274847864 0.13279999999999997 0.7123999999999999 0.15480000000000005
-3159.5769391718027 0.13279999999999997 0.7330999999999999 0.1341000000000001
-3139.9230926656123 0.13279999999999997 0.7537999999999999 0.11340000000000006
-3100.6193791365904 0.13279999999999997 0.7745 0.0927
-3076.3523224606893 0.13279999999999997 0.7951999999999999 0.07200000000000006
-3047.4245791680833 0.13279999999999997 0.8158999999999998 0.05130000000000012
-3018.050133619904 0.13279999999999997 0.8365999999999999 0.03060000000000007
-3716.6959733868534 0.15349999999999997 0.05 0.7965
-3810.1360804872184 0.15349999999999997 0.0707 0.7758
-3858.6833849143436 0.15349999999999997 0.0914 0.7551
-3862.829529062092 0.15349999999999997 0.11209999999999999 0.7344
-3866.018171127918 0.15349999999999997 0.13279999999999997 0.7137
-3865.9919232250904 0.15349999999999997 0.15349999999999997 0.6930000000000001
-3870.8451325473657 0.15349999999999997 0.17419999999999997 0.6723000000000001
-3871.280309537583 0.15349999999999997 0.19489999999999996 0.6516000000000001
-3872.367348342433 0.15349999999999997 0.21559999999999996 0.6309
-3863.7876202164616 0.15349999999999997 0.23629999999999995 0.6102000000000001
-3842.0179440243196 0.15349999999999997 0.25699999999999995 0.5895000000000001
-3817.769898955504 0.15349999999999997 0.27769999999999995 0.5688000000000001
-3791.9757226698543 0.15349999999999997 0.29839999999999994 0.5481
-3768.7106832295844 0.15349999999999997 0.31909999999999994 0.5274000000000001
-3740.7998485936205 0.15349999999999997 0.33979999999999994 0.5067000000000002
-3717.9186609665726 0.15349999999999997 0.36049999999999993 0.4860000000000001
-3694.0654327482202 0.15349999999999997 0.38119999999999993 0.4653000000000001
-3665.773308052171 0.15349999999999997 0.4018999999999999 0.4446000000000001
-3642.5320820107745 0.15349999999999997 0.4225999999999999 0.4239000000000001
-3614.553880701418 0.15349999999999997 0.4432999999999999 0.4032000000000001
-3583.43987483366 0.15349999999999997 0.4639999999999999 0.3825000000000001
-3565.390625734004 0.15349999999999997 0.4846999999999999 0.3618000000000001
-3532.0211318836173 0.15349999999999997 0.5054 0.34110000000000007
-3505.3660554498674 0.15349999999999997 0.5260999999999999 0.32040000000000013
-3482.256813149786 0.15349999999999997 0.5468 0.2997000000000001
-3455.4229345302865 0.15349999999999997 0.5674999999999999 0.27900000000000014
-3426.0270019562445 0.15349999999999997 0.5882 0.2583000000000001
-3400.920744820228 0.15349999999999997 0.6089 0.23760000000000003
-3373.759709501924 0.15349999999999997 0.6295999999999999 0.2169000000000001
-3341.7499257295744 0.15349999999999997 0.6502999999999999 0.19620000000000015
-3317.7253713802625 0.15349999999999997 0.6709999999999999 0.1755000000000001
-3291.1199243518195 0.15349999999999997 0.6917 0.15480000000000005
-3264.7323593191336 0.15349999999999997 0.7123999999999999 0.1341000000000001
-3238.3474934966634 0.15349999999999997 0.7330999999999999 0.11340000000000017
-3212.162037761525 0.15349999999999997 0.7537999999999999 0.09270000000000012
-3179.741509064396 0.15349999999999997 0.7745 0.07200000000000006
-3153.3918910355787 0.15349999999999997 0.7951999999999999 0.05130000000000012
-3122.7588778945747 0.15349999999999997 0.8158999999999998 0.030600000000000183
