-4810.501368586234 0.36049999999999993 0.05 0.5895
-4828.222663825146 0.36049999999999993 0.0707 0.5688000000000001
-4846.237558386822 0.36049999999999993 0.0914 0.5481
-4861.54043054208 0.36049999999999993 0.11209999999999999 0.5274000000000001
-4877.471682684264 0.36049999999999993 0.13279999999999997 0.5067000000000002
-4890.246869691013 0.36049999999999993 0.15349999999999997 0.4860000000000001
-4899.496214992657 0.36049999999999993 0.17419999999999997 0.4653000000000001
-4902.815795540044 0.36049999999999993 0.19489999999999996 0.4446000000000001
-4903.060910164825 0.36049999999999993 0.21559999999999996 0.4239000000000001
-4898.864333807045 0.36049999999999993 0.23629999999999995 0.4032000000000001
-4892.727333976881 0.36049999999999993 0.25699999999999995 0.3825000000000001
-4883.631250337399 0.36049999999999993 0.27769999999999995 0.3618000000000001
-4875.612346750157 0.36049999999999993 0.29839999999999994 0.3411000000000001
-4866.6041032791245 0.36049999999999993 0.31909999999999994 0.32040000000000013
-4857.244185644917 0.36049999999999993 0.33979999999999994 0.29970000000000013
-4840.164669023572 0.36049999999999993 0.36049999999999993 0.27900000000000014
-4824.9240096375415 0.36049999999999993 0.38119999999999993 0.25830000000000014
-4806.840357419238 0.36049999999999993 0.4018999999999999 0.23760000000000014
-4785.616524406611 0.36049999999999993 0.4225999999999999 0.21690000000000015
-4761.174577623312 0.36049999999999993 0.4432999999999999 0.19620000000000015
-4735.596775284978 0.36049999999999993 0.4639999999999999 0.17550000000000016
-4709.191103501284 0.36049999999999993 0.4846999999999999 0.15480000000000016
-4677.223810977291 0.36049999999999993 0.5054 0.1341000000000001
-4644.647839513413 0.36049999999999993 0.5260999999999999 0.11340000000000017
-4607.558814417498 0.36049999999999993 0.5468 0.09270000000000012
-4570.9512711948355 0.36049999999999993 0.5674999999999999 0.07200000000000017
-4530.509202952989 0.36049999999999993 0.5882 0.05130000000000012
-4488.02781077401 0.36049999999999993 0.6089 0.03060000000000007
-4896.2570474253735 0.38119999999999993 0.05 0.5688
-4914.544196131533 0.38119999999999993 0.0707 0.5481
-4933.174716462778 0.38119999999999993 0.0914 0.5274
-4947.717129733001 0.38119999999999993 0.11209999999999999 0.5067
-4961.2580004274905 0.38119999999999993 0.13279999999999997 0.48600000000000004
-4973.755319486518 0.38119999999999993 0.15349999999999997 0.46530000000000005
-4982.210721125971 0.38119999999999993 0.17419999999999997 0.44460000000000005
-4985.506756660627 0.38119999999999993 0.19489999999999996 0.42390000000000005
-4982.865011910869 0.38119999999999993 0.21559999999999996 0.40320000000000006
-4977.965760580326 0.38119999999999993 0.23629999999999995 0.38250000000000006
-4971.497660720507 0.38119999999999993 0.25699999999999995 0.36180000000000007
-4964.335164216381 0.38119999999999993 0.27769999999999995 0.34110000000000007
-4953.167648125777 0.38119999999999993 0.29839999999999994 0.3204000000000001
-4943.410194547101 0.38119999999999993 0.31909999999999994 0.2997000000000001
-4931.706238573699 0.38119999999999993 0.33979999999999994 0.2790000000000001
-4916.337010103903 0.38119999999999993 0.36049999999999993 0.2583000000000001
-4900.833071463237 0.38119999999999993 0.38119999999999993 0.2376000000000001
-4879.062292131495 0.38119999999999993 0.4018999999999999 0.2169000000000001
-4857.086740492052 0.38119999999999993 0.4225999999999999 0.1962000000000001
-4832.531490332409 0.38119999999999993 0.4432999999999999 0.1755000000000001
-4805.729955279741 0.38119999999999993 0.4639999999999999 0.1548000000000001
-4775.15442830899 0.38119999999999993 0.4846999999999999 0.1341000000000001
-4745.09541282086 0.38119999999999993 0.5054 0.11340000000000006
-4710.756478098274 0.38119999999999993 0.5260999999999999 0.09270000000000012
-4675.122822022576 0.38119999999999993 0.5468 0.07200000000000006
-4636.13244509101 0.38119999999999993 0.5674999999999999 0.05130000000000012
-4594.904436183406 0.38119999999999993 0.5882 0.03060000000000007
-4985.440060592877 0.4018999999999999 0.05 0.5481
-5002.800766231566 0.4018999999999999 0.0707 0.5274000000000001
-5019.860289318086 0.4018999999999999 0.0914 0.5067
-5034.976309743896 0.4018999999999999 0.11209999999999999 0.4860000000000001
-5047.576014743552 0.4018999999999999 0.13279999999999997 0.4653000000000001
-5059.270071868435 0.4018999999999999 0.15349999999999997 0.4446000000000001
-5065.793739262131 0.4018999999999999 0.17419999999999997 0.4239000000000001
-5067.266906560576 0.4018999999999999 0.19489999999999996 0.4032000000000001
-5064.4822444806905 0.4018999999999999 0.21559999999999996 0.3825000000000001
-5055.738269896329 0.4018999999999999 0.23629999999999995 0.3618000000000001
-5052.6628397975455 0.4018999999999999 0.25699999999999995 0.3411000000000001
-5041.4992380178965 0.4018999999999999 0.27769999999999995 0.32040000000000013
-5032.655344892867 0.4018999999999999 0.29839999999999994 0.29970000000000013
-5019.614884281869 0.4018999999999999 0.31909999999999994 0.27900000000000014
-5005.714605925841 0.4018999999999999 0.33979999999999994 0.25830000000000014
-4992.13496338363 0.4018999999999999 0.36049999999999993 0.23760000000000014
-4974.230405013814 0.4018999999999999 0.38119999999999993 0.21690000000000015
-4953.377470469402 0.4018999999999999 0.4018999999999999 0.19620000000000015
-4931.26701852716 0.4018999999999999 0.4225999999999999 0.17550000000000016
-4905.689007818259 0.4018999999999999 0.4432999999999999 0.15480000000000016
-4877.36270820788 0.4018999999999999 0.4639999999999999 0.13410000000000016
-4847.518080460134 0.4018999999999999 0.4846999999999999 0.11340000000000017
-4815.252474223167 0.4018999999999999 0.5054 0.09270000000000012
-4779.908348352701 0.4018999999999999 0.5260999999999999 0.07200000000000017
-4743.421962373828 0.4018999999999999 0.5468 0.05130000000000012
-4703.738704255945 0.4018999999999999 0.5674999999999999 0.030600000000000183
