-6104.561496358435 0.6709999999999999 0.05 0.2790000000000001
-6115.9802278041325 0.6709999999999999 0.0707 0.2583000000000001
-6126.892424717303 0.6709999999999999 0.0914 0.2376000000000001
-6128.586305211143 0.6709999999999999 0.11209999999999999 0.2169000000000001
-6124.3389563744095 0.6709999999999999 0.13279999999999997 0.1962000000000001
-6117.274435945721 0.6709999999999999 0.15349999999999997 0.1755000000000001
-6105.293296372755 0.6709999999999999 0.17419999999999997 0.1548000000000001
-6093.221279818871 0.6709999999999999 0.19489999999999996 0.1341000000000001
-6081.103178028412 0.6709999999999999 0.21559999999999996 0.11340000000000011
-6067.001620993779 0.6709999999999999 0.23629999999999995 0.09270000000000012
-6053.761057057261 0.6709999999999999 0.25699999999999995 0.07200000000000012
-6038.658982776375 0.6709999999999999 0.27769999999999995 0.05130000000000012
-6018.497290141215 0.6709999999999999 0.29839999999999994 0.030600000000000127
-6188.826276820149 0.6917 0.05 0.25830000000000003
-6202.039497800146 0.6917 0.0707 0.23760000000000003
-6208.50892183259 0.6917 0.0914 0.21690000000000004
-6210.720895626022 0.6917 0.11209999999999999 0.19620000000000004
-6203.526197166407 0.6917 0.13279999999999997 0.17550000000000004
-6195.180639171545 0.6917 0.15349999999999997 0.15480000000000005
-6183.712318349298 0.6917 0.17419999999999997 0.13410000000000005
-6170.169342656528 0.6917 0.19489999999999996 0.11340000000000006
-6159.415160986179 0.6917 0.21559999999999996 0.09270000000000006
-6143.641273915572 0.6917 0.23629999999999995 0.07200000000000006
-6129.282605754464 0.6917 0.25699999999999995 0.05130000000000007
-6115.796076338165 0.6917 0.27769999999999995 0.03060000000000007
-6275.242885007135 0.7123999999999999 0.05 0.2376000000000001
-6286.503580437837 0.7123999999999999 0.0707 0.2169000000000001
-6292.308607278727 0.7123999999999999 0.0914 0.1962000000000001
-6290.231731810363 0.7123999999999999 0.11209999999999999 0.1755000000000001
-6281.356741824308 0.7123999999999999 0.13279999999999997 0.1548000000000001
-6272.328793253962 0.7123999999999999 0.15349999999999997 0.1341000000000001
-6259.584135921754 0.7123999999999999 0.17419999999999997 0.11340000000000011
-6246.9133030307175 0.7123999999999999 0.19489999999999996 0.09270000000000012
-6233.856226870576 0.7123999999999999 0.21559999999999996 0.07200000000000012
-6217.478516944699 0.7123999999999999 0.23629999999999995 0.05130000000000012
-6205.916872924636 0.7123999999999999 0.25699999999999995 0.030600000000000127
