-3211.6511592653956 0.001 0.001 0.998
-3236.205408068821 0.001 0.0235 0.9755
-3261.1169014083684 0.001 0.046 0.953
-3286.4344069598014 0.001 0.0685 0.9305
-3312.308519983011 0.001 0.091 0.908
-3337.4485330999596 0.001 0.11349999999999999 0.8855
-3362.991479912069 0.001 0.136 0.863
-3387.1303252362522 0.001 0.1585 0.8405
-3411.4603153790663 0.001 0.181 0.8180000000000001
-3435.8704221934636 0.001 0.2035 0.7955
-3459.1996811385497 0.001 0.22599999999999998 0.773
-3481.7071825184858 0.001 0.2485 0.7505
-3502.9790771731946 0.001 0.271 0.728
-3514.436033919368 0.001 0.2935 0.7055
-3512.8022554868576 0.001 0.316 0.683
-3512.2123217354706 0.001 0.33849999999999997 0.6605000000000001
-3515.596730763781 0.001 0.361 0.638
-3514.4924922016685 0.001 0.3835 0.6154999999999999
-3506.8161534291044 0.001 0.40599999999999997 0.593
-3493.9422679350987 0.001 0.4285 0.5705
-3475.733323465737 0.001 0.45099999999999996 0.548
-3456.8847467659157 0.001 0.4735 0.5255000000000001
-3439.7341901171694 0.001 0.496 0.503
-3419.717407860092 0.001 0.5185 0.48050000000000004
-3401.623949287459 0.001 0.541 0.45799999999999996
-3380.502776745164 0.001 0.5635 0.4355
-3359.904266732566 0.001 0.586 0.41300000000000003
-3332.9821719921047 0.001 0.6084999999999999 0.39050000000000007
-3293.45132467695 0.001 0.631 0.368
-3254.4884982293765 0.001 0.6535 0.34550000000000003
-3214.7694522579663 0.001 0.6759999999999999 0.32300000000000006
-3177.154664212215 0.001 0.6985 0.3005
-3134.2665879897418 0.001 0.721 0.278
-3078.0813704390002 0.001 0.7434999999999999 0.25550000000000006
-3016.37156429899 0.001 0.766 0.23299999999999998
-2954.849932252032 0.001 0.7885 0.21050000000000002
-2891.2090062740813 0.001 0.8109999999999999 0.18800000000000006
-2828.0379950182123 0.001 0.8335 0.16549999999999998
-2764.4868131084295 0.001 0.856 0.14300000000000002
-2699.8968716883933 0.001 0.8785 0.12050000000000005
-2635.5691303805156 0.001 0.9009999999999999 0.09800000000000009
-2570.847933990158 0.001 0.9235 0.07550000000000001
-2505.394256673906 0.001 0.946 0.05300000000000005
-2440.2467476283327 0.001 0.9684999999999999 0.030500000000000083
-2355.140746655843 0.001 0.998 0.0010000000000000009
-3309.597337062114 0.0235 0.001 0.9755
-3334.919080463887 0.0235 0.0235 0.9530000000000001
-3359.8865138751958 0.0235 0.046 0.9305
-3386.0399747983674 0.0235 0.0685 0.908
-3411.362845854461 0.0235 0.091 0.8855000000000001
-3436.046188246276 0.0235 0.11349999999999999 0.863
-3460.9898990814895 0.0235 0.136 0.8405
-3484.792225683777 0.0235 0.1585 0.8180000000000001
-3508.6155729559614 0.0235 0.181 0.7955000000000001
-3532.6070430742825 0.0235 0.2035 0.773
-3556.499203885301 0.0235 0.22599999999999998 0.7505000000000001
-3580.753435121198 0.0235 0.2485 0.728
-3597.1551905340775 0.0235 0.271 0.7055
-3602.0189822403386 0.0235 0.2935 0.683
-3600.739393153405 0.0235 0.316 0.6605000000000001
-3601.513221373519 0.0235 0.33849999999999997 0.6380000000000001
-3603.6299995313516 0.0235 0.361 0.6155
-3600.0344388079056 0.0235 0.3835 0.593
-3591.4996899098132 0.0235 0.40599999999999997 0.5705
-3575.7377354588157 0.0235 0.4285 0.548
-3558.9705252298095 0.0235 0.45099999999999996 0.5255000000000001
-3541.3359134197945 0.0235 0.4735 0.5030000000000001
-3521.200731265382 0.0235 0.496 0.48050000000000004
-3501.633802087227 0.0235 0.5185 0.4580000000000001
-3481.416052897481 0.0235 0.541 0.4355
-3461.6610652141267 0.0235 0.5635 0.41300000000000003
-3441.7858036221023 0.0235 0.586 0.39050000000000007
-3404.985757886597 0.0235 0.6084999999999999 0.3680000000000001
-3367.029201633533 0.0235 0.631 0.34550000000000003
-3327.512000905368 0.0235 0.6535 0.32300000000000006
-3290.5260198920437 0.0235 0.6759999999999999 0.3005000000000001
-3252.8829392628545 0.0235 0.6985 0.278
-3203.7592642814266 0.0235 0.721 0.25550000000000006
-3145.7520348698717 0.0235 0.7434999999999999 0.2330000000000001
-3083.846668820882 0.0235 0.766 0.21050000000000002
-3021.3029907343434 0.0235 0.7885 0.18800000000000006
-2958.081919592125 0.0235 0.8109999999999999 0.1655000000000001
-2894.7033128521894 0.0235 0.8335 0.14300000000000002
-2830.331254713689 0.0235 0.856 0.12050000000000005
-2766.340162203917 0.0235 0.8785 0.09800000000000009
-2701.704618574831 0.0235 0.9009999999999999 0.07550000000000012
-2636.6206818431956 0.0235 0.9235 0.05300000000000005
-2571.6630029944454 0.0235 0.946 0.030500000000000083
-2485.251119116798 0.0235 0.976 0.000500000000000056
-3407.9234621434493 0.046 0.001 0.953
-3433.287227926626 0.046 0.0235 0.9305
-3459.0466812407067 0.046 0.046 0.9079999999999999
-3484.699026479106 0.046 0.0685 0.8855
-3509.3976416180008 0.046 0.091 0.863
-3534.16481692861 0.046 0.11349999999999999 0.8405
-3558.481829766549 0.046 0.136 0.818
-3582.8545847394425 0.046 0.1585 0.7955
-3606.071545652471 0.046 0.181 0.7729999999999999
-3630.3484432616483 0.046 0.2035 0.7505
-3654.1000024136492 0.046 0.22599999999999998 0.728
-3674.537867619819 0.046 0.2485 0.7055
-3687.9178003860666 0.046 0.271 0.6829999999999999
-3689.718699701445 0.046 0.2935 0.6605
-3690.598231309244 0.046 0.316 0.6379999999999999
-3687.6727450389662 0.046 0.33849999999999997 0.6154999999999999
-3688.8474451145876 0.046 0.361 0.593
-3688.5882793918145 0.046 0.3835 0.5705
-3677.7711099843987 0.046 0.40599999999999997 0.548
-3660.7484194675426 0.046 0.4285 0.5255
-3641.324332712473 0.046 0.45099999999999996 0.503
-3622.0436117242343 0.046 0.4735 0.4805
-3603.630064345052 0.046 0.496 0.45799999999999996
-3583.6914865425124 0.046 0.5185 0.4355
-3562.1328300101522 0.046 0.541 0.4129999999999999
-3542.6506139548947 0.046 0.5635 0.39049999999999996
-3512.792132976249 0.046 0.586 0.368
-3479.5072465452386 0.046 0.6084999999999999 0.34550000000000003
-3440.451536159327 0.046 0.631 0.32299999999999995
-3403.644455893078 0.046 0.6535 0.3005
-3364.719079258728 0.046 0.6759999999999999 0.278
-3322.992286523107 0.046 0.6985 0.25549999999999995
-3271.894865151804 0.046 0.721 0.23299999999999998
-3212.8292645001607 0.046 0.7434999999999999 0.21050000000000002
-3151.4991079902697 0.046 0.766 0.18799999999999994
-3088.9091136342513 0.046 0.7885 0.16549999999999998
-3025.0850632711768 0.046 0.8109999999999999 0.14300000000000002
-2961.3326017346367 0.046 0.8335 0.12049999999999994
-2897.5240549397413 0.046 0.856 0.09799999999999998
-2833.3668134742834 0.046 0.8785 0.07550000000000001
-2768.1317195848483 0.046 0.9009999999999999 0.05300000000000005
-2703.331689729009 0.046 0.9235 0.03049999999999997
-2618.3518679366784 0.046 0.9530000000000001 0.0009999999999998899
