-4678.66431372666 0.33849999999999997 0.001 0.6605
-4701.731708968431 0.33849999999999997 0.0235 0.638
-4721.811452440516 0.33849999999999997 0.046 0.6154999999999999
-4744.360758300392 0.33849999999999997 0.0685 0.593
-4763.60371055493 0.33849999999999997 0.091 0.5705
-4783.49453346208 0.33849999999999997 0.11349999999999999 0.548
-4800.190564857244 0.33849999999999997 0.136 0.5255
-4812.862596620857 0.33849999999999997 0.1585 0.503
-4824.049222350594 0.33849999999999997 0.181 0.4805
-4828.5306986657715 0.33849999999999997 0.2035 0.45799999999999996
-4827.85471057573 0.33849999999999997 0.22599999999999998 0.4355
-4822.86941512124 0.33849999999999997 0.2485 0.413
-4815.087195836396 0.33849999999999997 0.271 0.39049999999999996
-4807.681703648076 0.33849999999999997 0.2935 0.368
-4799.08096633482 0.33849999999999997 0.316 0.3455
-4786.654061557623 0.33849999999999997 0.33849999999999997 0.323
-4772.858749738564 0.33849999999999997 0.361 0.3005
-4754.90188970502 0.33849999999999997 0.3835 0.27799999999999997
-4733.258633890341 0.33849999999999997 0.40599999999999997 0.2555
-4708.714814706707 0.33849999999999997 0.4285 0.23299999999999998
-4682.888121633352 0.33849999999999997 0.45099999999999996 0.21050000000000002
-4654.650762327293 0.33849999999999997 0.4735 0.188
-4622.540276302803 0.33849999999999997 0.496 0.16549999999999998
-4587.62526668975 0.33849999999999997 0.5185 0.14300000000000002
-4549.081841483918 0.33849999999999997 0.541 0.12049999999999994
-4510.054936681449 0.33849999999999997 0.5635 0.09799999999999998
-4466.7642380759025 0.33849999999999997 0.586 0.07550000000000001
-4420.948159689262 0.33849999999999997 0.6084999999999999 0.05300000000000005
-4374.051975814331 0.33849999999999997 0.631 0.03049999999999997
-4306.595714681351 0.33849999999999997 0.661 0.0004999999999999449
-4774.800821996119 0.361 0.001 0.638
-4797.16658062908 0.361 0.0235 0.6155
-4817.5381289645575 0.361 0.046 0.593
-4838.617010505834 0.361 0.0685 0.5705
-4858.349783888279 0.361 0.091 0.548
-4876.505588115617 0.361 0.11349999999999999 0.5255000000000001
-4893.656260660251 0.361 0.136 0.503
-4905.930355924898 0.361 0.1585 0.48050000000000004
-4915.129510586771 0.361 0.181 0.458
-4916.826805533 0.361 0.2035 0.4355
-4915.055421636744 0.361 0.22599999999999998 0.41300000000000003
-4908.289766860075 0.361 0.2485 0.3905
-4901.516419218314 0.361 0.271 0.368
-4893.806483983364 0.361 0.2935 0.34550000000000003
-4881.583056982779 0.361 0.316 0.323
-4870.024498693343 0.361 0.33849999999999997 0.30050000000000004
-4853.144430668873 0.361 0.361 0.278
-4834.716912363075 0.361 0.3835 0.2555
-4811.999671521914 0.361 0.40599999999999997 0.23300000000000004
-4787.721207170019 0.361 0.4285 0.21050000000000002
-4760.387706311058 0.361 0.45099999999999996 0.18800000000000006
-4730.662123471255 0.361 0.4735 0.16550000000000004
-4698.279749080289 0.361 0.496 0.14300000000000002
-4662.7203870693575 0.361 0.5185 0.12050000000000005
-4622.508635023993 0.361 0.541 0.09799999999999998
-4583.067930764747 0.361 0.5635 0.07550000000000001
-4539.135157066563 0.361 0.586 0.05300000000000005
-4493.96327378286 0.361 0.6084999999999999 0.030500000000000083
-4428.422458343276 0.361 0.638 0.0010000000000000009
-4870.814521545962 0.3835 0.001 0.6155
-4893.479247616423 0.3835 0.0235 0.5930000000000001
-4913.612972324999 0.3835 0.046 0.5705
-4932.908811478049 0.3835 0.0685 0.548
-4952.64887236346 0.3835 0.091 0.5255000000000001
-4970.656791853784 0.3835 0.11349999999999999 0.5030000000000001
-4985.7136997995185 0.3835 0.136 0.48050000000000004
-4997.252185486806 0.3835 0.1585 0.4580000000000001
-5003.689560456897 0.3835 0.181 0.43550000000000005
-5004.428358135082 0.3835 0.2035 0.41300000000000003
-5000.038143864311 0.3835 0.22599999999999998 0.39050000000000007
-4992.254639903641 0.3835 0.2485 0.36800000000000005
-4985.989675044932 0.3835 0.271 0.34550000000000003
-4976.335306363538 0.3835 0.2935 0.32300000000000006
-4963.614392653387 0.3835 0.316 0.30050000000000004
-4952.253917064542 0.3835 0.33849999999999997 0.2780000000000001
-4932.396613806128 0.3835 0.361 0.25550000000000006
-4912.999663029289 0.3835 0.3835 0.23300000000000004
-4890.807640671033 0.3835 0.40599999999999997 0.21050000000000008
-4864.228514253178 0.3835 0.4285 0.18800000000000006
-4837.515792048004 0.3835 0.45099999999999996 0.1655000000000001
-4808.016229787288 0.3835 0.4735 0.14300000000000007
-4772.679481924968 0.3835 0.496 0.12050000000000005
-4735.720147887856 0.3835 0.5185 0.09800000000000009
-4696.506254872904 0.3835 0.541 0.07550000000000001
-4655.076185394899 0.3835 0.5635 0.05300000000000005
-4611.436576219148 0.3835 0.586 0.030500000000000083
-4548.61363380231 0.3835 0.616 0.000500000000000056
