-5819.325899464609 0.6084999999999999 0.001 0.39050000000000007
-5835.7829285528105 0.6084999999999999 0.0235 0.36800000000000005
-5851.021941906681 0.6084999999999999 0.046 0.3455000000000001
-5865.366117861313 0.6084999999999999 0.0685 0.32300000000000006
-5877.323589620093 0.6084999999999999 0.091 0.3005000000000001
-5885.808754068175 0.6084999999999999 0.11349999999999999 0.2780000000000001
-5887.169858466632 0.6084999999999999 0.136 0.25550000000000006
-5881.36560133073 0.6084999999999999 0.1585 0.23300000000000007
-5871.3948225938475 0.6084999999999999 0.181 0.21050000000000008
-5859.145170973571 0.6084999999999999 0.2035 0.18800000000000008
-5846.279664302472 0.6084999999999999 0.22599999999999998 0.1655000000000001
-5832.905715910508 0.6084999999999999 0.2485 0.14300000000000007
-5819.9102905055615 0.6084999999999999 0.271 0.12050000000000005
-5802.694017281566 0.6084999999999999 0.2935 0.09800000000000009
-5781.001573740417 0.6084999999999999 0.316 0.07550000000000007
-5755.41808684742 0.6084999999999999 0.33849999999999997 0.0530000000000001
-5728.3237978838915 0.6084999999999999 0.361 0.030500000000000083
-5689.002037283416 0.6084999999999999 0.391 0.000500000000000056
-5912.991630511299 0.631 0.001 0.368
-5929.700208884153 0.631 0.0235 0.3455
-5944.201911902864 0.631 0.046 0.323
-5956.958042064571 0.631 0.0685 0.3005
-5969.165808534341 0.631 0.091 0.278
-5975.013976561377 0.631 0.11349999999999999 0.2555
-5974.115543505045 0.631 0.136 0.23299999999999998
-5965.974251992426 0.631 0.1585 0.2105
-5956.231908553077 0.631 0.181 0.188
-5942.574143528467 0.631 0.2035 0.1655
-5929.6290883013335 0.631 0.22599999999999998 0.14300000000000002
-5915.581012742789 0.631 0.2485 0.1205
-5901.528647488018 0.631 0.271 0.09799999999999998
-5882.993089928957 0.631 0.2935 0.07550000000000001
-5860.510586642012 0.631 0.316 0.05299999999999999
-5833.925117757483 0.631 0.33849999999999997 0.030500000000000027
-5797.382599813171 0.631 0.368 0.0010000000000000009
-6008.742221526625 0.6535 0.001 0.34550000000000003
-6022.030687336048 0.6535 0.0235 0.323
-6035.744005219153 0.6535 0.046 0.30050000000000004
-6048.79803492391 0.6535 0.0685 0.278
-6058.416890591885 0.6535 0.091 0.25550000000000006
-6063.73982824577 0.6535 0.11349999999999999 0.23300000000000004
-6059.82471574129 0.6535 0.136 0.21050000000000002
-6051.1074118634115 0.6535 0.1585 0.18800000000000003
-6039.341629041277 0.6535 0.181 0.16550000000000004
-6026.91020008333 0.6535 0.2035 0.14300000000000004
-6012.942874511331 0.6535 0.22599999999999998 0.12050000000000005
-5999.167972079951 0.6535 0.2485 0.09800000000000003
-5983.899418341945 0.6535 0.271 0.07550000000000001
-5964.954911939109 0.6535 0.2935 0.05300000000000005
-5941.816879965355 0.6535 0.316 0.030500000000000027
-5903.495241851455 0.6535 0.34600000000000003 0.0005000000000000004
