-3386.1411694624203 0.05 0.05 0.8999999999999999
-3372.320157258275 0.05 0.0707 0.8793
-3357.7794199218906 0.05 0.0914 0.8585999999999999
-3343.8436578772403 0.05 0.11209999999999999 0.8379
-3329.3026632444303 0.05 0.13279999999999997 0.8171999999999999
-3315.127443818525 0.05 0.15349999999999997 0.7965
-3300.640761519953 0.05 0.17419999999999997 0.7758
-3284.829129555441 0.05 0.19489999999999996 0.7551
-3270.8549698662214 0.05 0.21559999999999996 0.7343999999999999
-3254.996964400681 0.05 0.23629999999999995 0.7137
-3238.9905962676294 0.05 0.25699999999999995 0.6930000000000001
-3223.7469992186993 0.05 0.27769999999999995 0.6723
-3206.8869246588974 0.05 0.29839999999999994 0.6516
-3190.4034228759306 0.05 0.31909999999999994 0.6309
-3174.7007298205035 0.05 0.33979999999999994 0.6102000000000001
-3158.3391134615995 0.05 0.36049999999999993 0.5895
-3141.6081166560166 0.05 0.38119999999999993 0.5688
-3125.0193694399613 0.05 0.4018999999999999 0.5481
-3109.0109587847933 0.05 0.4225999999999999 0.5274000000000001
-3091.909629249749 0.05 0.4432999999999999 0.5067
-3073.900897910232 0.05 0.4639999999999999 0.48600000000000004
-3056.910408167092 0.05 0.4846999999999999 0.46530000000000005
-3038.724720089334 0.05 0.5054 0.4446
-3020.6074428035186 0.05 0.5260999999999999 0.42390000000000005
-3001.6260195602113 0.05 0.5468 0.4032
-2983.5176455095634 0.05 0.5674999999999999 0.38250000000000006
-2964.6074074230414 0.05 0.5882 0.3618
-2946.015529792436 0.05 0.6089 0.34109999999999996
-2927.608877960203 0.05 0.6295999999999999 0.3204
-2908.1106594108305 0.05 0.6502999999999999 0.2997000000000001
-2889.3171289612774 0.05 0.6709999999999999 0.279
-2870.629393162572 0.05 0.6917 0.2583
-2850.3027402469384 0.05 0.7123999999999999 0.23760000000000003
-2829.662354424741 0.05 0.7330999999999999 0.2169000000000001
-2809.068222984981 0.05 0.7537999999999999 0.19620000000000004
-2788.3447604943563 0.05 0.7745 0.1755
-2767.2998321080013 0.05 0.7951999999999999 0.15480000000000005
-2745.3442313416494 0.05 0.8158999999999998 0.1341000000000001
-2724.133792469894 0.05 0.8365999999999999 0.11340000000000006
-2702.6921221169623 0.05 0.8573 0.0927
-2681.17813820466 0.05 0.8779999999999999 0.07200000000000006
-2659.9517392015373 0.05 0.8986999999999998 0.05130000000000012
-2638.0863897448853 0.05 0.9193999999999999 0.03060000000000007
-3472.5145867628553 0.0707 0.05 0.8793
-3458.6385851101127 0.0707 0.0707 0.8586
-3444.2419110804617 0.0707 0.0914 0.8379
-3429.400963426146 0.0707 0.11209999999999999 0.8172
-3415.9534477293782 0.0707 0.13279999999999997 0.7965
-3401.4984054067245 0.0707 0.15349999999999997 0.7758
-3386.545408035108 0.0707 0.17419999999999997 0.7551000000000001
-3371.2525301321702 0.0707 0.19489999999999996 0.7344
-3355.9772591054325 0.0707 0.21559999999999996 0.7137
-3339.970433732159 0.0707 0.23629999999999995 0.6930000000000001
-3324.551370600107 0.0707 0.25699999999999995 0.6723000000000001
-3308.385850347457 0.0707 0.27769999999999995 0.6516000000000001
-3291.2172137517023 0.0707 0.29839999999999994 0.6309
-3275.633606463941 0.0707 0.31909999999999994 0.6102000000000001
-3259.441917059727 0.0707 0.33979999999999994 0.5895000000000001
-3243.1939633959637 0.0707 0.36049999999999993 0.5688000000000001
-3226.9830355972654 0.0707 0.38119999999999993 0.5481
-3209.749829232673 0.0707 0.4018999999999999 0.5274000000000001
-3194.484168464074 0.0707 0.4225999999999999 0.5067000000000002
-3175.9862034771977 0.0707 0.4432999999999999 0.4860000000000001
-3158.701408625236 0.0707 0.4639999999999999 0.4653000000000001
-3140.844066047658 0.0707 0.4846999999999999 0.4446000000000001
-3122.5499049051805 0.0707 0.5054 0.42390000000000005
-3103.9289732885986 0.0707 0.5260999999999999 0.4032000000000001
-3086.425321930544 0.0707 0.5468 0.38250000000000006
-3067.066338872965 0.0707 0.5674999999999999 0.3618000000000001
-3048.8828066704336 0.0707 0.5882 0.34110000000000007
-3030.4609967355677 0.0707 0.6089 0.3204
-3011.1985940203826 0.0707 0.6295999999999999 0.2997000000000001
-2992.176603912779 0.0707 0.6502999999999999 0.27900000000000014
-2972.887745884823 0.0707 0.6709999999999999 0.2583000000000001
-2953.6251304230495 0.0707 0.6917 0.23760000000000003
-2932.319341872171 0.0707 0.7123999999999999 0.2169000000000001
-2911.971724240853 0.0707 0.7330999999999999 0.19620000000000015
-2891.2019462965263 0.0707 0.7537999999999999 0.1755000000000001
-2869.997840067923 0.0707 0.7745 0.15480000000000005
-2848.713786817238 0.0707 0.7951999999999999 0.1341000000000001
-2827.4426110829286 0.0707 0.8158999999999998 0.11340000000000017
-2805.3866520620913 0.0707 0.8365999999999999 0.09270000000000012
-2784.3585678454615 0.0707 0.8573 0.07200000000000006
-2762.9018417564116 0.0707 0.8779999999999999 0.05130000000000012
-2741.252487644336 0.0707 0.8986999999999998 0.030600000000000183
-3560.6893709442165 0.0914 0.05 0.8585999999999999
-3547.119703515195 0.0914 0.0707 0.8379
-3532.7945835398136 0.0914 0.0914 0.8171999999999999
-3518.636092284493 0.0914 0.11209999999999999 0.7965
-3502.933066768178 0.0914 0.13279999999999997 0.7758
-3489.7568010792293 0.0914 0.15349999999999997 0.7551
-3473.635545450848 0.0914 0.17419999999999997 0.7343999999999999
-3459.8824074747 0.0914 0.19489999999999996 0.7137
-3443.3867809234357 0.0914 0.21559999999999996 0.6930000000000001
-3427.264931201128 0.0914 0.23629999999999995 0.6723
-3411.7855351401336 0.0914 0.25699999999999995 0.6516
-3395.6395373455775 0.0914 0.27769999999999995 0.6309
-3379.21963752798 0.0914 0.29839999999999994 0.6102000000000001
-3363.8198079398794 0.0914 0.31909999999999994 0.5895
-3346.6087863223747 0.0914 0.33979999999999994 0.5688
-3330.270855690944 0.0914 0.36049999999999993 0.5481
-3314.018821448997 0.0914 0.38119999999999993 0.5274000000000001
-3297.891334125299 0.0914 0.4018999999999999 0.5067
-3280.507227281928 0.0914 0.4225999999999999 0.48600000000000004
-3263.60422589331 0.0914 0.4432999999999999 0.46530000000000005
-3245.1819512854504 0.0914 0.4639999999999999 0.44460000000000005
-3227.430012783598 0.0914 0.4846999999999999 0.42390000000000005
-3209.903365740577 0.0914 0.5054 0.4032
-3191.385139585771 0.0914 0.5260999999999999 0.38250000000000006
-3172.3460196964743 0.0914 0.5468 0.3618
-3153.267397896317 0.0914 0.5674999999999999 0.34110000000000007
-3134.7275124834646 0.0914 0.5882 0.3204
-3116.3644593618665 0.0914 0.6089 0.29969999999999997
-3097.019137208533 0.0914 0.6295999999999999 0.279
-3078.251307832257 0.0914 0.6502999999999999 0.2583000000000001
-3058.758298379359 0.0914 0.6709999999999999 0.23760000000000003
-3038.1361079490284 0.0914 0.6917 0.21689999999999998
-3017.760795939302 0.0914 0.7123999999999999 0.19620000000000004
-2997.427866526297 0.0914 0.7330999999999999 0.1755000000000001
-2975.9275647821833 0.0914 0.7537999999999999 0.15480000000000005
-2953.9359102062454 0.0914 0.7745 0.1341
-2933.0587877461635 0.0914 0.7951999999999999 0.11340000000000006
-2911.1432535776626 0.0914 0.8158999999999998 0.09270000000000012
-2889.954229688357 0.0914 0.8365999999999999 0.07200000000000006
-2868.734372606304 0.0914 0.8573 0.05130000000000001
-2846.8961225976805 0.0914 0.8779999999999999 0.03060000000000007
