-5219.101240460827 0.4846999999999999 0.05 0.4653000000000001
-5216.13616928092 0.4846999999999999 0.0707 0.4446000000000001
-5217.579505720407 0.4846999999999999 0.0914 0.4239000000000001
-5220.147923996226 0.4846999999999999 0.11209999999999999 0.4032000000000001
-5206.895521355574 0.4846999999999999 0.13279999999999997 0.3825000000000001
-5192.355699274749 0.4846999999999999 0.15349999999999997 0.3618000000000001
-5169.299489254151 0.4846999999999999 0.17419999999999997 0.3411000000000001
-5139.78241027644 0.4846999999999999 0.19489999999999996 0.32040000000000013
-5117.483220516713 0.4846999999999999 0.21559999999999996 0.29970000000000013
-5087.942674934569 0.4846999999999999 0.23629999999999995 0.27900000000000014
-5070.348924190477 0.4846999999999999 0.25699999999999995 0.25830000000000014
-5048.681656072454 0.4846999999999999 0.27769999999999995 0.23760000000000014
-5011.5679271568 0.4846999999999999 0.29839999999999994 0.21690000000000015
-4983.746877870363 0.4846999999999999 0.31909999999999994 0.19620000000000015
-4963.249618875413 0.4846999999999999 0.33979999999999994 0.17550000000000016
-4938.9572639704 0.4846999999999999 0.36049999999999993 0.15480000000000016
-4913.33169848458 0.4846999999999999 0.38119999999999993 0.13410000000000016
-4883.296262483844 0.4846999999999999 0.4018999999999999 0.11340000000000017
-4865.085744510362 0.4846999999999999 0.4225999999999999 0.09270000000000017
-4819.523686892822 0.4846999999999999 0.4432999999999999 0.07200000000000017
-4806.232812053566 0.4846999999999999 0.4639999999999999 0.05130000000000018
-4776.473358212947 0.4846999999999999 0.4846999999999999 0.030600000000000183
-5294.733844164885 0.5054 0.05 0.44460000000000005
-5297.918926009743 0.5054 0.0707 0.42390000000000005
-5300.9230537123585 0.5054 0.0914 0.40320000000000006
-5300.554048794494 0.5054 0.11209999999999999 0.38250000000000006
-5288.088587659096 0.5054 0.13279999999999997 0.36180000000000007
-5266.255010904314 0.5054 0.15349999999999997 0.34110000000000007
-5241.819957031262 0.5054 0.17419999999999997 0.3204000000000001
-5213.929351372849 0.5054 0.19489999999999996 0.2997000000000001
-5196.233312183781 0.5054 0.21559999999999996 0.2790000000000001
-5167.764301737322 0.5054 0.23629999999999995 0.2583000000000001
-5143.6868299319285 0.5054 0.25699999999999995 0.2376000000000001
-5124.8964377282355 0.5054 0.27769999999999995 0.2169000000000001
-5102.852927027279 0.5054 0.29839999999999994 0.1962000000000001
-5073.046043687081 0.5054 0.31909999999999994 0.1755000000000001
-5037.567292754676 0.5054 0.33979999999999994 0.1548000000000001
-5023.942360364291 0.5054 0.36049999999999993 0.1341000000000001
-4994.7627735493925 0.5054 0.38119999999999993 0.11340000000000011
-4962.296829231981 0.5054 0.4018999999999999 0.09270000000000012
-4943.539703314725 0.5054 0.4225999999999999 0.07200000000000012
-4907.835965539058 0.5054 0.4432999999999999 0.05130000000000012
-4881.841311991708 0.5054 0.4639999999999999 0.030600000000000127
-5415.6952349675 0.5260999999999999 0.05 0.4239000000000001
-5399.806093954568 0.5260999999999999 0.0707 0.4032000000000001
-5395.202526262315 0.5260999999999999 0.0914 0.3825000000000001
-5389.650045702503 0.5260999999999999 0.11209999999999999 0.3618000000000001
-5386.63470055913 0.5260999999999999 0.13279999999999997 0.3411000000000001
-5356.833479356899 0.5260999999999999 0.15349999999999997 0.32040000000000013
-5332.251462892672 0.5260999999999999 0.17419999999999997 0.29970000000000013
-5304.7263824286865 0.5260999999999999 0.19489999999999996 0.27900000000000014
-5274.114217743493 0.5260999999999999 0.21559999999999996 0.25830000000000014
-5258.637966464116 0.5260999999999999 0.23629999999999995 0.23760000000000014
-5227.3501443095065 0.5260999999999999 0.25699999999999995 0.21690000000000015
-5203.57219977574 0.5260999999999999 0.27769999999999995 0.19620000000000015
-5173.588989126532 0.5260999999999999 0.29839999999999994 0.17550000000000016
-5145.724150142083 0.5260999999999999 0.31909999999999994 0.15480000000000016
-5126.691039052997 0.5260999999999999 0.33979999999999994 0.13410000000000016
-5097.082503580209 0.5260999999999999 0.36049999999999993 0.11340000000000017
-5070.733680793044 0.5260999999999999 0.38119999999999993 0.09270000000000017
-5043.574133639388 0.5260999999999999 0.4018999999999999 0.07200000000000017
-5018.9046695883935 0.5260999999999999 0.4225999999999999 0.05130000000000018
-4979.8451618545005 0.5260999999999999 0.4432999999999999 0.030600000000000183
