-3432.6093848162504 0.11209999999999999 0.05 0.8379
-3480.3002942063285 0.11209999999999999 0.0707 0.8172
-3697.8614804575495 0.11209999999999999 0.0914 0.7965
-3701.5847278460787 0.11209999999999999 0.11209999999999999 0.7758
-3705.541509533328 0.11209999999999999 0.13279999999999997 0.7551000000000001
-3708.7850937246035 0.11209999999999999 0.15349999999999997 0.7344
-3713.1086056737768 0.11209999999999999 0.17419999999999997 0.7137
-3716.855516115865 0.11209999999999999 0.19489999999999996 0.6930000000000001
-3715.5643166669083 0.11209999999999999 0.21559999999999996 0.6723000000000001
-3714.4348018757223 0.11209999999999999 0.23629999999999995 0.6516000000000001
-3701.028810926564 0.11209999999999999 0.25699999999999995 0.6309
-3669.194771919547 0.11209999999999999 0.27769999999999995 0.6102000000000001
-3647.529154144211 0.11209999999999999 0.29839999999999994 0.5895000000000001
-3624.495991749188 0.11209999999999999 0.31909999999999994 0.5688000000000001
-3600.1167582444136 0.11209999999999999 0.33979999999999994 0.5481
-3575.196845755537 0.11209999999999999 0.36049999999999993 0.5274000000000001
-3546.2372439578226 0.11209999999999999 0.38119999999999993 0.5067000000000002
-3519.1771177646647 0.11209999999999999 0.4018999999999999 0.4860000000000001
-3496.023879809635 0.11209999999999999 0.4225999999999999 0.4653000000000001
-3468.763953004959 0.11209999999999999 0.4432999999999999 0.4446000000000001
-3439.073883135677 0.11209999999999999 0.4639999999999999 0.4239000000000001
-3419.3069022745412 0.11209999999999999 0.4846999999999999 0.4032000000000001
-3391.8540329916077 0.11209999999999999 0.5054 0.38250000000000006
-3366.647144333002 0.11209999999999999 0.5260999999999999 0.3618000000000001
-3339.9280025247767 0.11209999999999999 0.5468 0.34110000000000007
-3310.847365873254 0.11209999999999999 0.5674999999999999 0.32040000000000013
-3284.012236764444 0.11209999999999999 0.5882 0.2997000000000001
-3258.3626605025383 0.11209999999999999 0.6089 0.279
-3228.832195086679 0.11209999999999999 0.6295999999999999 0.2583000000000001
-3200.586740031982 0.11209999999999999 0.6502999999999999 0.23760000000000014
-3177.7352836419495 0.11209999999999999 0.6709999999999999 0.2169000000000001
-3147.7540294905098 0.11209999999999999 0.6917 0.19620000000000004
-3118.340084317892 0.11209999999999999 0.7123999999999999 0.1755000000000001
-3077.426812685135 0.11209999999999999 0.7330999999999999 0.15480000000000016
-3069.3530876292725 0.11209999999999999 0.7537999999999999 0.1341000000000001
-3036.2229780860266 0.11209999999999999 0.7745 0.11340000000000006
-3012.1793860404186 0.11209999999999999 0.7951999999999999 0.09270000000000012
-2982.8084829535946 0.11209999999999999 0.8158999999999998 0.07200000000000017
-2952.33693247181 0.11209999999999999 0.8365999999999999 0.05130000000000012
-2926.529580874036 0.11209999999999999 0.8573 0.03060000000000007
-3617.705994358464 0.13279999999999997 0.05 0.8171999999999999
-3666.208667951446 0.13279999999999997 0.0707 0.7965
-3772.041818859991 0.13279999999999997 0.0914 0.7757999999999999
-3777.3023732531906 0.13279999999999997 0.11209999999999999 0.7551
-3778.785016649504 0.13279999999999997 0.13279999999999997 0.7343999999999999
-3783.3040955762744 0.13279999999999997 0.15349999999999997 0.7137
-3785.954925181919 0.13279999999999997 0.17419999999999997 0.6930000000000001
-3787.0761850663303 0.13279999999999997 0.19489999999999996 0.6723
-3786.8043088421146 0.13279999999999997 0.21559999999999996 0.6516
-3784.6248153643137 0.13279999999999997 0.23629999999999995 0.6309
-3765.555154812809 0.13279999999999997 0.25699999999999995 0.6102000000000001
-3741.5635977394045 0.13279999999999997 0.27769999999999995 0.5895
-3714.983511453185 0.13279999999999997 0.29839999999999994 0.5688
-3689.78438056556 0.13279999999999997 0.31909999999999994 0.5481
-3664.8828130423763 0.13279999999999997 0.33979999999999994 0.5274000000000001
-3640.45537772917 0.13279999999999997 0.36049999999999993 0.5067
-3617.709159077817 0.13279999999999997 0.38119999999999993 0.48600000000000004
-3590.4593929775647 0.13279999999999997 0.4018999999999999 0.46530000000000005
-3561.044562191337 0.13279999999999997 0.4225999999999999 0.44460000000000005
-3539.0565279147627 0.13279999999999997 0.4432999999999999 0.42390000000000005
-3514.5130132022905 0.13279999999999997 0.4639999999999999 0.40320000000000006
-3484.280730414947 0.13279999999999997 0.4846999999999999 0.38250000000000006
-3461.818472400374 0.13279999999999997 0.5054 0.3618
-3431.0862120033694 0.13279999999999997 0.5260999999999999 0.34110000000000007
-3403.689167470128 0.13279999999999997 0.5468 0.3204
-3376.7436483385627 0.13279999999999997 0.5674999999999999 0.2997000000000001
-3355.2855993916737 0.13279999999999997 0.5882 0.279
-3323.2220352955073 0.13279999999999997 0.6089 0.2583
-3294.578269428971 0.13279999999999997 0.6295999999999999 0.23760000000000003
-3270.1095284476664 0.13279999999999997 0.6502999999999999 0.2169000000000001
-3244.145521659083 0.13279999999999997 0.6709999999999999 0.19620000000000004
-3217.0364018323967 0.13279999999999997 0.6917 0.1755
-3185.496485219265 0.13279999999999997 0.7123999999999999 0.15480000000000005
-3159.7796059511847 0.13279999999999997 0.7330999999999999 0.1341000000000001
-3132.3534869026194 0.13279999999999997 0.7537999999999999 0.11340000000000006
-3104.7292669786257 0.13279999999999997 0.7745 0.0927
