-4958.710412874478 0.4225999999999999 0.05 0.5274000000000001
-4965.265725525694 0.4225999999999999 0.0707 0.5067000000000002
-4969.968486766183 0.4225999999999999 0.0914 0.48600000000000015
-4961.262967557779 0.4225999999999999 0.11209999999999999 0.46530000000000016
-4958.9630428675155 0.4225999999999999 0.13279999999999997 0.44460000000000016
-4950.964950922236 0.4225999999999999 0.15349999999999997 0.42390000000000017
-4938.199380970912 0.4225999999999999 0.17419999999999997 0.40320000000000017
-4912.789648845286 0.4225999999999999 0.19489999999999996 0.3825000000000002
-4883.7392050173285 0.4225999999999999 0.21559999999999996 0.3618000000000002
-4863.102883803593 0.4225999999999999 0.23629999999999995 0.3411000000000002
-4830.708733203285 0.4225999999999999 0.25699999999999995 0.3204000000000002
-4806.972373095902 0.4225999999999999 0.27769999999999995 0.2997000000000002
-4784.1073657253055 0.4225999999999999 0.29839999999999994 0.2790000000000002
-4758.869838128686 0.4225999999999999 0.31909999999999994 0.2583000000000002
-4739.874750206098 0.4225999999999999 0.33979999999999994 0.2376000000000002
-4710.947135483261 0.4225999999999999 0.36049999999999993 0.2169000000000002
-4689.5606345807455 0.4225999999999999 0.38119999999999993 0.1962000000000002
-4649.102465367016 0.4225999999999999 0.4018999999999999 0.1755000000000002
-4626.599670237866 0.4225999999999999 0.4225999999999999 0.15480000000000022
-4598.234148362516 0.4225999999999999 0.4432999999999999 0.13410000000000022
-4574.39973862698 0.4225999999999999 0.4639999999999999 0.11340000000000022
-4544.470479388081 0.4225999999999999 0.4846999999999999 0.09270000000000023
-4516.228945163085 0.4225999999999999 0.5054 0.07200000000000017
-4481.918732625694 0.4225999999999999 0.5260999999999999 0.051300000000000234
-4463.50785124908 0.4225999999999999 0.5468 0.030600000000000183
-5040.040422293439 0.4432999999999999 0.05 0.5067
-5036.222844988683 0.4432999999999999 0.0707 0.4860000000000001
-5046.6097540734 0.4432999999999999 0.0914 0.4653000000000001
-5040.160068737029 0.4432999999999999 0.11209999999999999 0.4446000000000001
-5034.135208043784 0.4432999999999999 0.13279999999999997 0.4239000000000001
-5033.467293009341 0.4432999999999999 0.15349999999999997 0.4032000000000001
-5012.842540971991 0.4432999999999999 0.17419999999999997 0.3825000000000001
-4983.277499897424 0.4432999999999999 0.19489999999999996 0.3618000000000001
-4958.856551773481 0.4432999999999999 0.21559999999999996 0.3411000000000001
-4932.290405619605 0.4432999999999999 0.23629999999999995 0.32040000000000013
-4912.621265655138 0.4432999999999999 0.25699999999999995 0.29970000000000013
-4884.44388054227 0.4432999999999999 0.27769999999999995 0.27900000000000014
-4858.426780505402 0.4432999999999999 0.29839999999999994 0.25830000000000014
-4831.0916183980635 0.4432999999999999 0.31909999999999994 0.23760000000000014
-4813.526294727545 0.4432999999999999 0.33979999999999994 0.21690000000000015
-4782.171298303753 0.4432999999999999 0.36049999999999993 0.19620000000000015
-4753.990136098417 0.4432999999999999 0.38119999999999993 0.17550000000000016
-4731.28035095444 0.4432999999999999 0.4018999999999999 0.15480000000000016
-4700.432831849776 0.4432999999999999 0.4225999999999999 0.13410000000000016
-4673.822886077124 0.4432999999999999 0.4432999999999999 0.11340000000000017
-4646.26641411464 0.4432999999999999 0.4639999999999999 0.09270000000000017
-4620.5373124984435 0.4432999999999999 0.4846999999999999 0.07200000000000017
-4591.748316139772 0.4432999999999999 0.5054 0.05130000000000012
-4560.8216181746075 0.4432999999999999 0.5260999999999999 0.030600000000000183
-5143.914006183128 0.4639999999999999 0.05 0.48600000000000004
-5144.559775254739 0.4639999999999999 0.0707 0.46530000000000005
-5132.430068652658 0.4639999999999999 0.0914 0.44460000000000005
-5131.828473406627 0.4639999999999999 0.11209999999999999 0.42390000000000005
-5124.726014566998 0.4639999999999999 0.13279999999999997 0.40320000000000006
-5112.286121189282 0.4639999999999999 0.15349999999999997 0.38250000000000006
-5090.197221354687 0.4639999999999999 0.17419999999999997 0.36180000000000007
-5060.237981936008 0.4639999999999999 0.19489999999999996 0.34110000000000007
-5043.727377465794 0.4639999999999999 0.21559999999999996 0.3204000000000001
-5004.063584495553 0.4639999999999999 0.23629999999999995 0.2997000000000001
-4995.957236333308 0.4639999999999999 0.25699999999999995 0.2790000000000001
-4966.722140038246 0.4639999999999999 0.27769999999999995 0.2583000000000001
-4936.647490682888 0.4639999999999999 0.29839999999999994 0.2376000000000001
-4915.5466501110195 0.4639999999999999 0.31909999999999994 0.2169000000000001
-4901.503292547696 0.4639999999999999 0.33979999999999994 0.1962000000000001
-4853.782791585615 0.4639999999999999 0.36049999999999993 0.1755000000000001
-4832.4817509337645 0.4639999999999999 0.38119999999999993 0.1548000000000001
-4811.159755863992 0.4639999999999999 0.4018999999999999 0.1341000000000001
-4780.893950505742 0.4639999999999999 0.4225999999999999 0.11340000000000011
-4757.238122418357 0.4639999999999999 0.4432999999999999 0.09270000000000012
-4740.374105612309 0.4639999999999999 0.4639999999999999 0.07200000000000012
-4699.602906093915 0.4639999999999999 0.4846999999999999 0.05130000000000012
-4669.371583666929 0.4639999999999999 0.5054 0.03060000000000007
