-5483.223298129224 0.5468 0.05 0.40320000000000006
-5482.618155200545 0.5468 0.0707 0.38250000000000006
-5480.93347020061 0.5468 0.0914 0.36180000000000007
-5466.052827782707 0.5468 0.11209999999999999 0.34110000000000007
-5465.499208913986 0.5468 0.13279999999999997 0.3204000000000001
-5432.404674262595 0.5468 0.15349999999999997 0.2997000000000001
-5407.399097552576 0.5468 0.17419999999999997 0.2790000000000001
-5381.259640487147 0.5468 0.19489999999999996 0.2583000000000001
-5362.882953788893 0.5468 0.21559999999999996 0.2376000000000001
-5325.495012114324 0.5468 0.23629999999999995 0.2169000000000001
-5293.827057504459 0.5468 0.25699999999999995 0.1962000000000001
-5275.346937969077 0.5468 0.27769999999999995 0.1755000000000001
-5249.889283547943 0.5468 0.29839999999999994 0.1548000000000001
-5229.644433598958 0.5468 0.31909999999999994 0.1341000000000001
-5197.39967831076 0.5468 0.33979999999999994 0.11340000000000011
-5168.624250582753 0.5468 0.36049999999999993 0.09270000000000012
-5144.067166167499 0.5468 0.38119999999999993 0.07200000000000012
-5130.411432500841 0.5468 0.4018999999999999 0.05130000000000012
-5099.685238852898 0.5468 0.4225999999999999 0.030600000000000127
-5570.885104471961 0.5674999999999999 0.05 0.3825000000000001
-5564.386106340232 0.5674999999999999 0.0707 0.3618000000000001
-5558.993787293299 0.5674999999999999 0.0914 0.3411000000000001
-5546.097134052332 0.5674999999999999 0.11209999999999999 0.32040000000000013
-5534.171667141198 0.5674999999999999 0.13279999999999997 0.29970000000000013
-5505.9440294287215 0.5674999999999999 0.15349999999999997 0.27900000000000014
-5485.960601085701 0.5674999999999999 0.17419999999999997 0.25830000000000014
-5459.17737241334 0.5674999999999999 0.19489999999999996 0.23760000000000014
-5432.424355469946 0.5674999999999999 0.21559999999999996 0.21690000000000015
-5407.8054856373465 0.5674999999999999 0.23629999999999995 0.19620000000000015
-5378.448834601043 0.5674999999999999 0.25699999999999995 0.17550000000000016
-5359.081190842043 0.5674999999999999 0.27769999999999995 0.15480000000000016
-5330.788110668299 0.5674999999999999 0.29839999999999994 0.13410000000000016
-5315.370039583238 0.5674999999999999 0.31909999999999994 0.11340000000000017
-5283.012682309709 0.5674999999999999 0.33979999999999994 0.09270000000000017
-5246.32248447162 0.5674999999999999 0.36049999999999993 0.07200000000000017
-5227.603226373619 0.5674999999999999 0.38119999999999993 0.05130000000000018
-5194.32646627794 0.5674999999999999 0.4018999999999999 0.030600000000000183
-5661.488706785864 0.5882 0.05 0.36180000000000007
-5659.545853716538 0.5882 0.0707 0.34110000000000007
-5661.308587240602 0.5882 0.0914 0.3204000000000001
-5648.112733074228 0.5882 0.11209999999999999 0.2997000000000001
-5620.897206449166 0.5882 0.13279999999999997 0.2790000000000001
-5596.117664508229 0.5882 0.15349999999999997 0.2583000000000001
-5567.723064948984 0.5882 0.17419999999999997 0.2376000000000001
-5544.41323559673 0.5882 0.19489999999999996 0.2169000000000001
-5516.826869099409 0.5882 0.21559999999999996 0.1962000000000001
-5490.442660426618 0.5882 0.23629999999999995 0.1755000000000001
-5459.899350054427 0.5882 0.25699999999999995 0.1548000000000001
-5444.852174427955 0.5882 0.27769999999999995 0.1341000000000001
-5418.200940871902 0.5882 0.29839999999999994 0.11340000000000011
-5387.474449298104 0.5882 0.31909999999999994 0.09270000000000012
-5360.382162997534 0.5882 0.33979999999999994 0.07200000000000012
-5326.9958297556495 0.5882 0.36049999999999993 0.05130000000000012
-5303.097739754756 0.5882 0.38119999999999993 0.030600000000000127
