-4196.742372642478 0.23629999999999995 0.05 0.7137
-4204.609627848943 0.23629999999999995 0.0707 0.6930000000000001
-4205.084054901433 0.23629999999999995 0.0914 0.6723
-4203.458070002431 0.23629999999999995 0.11209999999999999 0.6516000000000001
-4205.898850255209 0.23629999999999995 0.13279999999999997 0.6309
-4205.429648412207 0.23629999999999995 0.15349999999999997 0.6102000000000001
-4203.928078587662 0.23629999999999995 0.17419999999999997 0.5895000000000001
-4197.967706523192 0.23629999999999995 0.19489999999999996 0.5688000000000001
-4199.622194852969 0.23629999999999995 0.21559999999999996 0.5481
-4166.8872765365395 0.23629999999999995 0.23629999999999995 0.5274000000000001
-4145.895698850202 0.23629999999999995 0.25699999999999995 0.5067000000000002
-4121.091027068533 0.23629999999999995 0.27769999999999995 0.4860000000000001
-4094.7473514883673 0.23629999999999995 0.29839999999999994 0.4653000000000001
-4071.84527510942 0.23629999999999995 0.31909999999999994 0.4446000000000001
-4046.505870700601 0.23629999999999995 0.33979999999999994 0.4239000000000001
-4020.395990328903 0.23629999999999995 0.36049999999999993 0.4032000000000001
-3998.9787247045783 0.23629999999999995 0.38119999999999993 0.3825000000000001
-3967.2033974300534 0.23629999999999995 0.4018999999999999 0.3618000000000001
-3945.390145111417 0.23629999999999995 0.4225999999999999 0.3411000000000001
-3915.3052679638845 0.23629999999999995 0.4432999999999999 0.32040000000000013
-3888.449641192756 0.23629999999999995 0.4639999999999999 0.29970000000000013
-3861.262218160937 0.23629999999999995 0.4846999999999999 0.27900000000000014
-3837.745503945541 0.23629999999999995 0.5054 0.2583000000000001
-3809.1345592270213 0.23629999999999995 0.5260999999999999 0.23760000000000014
-3787.802390035321 0.23629999999999995 0.5468 0.2169000000000001
-3766.0410614589655 0.23629999999999995 0.5674999999999999 0.19620000000000015
-3730.38936237605 0.23629999999999995 0.5882 0.1755000000000001
-3703.0183610138993 0.23629999999999995 0.6089 0.15480000000000005
-3667.1580694955396 0.23629999999999995 0.6295999999999999 0.1341000000000001
-3657.3300609752396 0.23629999999999995 0.6502999999999999 0.11340000000000017
-3617.691554885087 0.23629999999999995 0.6709999999999999 0.09270000000000012
-3586.968970630619 0.23629999999999995 0.6917 0.07200000000000006
-3564.655212855535 0.23629999999999995 0.7123999999999999 0.05130000000000012
-3529.609793654299 0.23629999999999995 0.7330999999999999 0.030600000000000183
-4264.5452663524275 0.25699999999999995 0.05 0.6930000000000001
-4271.615543944544 0.25699999999999995 0.0707 0.6723000000000001
-4270.6267694011385 0.25699999999999995 0.0914 0.6516000000000001
-4282.971268265391 0.25699999999999995 0.11209999999999999 0.6309000000000001
-4282.168827433063 0.25699999999999995 0.13279999999999997 0.6102000000000001
-4281.718529660959 0.25699999999999995 0.15349999999999997 0.5895000000000001
-4279.45294153549 0.25699999999999995 0.17419999999999997 0.5688000000000002
-4278.429478587082 0.25699999999999995 0.19489999999999996 0.5481000000000001
-4267.672213250908 0.25699999999999995 0.21559999999999996 0.5274000000000001
-4236.485000930597 0.25699999999999995 0.23629999999999995 0.5067000000000002
-4213.986813069103 0.25699999999999995 0.25699999999999995 0.48600000000000015
-4192.72437936727 0.25699999999999995 0.27769999999999995 0.46530000000000016
-4165.958954423219 0.25699999999999995 0.29839999999999994 0.44460000000000016
-4144.874799224946 0.25699999999999995 0.31909999999999994 0.42390000000000017
-4116.835854564539 0.25699999999999995 0.33979999999999994 0.40320000000000017
-4090.6799610748053 0.25699999999999995 0.36049999999999993 0.3825000000000002
-4066.4424457717096 0.25699999999999995 0.38119999999999993 0.3618000000000002
-4044.2573815964693 0.25699999999999995 0.4018999999999999 0.3411000000000002
-4012.3557388014506 0.25699999999999995 0.4225999999999999 0.3204000000000002
-3985.7144210202528 0.25699999999999995 0.4432999999999999 0.2997000000000002
-3962.8010299741127 0.25699999999999995 0.4639999999999999 0.2790000000000002
-3937.7386898661116 0.25699999999999995 0.4846999999999999 0.2583000000000002
-3905.9838755280703 0.25699999999999995 0.5054 0.23760000000000014
-3879.7832394110346 0.25699999999999995 0.5260999999999999 0.2169000000000002
-3850.4632650780472 0.25699999999999995 0.5468 0.19620000000000015
-3824.5608550833394 0.25699999999999995 0.5674999999999999 0.1755000000000002
-3795.5672650261076 0.25699999999999995 0.5882 0.15480000000000016
-3768.830369864459 0.25699999999999995 0.6089 0.1341000000000001
-3740.481608458655 0.25699999999999995 0.6295999999999999 0.11340000000000017
-3708.449625801897 0.25699999999999995 0.6502999999999999 0.09270000000000023
-3688.6356825896414 0.25699999999999995 0.6709999999999999 0.07200000000000017
-3657.571106056248 0.25699999999999995 0.6917 0.05130000000000012
-3635.749832046113 0.25699999999999995 0.7123999999999999 0.030600000000000183
-4363.795898134037 0.27769999999999995 0.05 0.6723
-4366.625924150815 0.27769999999999995 0.0707 0.6516000000000001
-4365.764543996529 0.27769999999999995 0.0914 0.6309
-4369.544981575202 0.27769999999999995 0.11209999999999999 0.6102000000000001
-4366.959767473819 0.27769999999999995 0.13279999999999997 0.5895000000000001
-4367.574013831216 0.27769999999999995 0.15349999999999997 0.5688000000000001
-4364.779807297363 0.27769999999999995 0.17419999999999997 0.5481
-4358.078387124209 0.27769999999999995 0.19489999999999996 0.5274000000000001
-4346.840408984065 0.27769999999999995 0.21559999999999996 0.5067000000000002
-4313.983378454558 0.27769999999999995 0.23629999999999995 0.4860000000000001
-4295.602405881101 0.27769999999999995 0.25699999999999995 0.4653000000000001
-4270.880644402419 0.27769999999999995 0.27769999999999995 0.4446000000000001
-4245.227375772546 0.27769999999999995 0.29839999999999994 0.4239000000000001
-4222.666142693886 0.27769999999999995 0.31909999999999994 0.4032000000000001
-4192.350306912738 0.27769999999999995 0.33979999999999994 0.3825000000000001
-4166.730769557527 0.27769999999999995 0.36049999999999993 0.3618000000000001
-4137.889141071042 0.27769999999999995 0.38119999999999993 0.3411000000000001
-4116.841068087423 0.27769999999999995 0.4018999999999999 0.32040000000000013
-4096.521725850106 0.27769999999999995 0.4225999999999999 0.29970000000000013
-4063.2891831631 0.27769999999999995 0.4432999999999999 0.27900000000000014
-4041.414598627151 0.27769999999999995 0.4639999999999999 0.25830000000000014
-4014.0793000740064 0.27769999999999995 0.4846999999999999 0.23760000000000014
-3983.6260019857987 0.27769999999999995 0.5054 0.2169000000000001
-3961.1230152775056 0.27769999999999995 0.5260999999999999 0.19620000000000015
-3932.8005213009524 0.27769999999999995 0.5468 0.1755000000000001
-3905.284496692218 0.27769999999999995 0.5674999999999999 0.15480000000000016
-3883.9289689815946 0.27769999999999995 0.5882 0.1341000000000001
-3848.6414223310867 0.27769999999999995 0.6089 0.11340000000000006
-3821.6897620635 0.27769999999999995 0.6295999999999999 0.09270000000000012
-3793.1989019117746 0.27769999999999995 0.6502999999999999 0.07200000000000017
-3767.163869044169 0.27769999999999995 0.6709999999999999 0.05130000000000012
-3737.842525881174 0.27769999999999995 0.6917 0.03060000000000007
