-5212.074378626336 0.4846999999999999 0.05 0.4653000000000001
-5224.862235394797 0.4846999999999999 0.0707 0.4446000000000001
-5213.257337768502 0.4846999999999999 0.0914 0.4239000000000001
-5211.576877885504 0.4846999999999999 0.11209999999999999 0.4032000000000001
-5203.14044621309 0.4846999999999999 0.13279999999999997 0.3825000000000001
-5191.807397256492 0.4846999999999999 0.15349999999999997 0.3618000000000001
-5166.494007694162 0.4846999999999999 0.17419999999999997 0.3411000000000001
-5140.088868613994 0.4846999999999999 0.19489999999999996 0.32040000000000013
-5125.227132384466 0.4846999999999999 0.21559999999999996 0.29970000000000013
-5094.925959566511 0.4846999999999999 0.23629999999999995 0.27900000000000014
-5071.399486752467 0.4846999999999999 0.25699999999999995 0.25830000000000014
-5052.341891752147 0.4846999999999999 0.27769999999999995 0.23760000000000014
-5023.017302061817 0.4846999999999999 0.29839999999999994 0.21690000000000015
-4986.132827547773 0.4846999999999999 0.31909999999999994 0.19620000000000015
-4959.396612195472 0.4846999999999999 0.33979999999999994 0.17550000000000016
-4936.80216120584 0.4846999999999999 0.36049999999999993 0.15480000000000016
-4922.496647712432 0.4846999999999999 0.38119999999999993 0.13410000000000016
-4890.374597449563 0.4846999999999999 0.4018999999999999 0.11340000000000017
-4854.729624724464 0.4846999999999999 0.4225999999999999 0.09270000000000017
-4824.996208680064 0.4846999999999999 0.4432999999999999 0.07200000000000017
-4806.468076565291 0.4846999999999999 0.4639999999999999 0.05130000000000018
-4781.570776409451 0.4846999999999999 0.4846999999999999 0.030600000000000183
-5306.73770239444 0.5054 0.05 0.44460000000000005
-5301.526583414665 0.5054 0.0707 0.42390000000000005
-5294.2942144848475 0.5054 0.0914 0.40320000000000006
-5298.252445279126 0.5054 0.11209999999999999 0.38250000000000006
-5284.538591101352 0.5054 0.13279999999999997 0.36180000000000007
-5271.474115781308 0.5054 0.15349999999999997 0.34110000000000007
-5248.807049683126 0.5054 0.17419999999999997 0.3204000000000001
-5220.108013969622 0.5054 0.19489999999999996 0.2997000000000001
-5194.221149423668 0.5054 0.21559999999999996 0.2790000000000001
-5170.357427190316 0.5054 0.23629999999999995 0.2583000000000001
-5149.372070746006 0.5054 0.25699999999999995 0.2376000000000001
-5121.515503344775 0.5054 0.27769999999999995 0.2169000000000001
-5095.047956264305 0.5054 0.29839999999999994 0.1962000000000001
-5062.490041887554 0.5054 0.31909999999999994 0.1755000000000001
-5040.958170327191 0.5054 0.33979999999999994 0.1548000000000001
-5021.815258592209 0.5054 0.36049999999999993 0.1341000000000001
-4990.480716194599 0.5054 0.38119999999999993 0.11340000000000011
-4963.712428986372 0.5054 0.4018999999999999 0.09270000000000012
-4934.293113776108 0.5054 0.4225999999999999 0.07200000000000012
-4903.6567958686 0.5054 0.4432999999999999 0.05130000000000012
-4868.752904397104 0.5054 0.4639999999999999 0.030600000000000127
-5405.391045424615 0.5260999999999999 0.05 0.4239000000000001
-5403.336346852604 0.5260999999999999 0.0707 0.4032000000000001
-5411.7939223695885 0.5260999999999999 0.0914 0.3825000000000001
-5391.42258346731 0.5260999999999999 0.11209999999999999 0.3618000000000001
-5381.674466206582 0.5260999999999999 0.13279999999999997 0.3411000000000001
-5354.674886298416 0.5260999999999999 0.15349999999999997 0.32040000000000013
-5334.382329986999 0.5260999999999999 0.17419999999999997 0.29970000000000013
-5313.1303109081555 0.5260999999999999 0.19489999999999996 0.27900000000000014
-5278.721890788247 0.5260999999999999 0.21559999999999996 0.25830000000000014
-5253.393798329917 0.5260999999999999 0.23629999999999995 0.23760000000000014
-5230.707231476218 0.5260999999999999 0.25699999999999995 0.21690000000000015
-5205.451911412503 0.5260999999999999 0.27769999999999995 0.19620000000000015
-5189.1451071677575 0.5260999999999999 0.29839999999999994 0.17550000000000016
-5157.573098019591 0.5260999999999999 0.31909999999999994 0.15480000000000016
-5126.954493202817 0.5260999999999999 0.33979999999999994 0.13410000000000016
-5097.94909385111 0.5260999999999999 0.36049999999999993 0.11340000000000017
-5067.0859855511635 0.5260999999999999 0.38119999999999993 0.09270000000000017
-5046.431686193922 0.5260999999999999 0.4018999999999999 0.07200000000000017
-5023.312191896592 0.5260999999999999 0.4225999999999999 0.05130000000000018
-4986.496418653381 0.5260999999999999 0.4432999999999999 0.030600000000000183
