-5481.51049624448 0.5468 0.05 0.40320000000000006
-5482.072420164 0.5468 0.0707 0.38250000000000006
-5467.1311669066345 0.5468 0.0914 0.36180000000000007
-5472.223404736976 0.5468 0.11209999999999999 0.34110000000000007
-5449.286758173012 0.5468 0.13279999999999997 0.3204000000000001
-5427.96022666357 0.5468 0.15349999999999997 0.2997000000000001
-5403.949526302093 0.5468 0.17419999999999997 0.2790000000000001
-5382.146279338227 0.5468 0.19489999999999996 0.2583000000000001
-5361.584127652806 0.5468 0.21559999999999996 0.2376000000000001
-5325.418381308987 0.5468 0.23629999999999995 0.2169000000000001
-5299.439253026202 0.5468 0.25699999999999995 0.1962000000000001
-5279.686349790396 0.5468 0.27769999999999995 0.1755000000000001
-5257.635794578108 0.5468 0.29839999999999994 0.1548000000000001
-5227.1695625114135 0.5468 0.31909999999999994 0.1341000000000001
-5199.354720271352 0.5468 0.33979999999999994 0.11340000000000011
-5170.909255187195 0.5468 0.36049999999999993 0.09270000000000012
-5142.347355736282 0.5468 0.38119999999999993 0.07200000000000012
-5114.611388041566 0.5468 0.4018999999999999 0.05130000000000012
-5097.086907236473 0.5468 0.4225999999999999 0.030600000000000127
-5563.978102695444 0.5674999999999999 0.05 0.3825000000000001
-5563.08537369217 0.5674999999999999 0.0707 0.3618000000000001
-5552.635866485688 0.5674999999999999 0.0914 0.3411000000000001
-5554.971382805243 0.5674999999999999 0.11209999999999999 0.32040000000000013
-5537.245582961126 0.5674999999999999 0.13279999999999997 0.29970000000000013
-5510.0479055071955 0.5674999999999999 0.15349999999999997 0.27900000000000014
-5485.87761787524 0.5674999999999999 0.17419999999999997 0.25830000000000014
-5460.706945348204 0.5674999999999999 0.19489999999999996 0.23760000000000014
-5440.376808517408 0.5674999999999999 0.21559999999999996 0.21690000000000015
-5407.439090488593 0.5674999999999999 0.23629999999999995 0.19620000000000015
-5380.860968091022 0.5674999999999999 0.25699999999999995 0.17550000000000016
-5357.726993106491 0.5674999999999999 0.27769999999999995 0.15480000000000016
-5335.575766518341 0.5674999999999999 0.29839999999999994 0.13410000000000016
-5307.029029151221 0.5674999999999999 0.31909999999999994 0.11340000000000017
-5272.297631750237 0.5674999999999999 0.33979999999999994 0.09270000000000017
-5249.082223298516 0.5674999999999999 0.36049999999999993 0.07200000000000017
-5226.658084320341 0.5674999999999999 0.38119999999999993 0.05130000000000018
-5193.656804634464 0.5674999999999999 0.4018999999999999 0.030600000000000183
-5663.643128032769 0.5882 0.05 0.36180000000000007
-5655.736338809825 0.5882 0.0707 0.34110000000000007
-5655.92521206797 0.5882 0.0914 0.3204000000000001
-5652.44084746204 0.5882 0.11209999999999999 0.2997000000000001
-5618.089928730441 0.5882 0.13279999999999997 0.2790000000000001
-5593.433576626072 0.5882 0.15349999999999997 0.2583000000000001
-5569.651310716808 0.5882 0.17419999999999997 0.2376000000000001
-5554.90949596297 0.5882 0.19489999999999996 0.2169000000000001
-5517.714773938626 0.5882 0.21559999999999996 0.1962000000000001
-5485.415645724738 0.5882 0.23629999999999995 0.1755000000000001
-5465.878482293904 0.5882 0.25699999999999995 0.1548000000000001
-5437.081151068092 0.5882 0.27769999999999995 0.1341000000000001
-5404.938386890034 0.5882 0.29839999999999994 0.11340000000000011
-5385.427474129049 0.5882 0.31909999999999994 0.09270000000000012
-5345.7284923613315 0.5882 0.33979999999999994 0.07200000000000012
-5335.269681457354 0.5882 0.36049999999999993 0.05130000000000012
-5303.285520399475 0.5882 0.38119999999999993 0.030600000000000127
