-5739.294287767806 0.6089 0.05 0.3411
-5741.349791684136 0.6089 0.0707 0.3204
-5739.324405791061 0.6089 0.0914 0.2997
-5720.754934144605 0.6089 0.11209999999999999 0.279
-5692.33009166241 0.6089 0.13279999999999997 0.25830000000000003
-5674.385805698073 0.6089 0.15349999999999997 0.23760000000000003
-5654.183797364551 0.6089 0.17419999999999997 0.21690000000000004
-5620.469105876249 0.6089 0.19489999999999996 0.19620000000000004
-5591.409033519823 0.6089 0.21559999999999996 0.17550000000000004
-5565.8305189587745 0.6089 0.23629999999999995 0.15480000000000005
-5537.3166095716615 0.6089 0.25699999999999995 0.13410000000000005
-5518.668478722167 0.6089 0.27769999999999995 0.11340000000000006
-5497.174220028531 0.6089 0.29839999999999994 0.09270000000000006
-5463.369633192823 0.6089 0.31909999999999994 0.07200000000000006
-5432.2458128395365 0.6089 0.33979999999999994 0.05130000000000007
-5409.348400592475 0.6089 0.36049999999999993 0.03060000000000007
-5818.885080306599 0.6295999999999999 0.05 0.3204000000000001
-5821.076974972618 0.6295999999999999 0.0707 0.2997000000000001
-5812.432438145216 0.6295999999999999 0.0914 0.2790000000000001
-5800.308903290005 0.6295999999999999 0.11209999999999999 0.2583000000000001
-5775.779844354255 0.6295999999999999 0.13279999999999997 0.2376000000000001
-5748.90356325761 0.6295999999999999 0.15349999999999997 0.2169000000000001
-5727.375922217932 0.6295999999999999 0.17419999999999997 0.1962000000000001
-5698.886423229179 0.6295999999999999 0.19489999999999996 0.1755000000000001
-5676.7476347824395 0.6295999999999999 0.21559999999999996 0.1548000000000001
-5648.25287193989 0.6295999999999999 0.23629999999999995 0.1341000000000001
-5629.626678400955 0.6295999999999999 0.25699999999999995 0.11340000000000011
-5594.517637722825 0.6295999999999999 0.27769999999999995 0.09270000000000012
-5572.07655437958 0.6295999999999999 0.29839999999999994 0.07200000000000012
-5539.479915351187 0.6295999999999999 0.31909999999999994 0.05130000000000012
-5512.968464097058 0.6295999999999999 0.33979999999999994 0.030600000000000127
-5920.407650184989 0.6502999999999999 0.05 0.29970000000000013
-5914.681512899826 0.6502999999999999 0.0707 0.27900000000000014
-5912.761623333449 0.6502999999999999 0.0914 0.25830000000000014
-5885.95138155538 0.6502999999999999 0.11209999999999999 0.23760000000000014
-5862.753941224718 0.6502999999999999 0.13279999999999997 0.21690000000000015
-5837.988256255793 0.6502999999999999 0.15349999999999997 0.19620000000000015
-5813.158874435878 0.6502999999999999 0.17419999999999997 0.17550000000000016
-5779.794947018185 0.6502999999999999 0.19489999999999996 0.15480000000000016
-5758.773720791274 0.6502999999999999 0.21559999999999996 0.13410000000000016
-5724.901357618463 0.6502999999999999 0.23629999999999995 0.11340000000000017
-5708.296971926636 0.6502999999999999 0.25699999999999995 0.09270000000000017
-5682.541012732156 0.6502999999999999 0.27769999999999995 0.07200000000000017
-5647.367412315601 0.6502999999999999 0.29839999999999994 0.05130000000000018
-5629.707266076688 0.6502999999999999 0.31909999999999994 0.030600000000000183
