-4706.902802164451 0.36049999999999993 0.05 0.5895
-4708.519685666338 0.36049999999999993 0.0707 0.5688000000000001
-4710.144865930679 0.36049999999999993 0.0914 0.5481
-4704.6118733626145 0.36049999999999993 0.11209999999999999 0.5274000000000001
-4704.632254661512 0.36049999999999993 0.13279999999999997 0.5067000000000002
-4704.338305580738 0.36049999999999993 0.15349999999999997 0.4860000000000001
-4698.302655486199 0.36049999999999993 0.17419999999999997 0.4653000000000001
-4672.272568898968 0.36049999999999993 0.19489999999999996 0.4446000000000001
-4657.376727610883 0.36049999999999993 0.21559999999999996 0.4239000000000001
-4625.631987496197 0.36049999999999993 0.23629999999999995 0.4032000000000001
-4600.228540567653 0.36049999999999993 0.25699999999999995 0.3825000000000001
-4576.370485278128 0.36049999999999993 0.27769999999999995 0.3618000000000001
-4549.127265618817 0.36049999999999993 0.29839999999999994 0.3411000000000001
-4525.8853094005335 0.36049999999999993 0.31909999999999994 0.32040000000000013
-4502.5605840649305 0.36049999999999993 0.33979999999999994 0.29970000000000013
-4476.850831222692 0.36049999999999993 0.36049999999999993 0.27900000000000014
-4449.158459918237 0.36049999999999993 0.38119999999999993 0.25830000000000014
-4428.450578823402 0.36049999999999993 0.4018999999999999 0.23760000000000014
-4403.54744096968 0.36049999999999993 0.4225999999999999 0.21690000000000015
-4368.499297963161 0.36049999999999993 0.4432999999999999 0.19620000000000015
-4346.604767852066 0.36049999999999993 0.4639999999999999 0.17550000000000016
-4314.893936760404 0.36049999999999993 0.4846999999999999 0.15480000000000016
-4293.394558359852 0.36049999999999993 0.5054 0.1341000000000001
-4263.097985725059 0.36049999999999993 0.5260999999999999 0.11340000000000017
-4226.291183065894 0.36049999999999993 0.5468 0.09270000000000012
-4211.043273492854 0.36049999999999993 0.5674999999999999 0.07200000000000017
-4183.399106640865 0.36049999999999993 0.5882 0.05130000000000012
-4150.653544439227 0.36049999999999993 0.6089 0.03060000000000007
-4782.841230828941 0.38119999999999993 0.05 0.5688
-4787.517515269866 0.38119999999999993 0.0707 0.5481
-4781.423850119705 0.38119999999999993 0.0914 0.5274
-4779.557501912446 0.38119999999999993 0.11209999999999999 0.5067
-4786.145925043617 0.38119999999999993 0.13279999999999997 0.48600000000000004
-4777.441093674249 0.38119999999999993 0.15349999999999997 0.46530000000000005
-4773.475503240064 0.38119999999999993 0.17419999999999997 0.44460000000000005
-4747.506886782138 0.38119999999999993 0.19489999999999996 0.42390000000000005
-4722.589997617081 0.38119999999999993 0.21559999999999996 0.40320000000000006
-4697.252596335266 0.38119999999999993 0.23629999999999995 0.38250000000000006
-4676.154418130887 0.38119999999999993 0.25699999999999995 0.36180000000000007
-4655.205655745563 0.38119999999999993 0.27769999999999995 0.34110000000000007
-4622.800158352274 0.38119999999999993 0.29839999999999994 0.3204000000000001
-4602.519536252041 0.38119999999999993 0.31909999999999994 0.2997000000000001
-4571.14816305641 0.38119999999999993 0.33979999999999994 0.2790000000000001
-4549.402898769172 0.38119999999999993 0.36049999999999993 0.2583000000000001
-4520.205716279388 0.38119999999999993 0.38119999999999993 0.2376000000000001
-4500.0162085887205 0.38119999999999993 0.4018999999999999 0.2169000000000001
-4468.720778537277 0.38119999999999993 0.4225999999999999 0.1962000000000001
-4430.043319014219 0.38119999999999993 0.4432999999999999 0.1755000000000001
-4414.7481893616405 0.38119999999999993 0.4639999999999999 0.1548000000000001
-4395.43586989432 0.38119999999999993 0.4846999999999999 0.1341000000000001
-4361.731206641554 0.38119999999999993 0.5054 0.11340000000000006
-4334.287835539986 0.38119999999999993 0.5260999999999999 0.09270000000000012
-4306.554129350065 0.38119999999999993 0.5468 0.07200000000000006
-4278.9228939119075 0.38119999999999993 0.5674999999999999 0.05130000000000012
-4250.8691547971575 0.38119999999999993 0.5882 0.03060000000000007
-4885.522175314998 0.4018999999999999 0.05 0.5481
-4876.297379271464 0.4018999999999999 0.0707 0.5274000000000001
-4874.059599962784 0.4018999999999999 0.0914 0.5067
-4880.263434717624 0.4018999999999999 0.11209999999999999 0.4860000000000001
-4876.5357556945555 0.4018999999999999 0.13279999999999997 0.4653000000000001
-4867.951491410746 0.4018999999999999 0.15349999999999997 0.4446000000000001
-4857.771686420668 0.4018999999999999 0.17419999999999997 0.4239000000000001
-4833.662391371094 0.4018999999999999 0.19489999999999996 0.4032000000000001
-4817.108076874071 0.4018999999999999 0.21559999999999996 0.3825000000000001
-4789.081529666361 0.4018999999999999 0.23629999999999995 0.3618000000000001
-4763.514627886626 0.4018999999999999 0.25699999999999995 0.3411000000000001
-4731.828904027648 0.4018999999999999 0.27769999999999995 0.32040000000000013
-4711.9352546737055 0.4018999999999999 0.29839999999999994 0.29970000000000013
-4688.07245489544 0.4018999999999999 0.31909999999999994 0.27900000000000014
-4654.227863999542 0.4018999999999999 0.33979999999999994 0.25830000000000014
-4633.548393232401 0.4018999999999999 0.36049999999999993 0.23760000000000014
-4606.679928737623 0.4018999999999999 0.38119999999999993 0.21690000000000015
-4574.797124693296 0.4018999999999999 0.4018999999999999 0.19620000000000015
-4560.208401850706 0.4018999999999999 0.4225999999999999 0.17550000000000016
-4527.411844756075 0.4018999999999999 0.4432999999999999 0.15480000000000016
-4491.2340140469805 0.4018999999999999 0.4639999999999999 0.13410000000000016
-4468.420095473151 0.4018999999999999 0.4846999999999999 0.11340000000000017
-4450.297911729438 0.4018999999999999 0.5054 0.09270000000000012
-4423.009042474497 0.4018999999999999 0.5260999999999999 0.07200000000000017
-4376.623499688256 0.4018999999999999 0.5468 0.05130000000000012
-4362.077275016563 0.4018999999999999 0.5674999999999999 0.030600000000000183
