-5225.494770089121 0.4846999999999999 0.05 0.4653000000000001
-5209.813818914339 0.4846999999999999 0.0707 0.4446000000000001
-5196.9852815605445 0.4846999999999999 0.0914 0.4239000000000001
-5181.264268637764 0.4846999999999999 0.11209999999999999 0.4032000000000001
-5164.058109543542 0.4846999999999999 0.13279999999999997 0.3825000000000001
-5147.7025320782 0.4846999999999999 0.15349999999999997 0.3618000000000001
-5133.919042709721 0.4846999999999999 0.17419999999999997 0.3411000000000001
-5117.174867344246 0.4846999999999999 0.19489999999999996 0.32040000000000013
-5102.915035769066 0.4846999999999999 0.21559999999999996 0.29970000000000013
-5084.679710353275 0.4846999999999999 0.23629999999999995 0.27900000000000014
-5068.395496919651 0.4846999999999999 0.25699999999999995 0.25830000000000014
-5051.845289037482 0.4846999999999999 0.27769999999999995 0.23760000000000014
-5030.170643890202 0.4846999999999999 0.29839999999999994 0.21690000000000015
-5013.225951233571 0.4846999999999999 0.31909999999999994 0.19620000000000015
-4991.318921245961 0.4846999999999999 0.33979999999999994 0.17550000000000016
-4972.701740089658 0.4846999999999999 0.36049999999999993 0.15480000000000016
-4955.191665982239 0.4846999999999999 0.38119999999999993 0.13410000000000016
-4931.439097483355 0.4846999999999999 0.4018999999999999 0.11340000000000017
-4910.32670537859 0.4846999999999999 0.4225999999999999 0.09270000000000017
-4884.469143435681 0.4846999999999999 0.4432999999999999 0.07200000000000017
-4860.515248990053 0.4846999999999999 0.4639999999999999 0.05130000000000018
-4839.153595127121 0.4846999999999999 0.4846999999999999 0.030600000000000183
-5312.709028444712 0.5054 0.05 0.44460000000000005
-5301.216612789021 0.5054 0.0707 0.42390000000000005
-5283.899465928515 0.5054 0.0914 0.40320000000000006
-5265.926917654106 0.5054 0.11209999999999999 0.38250000000000006
-5249.725505662625 0.5054 0.13279999999999997 0.36180000000000007
-5235.694182515618 0.5054 0.15349999999999997 0.34110000000000007
-5220.10937309227 0.5054 0.17419999999999997 0.3204000000000001
-5204.97946067188 0.5054 0.19489999999999996 0.2997000000000001
-5188.997716544064 0.5054 0.21559999999999996 0.2790000000000001
-5171.121578027798 0.5054 0.23629999999999995 0.2583000000000001
-5154.746171386533 0.5054 0.25699999999999995 0.2376000000000001
-5134.9300797612905 0.5054 0.27769999999999995 0.2169000000000001
-5116.14803453883 0.5054 0.29839999999999994 0.1962000000000001
-5097.085721739359 0.5054 0.31909999999999994 0.1755000000000001
-5075.727720989555 0.5054 0.33979999999999994 0.1548000000000001
-5058.420300987377 0.5054 0.36049999999999993 0.1341000000000001
-5038.199068974436 0.5054 0.38119999999999993 0.11340000000000011
-5015.073901206197 0.5054 0.4018999999999999 0.09270000000000012
-4991.463652769472 0.5054 0.4225999999999999 0.07200000000000012
-4965.166188954016 0.5054 0.4432999999999999 0.05130000000000012
-4943.675962741086 0.5054 0.4639999999999999 0.030600000000000127
-5402.657012973744 0.5260999999999999 0.05 0.4239000000000001
-5389.602201651782 0.5260999999999999 0.0707 0.4032000000000001
-5371.795489453038 0.5260999999999999 0.0914 0.3825000000000001
-5353.840971441036 0.5260999999999999 0.11209999999999999 0.3618000000000001
-5337.606179879444 0.5260999999999999 0.13279999999999997 0.3411000000000001
-5322.18898704219 0.5260999999999999 0.15349999999999997 0.32040000000000013
-5308.502797442597 0.5260999999999999 0.17419999999999997 0.29970000000000013
-5290.723056735848 0.5260999999999999 0.19489999999999996 0.27900000000000014
-5274.058158396353 0.5260999999999999 0.21559999999999996 0.25830000000000014
-5257.269168588331 0.5260999999999999 0.23629999999999995 0.23760000000000014
-5239.172265059815 0.5260999999999999 0.25699999999999995 0.21690000000000015
-5221.409336746328 0.5260999999999999 0.27769999999999995 0.19620000000000015
-5200.759556507958 0.5260999999999999 0.29839999999999994 0.17550000000000016
-5180.645691100552 0.5260999999999999 0.31909999999999994 0.15480000000000016
-5161.884513943962 0.5260999999999999 0.33979999999999994 0.13410000000000016
-5141.616182177305 0.5260999999999999 0.36049999999999993 0.11340000000000017
-5121.159814334026 0.5260999999999999 0.38119999999999993 0.09270000000000017
-5095.203105859093 0.5260999999999999 0.4018999999999999 0.07200000000000017
-5071.5176520798805 0.5260999999999999 0.4225999999999999 0.05130000000000018
-5047.395196542764 0.5260999999999999 0.4432999999999999 0.030600000000000183
