-4180.85852345241 0.23629999999999995 0.05 0.7137
-4168.501299761169 0.23629999999999995 0.0707 0.6930000000000001
-4154.236715243356 0.23629999999999995 0.0914 0.6723
-4138.5284244090435 0.23629999999999995 0.11209999999999999 0.6516000000000001
-4122.785575598619 0.23629999999999995 0.13279999999999997 0.6309
-4107.511439301501 0.23629999999999995 0.15349999999999997 0.6102000000000001
-4092.003456236907 0.23629999999999995 0.17419999999999997 0.5895000000000001
-4076.0461587781356 0.23629999999999995 0.19489999999999996 0.5688000000000001
-4058.3629390947563 0.23629999999999995 0.21559999999999996 0.5481
-4044.9529556199836 0.23629999999999995 0.23629999999999995 0.5274000000000001
-4030.168411134416 0.23629999999999995 0.25699999999999995 0.5067000000000002
-4014.167936528163 0.23629999999999995 0.27769999999999995 0.4860000000000001
-4003.340849312661 0.23629999999999995 0.29839999999999994 0.4653000000000001
-3988.3407589427684 0.23629999999999995 0.31909999999999994 0.4446000000000001
-3971.9288921369002 0.23629999999999995 0.33979999999999994 0.4239000000000001
-3954.0115424374835 0.23629999999999995 0.36049999999999993 0.4032000000000001
-3935.3244640849452 0.23629999999999995 0.38119999999999993 0.3825000000000001
-3916.1382681175814 0.23629999999999995 0.4018999999999999 0.3618000000000001
-3896.641679795225 0.23629999999999995 0.4225999999999999 0.3411000000000001
-3878.736711166891 0.23629999999999995 0.4432999999999999 0.32040000000000013
-3860.7699071877782 0.23629999999999995 0.4639999999999999 0.29970000000000013
-3841.0669732098904 0.23629999999999995 0.4846999999999999 0.27900000000000014
-3822.194025827341 0.23629999999999995 0.5054 0.2583000000000001
-3802.0721210821416 0.23629999999999995 0.5260999999999999 0.23760000000000014
-3784.0119337127403 0.23629999999999995 0.5468 0.2169000000000001
-3764.137321987073 0.23629999999999995 0.5674999999999999 0.19620000000000015
-3742.8250249734274 0.23629999999999995 0.5882 0.1755000000000001
-3718.2734039615657 0.23629999999999995 0.6089 0.15480000000000005
-3695.712185396448 0.23629999999999995 0.6295999999999999 0.1341000000000001
-3672.1746781011684 0.23629999999999995 0.6502999999999999 0.11340000000000017
-3647.801434793356 0.23629999999999995 0.6709999999999999 0.09270000000000012
-3624.2384891709635 0.23629999999999995 0.6917 0.07200000000000006
-3600.8506847369376 0.23629999999999995 0.7123999999999999 0.05130000000000012
-3576.36467767706 0.23629999999999995 0.7330999999999999 0.030600000000000183
-4266.05261405996 0.25699999999999995 0.05 0.6930000000000001
-4252.392005895619 0.25699999999999995 0.0707 0.6723000000000001
-4236.726659942839 0.25699999999999995 0.0914 0.6516000000000001
-4223.599617603889 0.25699999999999995 0.11209999999999999 0.6309000000000001
-4208.092029791335 0.25699999999999995 0.13279999999999997 0.6102000000000001
-4192.540976697608 0.25699999999999995 0.15349999999999997 0.5895000000000001
-4182.270528726235 0.25699999999999995 0.17419999999999997 0.5688000000000002
-4161.167184682843 0.25699999999999995 0.19489999999999996 0.5481000000000001
-4151.28174560317 0.25699999999999995 0.21559999999999996 0.5274000000000001
-4135.24403331073 0.25699999999999995 0.23629999999999995 0.5067000000000002
-4120.508919805394 0.25699999999999995 0.25699999999999995 0.48600000000000015
-4104.755926036556 0.25699999999999995 0.27769999999999995 0.46530000000000016
-4089.18185160519 0.25699999999999995 0.29839999999999994 0.44460000000000016
-4074.138528637653 0.25699999999999995 0.31909999999999994 0.42390000000000017
-4056.46602866066 0.25699999999999995 0.33979999999999994 0.40320000000000017
-4036.654060149294 0.25699999999999995 0.36049999999999993 0.3825000000000002
-4020.120436224219 0.25699999999999995 0.38119999999999993 0.3618000000000002
-4000.672659022381 0.25699999999999995 0.4018999999999999 0.3411000000000002
-3981.494539013199 0.25699999999999995 0.4225999999999999 0.3204000000000002
-3962.879758471609 0.25699999999999995 0.4432999999999999 0.2997000000000002
-3944.3045342129312 0.25699999999999995 0.4639999999999999 0.2790000000000002
-3925.0040461515123 0.25699999999999995 0.4846999999999999 0.2583000000000002
-3905.815957103488 0.25699999999999995 0.5054 0.23760000000000014
-3885.809781041319 0.25699999999999995 0.5260999999999999 0.2169000000000002
-3866.3920679161033 0.25699999999999995 0.5468 0.19620000000000015
-3846.873555582576 0.25699999999999995 0.5674999999999999 0.1755000000000002
-3822.592608606958 0.25699999999999995 0.5882 0.15480000000000016
-3800.1544330166885 0.25699999999999995 0.6089 0.1341000000000001
-3776.456863692641 0.25699999999999995 0.6295999999999999 0.11340000000000017
-3752.1247230341423 0.25699999999999995 0.6502999999999999 0.09270000000000023
-3728.5515912097653 0.25699999999999995 0.6709999999999999 0.07200000000000017
-3705.0275926113004 0.25699999999999995 0.6917 0.05130000000000012
-3680.6679687569103 0.25699999999999995 0.7123999999999999 0.030600000000000183
-4352.1299411365235 0.27769999999999995 0.05 0.6723
-4341.691244539491 0.27769999999999995 0.0707 0.6516000000000001
-4324.031859821237 0.27769999999999995 0.0914 0.6309
-4312.043744603079 0.27769999999999995 0.11209999999999999 0.6102000000000001
-4293.147351201645 0.27769999999999995 0.13279999999999997 0.5895000000000001
-4283.904105972616 0.27769999999999995 0.15349999999999997 0.5688000000000001
-4268.605785650547 0.27769999999999995 0.17419999999999997 0.5481
-4252.021327820576 0.27769999999999995 0.19489999999999996 0.5274000000000001
-4237.896840866691 0.27769999999999995 0.21559999999999996 0.5067000000000002
-4222.085301616963 0.27769999999999995 0.23629999999999995 0.4860000000000001
-4206.341705410509 0.27769999999999995 0.25699999999999995 0.4653000000000001
-4191.0613907395855 0.27769999999999995 0.27769999999999995 0.4446000000000001
-4172.814693803555 0.27769999999999995 0.29839999999999994 0.4239000000000001
-4158.767524896338 0.27769999999999995 0.31909999999999994 0.4032000000000001
-4140.370933371008 0.27769999999999995 0.33979999999999994 0.3825000000000001
-4121.238007438832 0.27769999999999995 0.36049999999999993 0.3618000000000001
-4101.497002326964 0.27769999999999995 0.38119999999999993 0.3411000000000001
-4086.5316916125093 0.27769999999999995 0.4018999999999999 0.32040000000000013
-4067.0185983323527 0.27769999999999995 0.4225999999999999 0.29970000000000013
-4047.711825847057 0.27769999999999995 0.4432999999999999 0.27900000000000014
-4027.9419613775485 0.27769999999999995 0.4639999999999999 0.25830000000000014
-4008.289704124704 0.27769999999999995 0.4846999999999999 0.23760000000000014
-3989.4138044904316 0.27769999999999995 0.5054 0.2169000000000001
-3969.634454379374 0.27769999999999995 0.5260999999999999 0.19620000000000015
-3947.806319431861 0.27769999999999995 0.5468 0.1755000000000001
-3927.922854712505 0.27769999999999995 0.5674999999999999 0.15480000000000016
-3904.0183613178874 0.27769999999999995 0.5882 0.1341000000000001
-3880.155387981176 0.27769999999999995 0.6089 0.11340000000000006
-3855.9752369939533 0.27769999999999995 0.6295999999999999 0.09270000000000012
-3832.461973500433 0.27769999999999995 0.6502999999999999 0.07200000000000017
-3808.9012030294107 0.27769999999999995 0.6709999999999999 0.05130000000000012
-3784.4152565450504 0.27769999999999995 0.6917 0.03060000000000007
