-4702.632787731009 0.36049999999999993 0.05 0.5895
-4691.519125292155 0.36049999999999993 0.0707 0.5688000000000001
-4676.396800518887 0.36049999999999993 0.0914 0.5481
-4662.271284421411 0.36049999999999993 0.11209999999999999 0.5274000000000001
-4646.699696178657 0.36049999999999993 0.13279999999999997 0.5067000000000002
-4631.736486760547 0.36049999999999993 0.15349999999999997 0.4860000000000001
-4616.280713567475 0.36049999999999993 0.17419999999999997 0.4653000000000001
-4600.316200188467 0.36049999999999993 0.19489999999999996 0.4446000000000001
-4581.664232847647 0.36049999999999993 0.21559999999999996 0.4239000000000001
-4566.928982792689 0.36049999999999993 0.23629999999999995 0.4032000000000001
-4550.43213447839 0.36049999999999993 0.25699999999999995 0.3825000000000001
-4536.142167635668 0.36049999999999993 0.27769999999999995 0.3618000000000001
-4520.180332988794 0.36049999999999993 0.29839999999999994 0.3411000000000001
-4502.649907630551 0.36049999999999993 0.31909999999999994 0.32040000000000013
-4483.04411987718 0.36049999999999993 0.33979999999999994 0.29970000000000013
-4464.331113588608 0.36049999999999993 0.36049999999999993 0.27900000000000014
-4445.593343606629 0.36049999999999993 0.38119999999999993 0.25830000000000014
-4424.862190360123 0.36049999999999993 0.4018999999999999 0.23760000000000014
-4406.206539361858 0.36049999999999993 0.4225999999999999 0.21690000000000015
-4386.892927703972 0.36049999999999993 0.4432999999999999 0.19620000000000015
-4367.694803588157 0.36049999999999993 0.4639999999999999 0.17550000000000016
-4348.730074350506 0.36049999999999993 0.4846999999999999 0.15480000000000016
-4325.542075222246 0.36049999999999993 0.5054 0.1341000000000001
-4302.239646931116 0.36049999999999993 0.5260999999999999 0.11340000000000017
-4277.840797628881 0.36049999999999993 0.5468 0.09270000000000012
-4254.4921862914525 0.36049999999999993 0.5674999999999999 0.07200000000000017
-4230.5462364500445 0.36049999999999993 0.5882 0.05130000000000012
-4206.628908964177 0.36049999999999993 0.6089 0.03060000000000007
-4791.119401534698 0.38119999999999993 0.05 0.5688
-4778.217118510486 0.38119999999999993 0.0707 0.5481
-4762.730426070858 0.38119999999999993 0.0914 0.5274
-4747.782649272244 0.38119999999999993 0.11209999999999999 0.5067
-4733.105210205163 0.38119999999999993 0.13279999999999997 0.48600000000000004
-4713.199621906569 0.38119999999999993 0.15349999999999997 0.46530000000000005
-4702.223968228338 0.38119999999999993 0.17419999999999997 0.44460000000000005
-4683.791654617004 0.38119999999999993 0.19489999999999996 0.42390000000000005
-4668.299142921428 0.38119999999999993 0.21559999999999996 0.40320000000000006
-4652.740784867911 0.38119999999999993 0.23629999999999995 0.38250000000000006
-4637.004151731773 0.38119999999999993 0.25699999999999995 0.36180000000000007
-4624.706088711876 0.38119999999999993 0.27769999999999995 0.34110000000000007
-4605.087670442445 0.38119999999999993 0.29839999999999994 0.3204000000000001
-4589.049253154306 0.38119999999999993 0.31909999999999994 0.2997000000000001
-4567.247867870995 0.38119999999999993 0.33979999999999994 0.2790000000000001
-4548.631342226013 0.38119999999999993 0.36049999999999993 0.2583000000000001
-4531.344682552935 0.38119999999999993 0.38119999999999993 0.2376000000000001
-4510.277333660809 0.38119999999999993 0.4018999999999999 0.2169000000000001
-4489.230759133083 0.38119999999999993 0.4225999999999999 0.1962000000000001
-4471.155033798367 0.38119999999999993 0.4432999999999999 0.1755000000000001
-4452.161194882974 0.38119999999999993 0.4639999999999999 0.1548000000000001
-4429.225877730964 0.38119999999999993 0.4846999999999999 0.1341000000000001
-4406.058623465817 0.38119999999999993 0.5054 0.11340000000000006
-4382.072569451322 0.38119999999999993 0.5260999999999999 0.09270000000000012
-4358.40429373985 0.38119999999999993 0.5468 0.07200000000000006
-4334.979676405601 0.38119999999999993 0.5674999999999999 0.05130000000000012
-4309.958219473065 0.38119999999999993 0.5882 0.03060000000000007
-4880.074645580224 0.4018999999999999 0.05 0.5481
-4866.413484181732 0.4018999999999999 0.0707 0.5274000000000001
-4851.459314497881 0.4018999999999999 0.0914 0.5067
-4836.4065633986065 0.4018999999999999 0.11209999999999999 0.4860000000000001
-4820.590236147979 0.4018999999999999 0.13279999999999997 0.4653000000000001
-4803.315892045669 0.4018999999999999 0.15349999999999997 0.4446000000000001
-4789.931966583452 0.4018999999999999 0.17419999999999997 0.4239000000000001
-4771.274056870031 0.4018999999999999 0.19489999999999996 0.4032000000000001
-4756.257107806689 0.4018999999999999 0.21559999999999996 0.3825000000000001
-4737.855600212475 0.4018999999999999 0.23629999999999995 0.3618000000000001
-4725.6027095133 0.4018999999999999 0.25699999999999995 0.3411000000000001
-4709.492389167791 0.4018999999999999 0.27769999999999995 0.32040000000000013
-4692.116941437575 0.4018999999999999 0.29839999999999994 0.29970000000000013
-4672.716725202471 0.4018999999999999 0.31909999999999994 0.27900000000000014
-4651.306018814041 0.4018999999999999 0.33979999999999994 0.25830000000000014
-4634.584248468156 0.4018999999999999 0.36049999999999993 0.23760000000000014
-4615.387266192955 0.4018999999999999 0.38119999999999993 0.21690000000000015
-4595.649442611561 0.4018999999999999 0.4018999999999999 0.19620000000000015
-4576.4290559599385 0.4018999999999999 0.4225999999999999 0.17550000000000016
-4558.207970004234 0.4018999999999999 0.4432999999999999 0.15480000000000016
-4535.950516279541 0.4018999999999999 0.4639999999999999 0.13410000000000016
-4513.188217583069 0.4018999999999999 0.4846999999999999 0.11340000000000017
-4488.596087030831 0.4018999999999999 0.5054 0.09270000000000012
-4465.409133395067 0.4018999999999999 0.5260999999999999 0.07200000000000017
-4441.968831908292 0.4018999999999999 0.5468 0.05130000000000012
-4417.934540624158 0.4018999999999999 0.5674999999999999 0.030600000000000183
