-6008.367971112823 0.6709999999999999 0.05 0.2790000000000001
-5991.698982462234 0.6709999999999999 0.0707 0.2583000000000001
-5976.201756612918 0.6709999999999999 0.0914 0.2376000000000001
-5959.352526617252 0.6709999999999999 0.11209999999999999 0.2169000000000001
-5944.587948379906 0.6709999999999999 0.13279999999999997 0.1962000000000001
-5928.4180289381875 0.6709999999999999 0.15349999999999997 0.1755000000000001
-5910.263734606734 0.6709999999999999 0.17419999999999997 0.1548000000000001
-5890.904492889271 0.6709999999999999 0.19489999999999996 0.1341000000000001
-5871.065756740166 0.6709999999999999 0.21559999999999996 0.11340000000000011
-5852.217312189625 0.6709999999999999 0.23629999999999995 0.09270000000000012
-5830.792975344315 0.6709999999999999 0.25699999999999995 0.07200000000000012
-5808.282610876092 0.6709999999999999 0.27769999999999995 0.05130000000000012
-5783.789646256739 0.6709999999999999 0.29839999999999994 0.030600000000000127
-6092.47821150803 0.6917 0.05 0.25830000000000003
-6079.269982588901 0.6917 0.0707 0.23760000000000003
-6061.0651630553175 0.6917 0.0914 0.21690000000000004
-6047.749517562685 0.6917 0.11209999999999999 0.19620000000000004
-6030.649112593972 0.6917 0.13279999999999997 0.17550000000000004
-6013.125094262094 0.6917 0.15349999999999997 0.15480000000000005
-5996.285455244936 0.6917 0.17419999999999997 0.13410000000000005
-5974.307776394179 0.6917 0.19489999999999996 0.11340000000000006
-5957.686046047863 0.6917 0.21559999999999996 0.09270000000000006
-5935.304537656354 0.6917 0.23629999999999995 0.07200000000000006
-5912.808209397759 0.6917 0.25699999999999995 0.05130000000000007
-5891.133003220583 0.6917 0.27769999999999995 0.03060000000000007
-6179.201908045083 0.7123999999999999 0.05 0.2376000000000001
-6164.40755208985 0.7123999999999999 0.0707 0.2169000000000001
-6148.580815859041 0.7123999999999999 0.0914 0.1962000000000001
-6133.9811546940955 0.7123999999999999 0.11209999999999999 0.1755000000000001
-6115.50114278681 0.7123999999999999 0.13279999999999997 0.1548000000000001
-6098.6739710479005 0.7123999999999999 0.15349999999999997 0.1341000000000001
-6079.72494589548 0.7123999999999999 0.17419999999999997 0.11340000000000011
-6059.918089281087 0.7123999999999999 0.19489999999999996 0.09270000000000012
-6041.250701671351 0.7123999999999999 0.21559999999999996 0.07200000000000012
-6016.635543513869 0.7123999999999999 0.23629999999999995 0.05130000000000012
-5995.344711572809 0.7123999999999999 0.25699999999999995 0.030600000000000127
