-6525.5651027359645 0.7951999999999999 0.05 0.1548000000000001
-6513.02350028878 0.7951999999999999 0.0707 0.1341000000000001
-6494.240527661741 0.7951999999999999 0.0914 0.1134000000000001
-6477.722739804661 0.7951999999999999 0.11209999999999999 0.0927000000000001
-6456.406544361709 0.7951999999999999 0.13279999999999997 0.07200000000000012
-6437.681004513352 0.7951999999999999 0.15349999999999997 0.05130000000000012
-6417.140872061862 0.7951999999999999 0.17419999999999997 0.030600000000000127
-6613.067265086888 0.8158999999999998 0.05 0.13410000000000016
-6597.1985070686405 0.8158999999999998 0.0707 0.11340000000000015
-6580.310929121655 0.8158999999999998 0.0914 0.09270000000000016
-6562.043014192631 0.8158999999999998 0.11209999999999999 0.07200000000000016
-6540.581242181246 0.8158999999999998 0.13279999999999997 0.05130000000000018
-6520.501747105592 0.8158999999999998 0.15349999999999997 0.030600000000000183
-6698.973985947462 0.8365999999999999 0.05 0.1134000000000001
-6684.4802581709355 0.8365999999999999 0.0707 0.0927000000000001
-6664.757998327539 0.8365999999999999 0.0914 0.0720000000000001
-6646.706043410333 0.8365999999999999 0.11209999999999999 0.05130000000000011
-6624.514252511153 0.8365999999999999 0.13279999999999997 0.030600000000000127
