-5227.473703383551 0.4846999999999999 0.05 0.4653000000000001
-5214.859318160443 0.4846999999999999 0.0707 0.4446000000000001
-5198.10172692421 0.4846999999999999 0.0914 0.4239000000000001
-5180.4628307236835 0.4846999999999999 0.11209999999999999 0.4032000000000001
-5163.135818628562 0.4846999999999999 0.13279999999999997 0.3825000000000001
-5147.880319332225 0.4846999999999999 0.15349999999999997 0.3618000000000001
-5135.2155618558545 0.4846999999999999 0.17419999999999997 0.3411000000000001
-5117.242957394507 0.4846999999999999 0.19489999999999996 0.32040000000000013
-5103.979115473789 0.4846999999999999 0.21559999999999996 0.29970000000000013
-5084.1476391602755 0.4846999999999999 0.23629999999999995 0.27900000000000014
-5067.567834945466 0.4846999999999999 0.25699999999999995 0.25830000000000014
-5051.909424738464 0.4846999999999999 0.27769999999999995 0.23760000000000014
-5030.440838881818 0.4846999999999999 0.29839999999999994 0.21690000000000015
-5012.957782671732 0.4846999999999999 0.31909999999999994 0.19620000000000015
-4991.2982096211235 0.4846999999999999 0.33979999999999994 0.17550000000000016
-4972.278773072809 0.4846999999999999 0.36049999999999993 0.15480000000000016
-4955.895871511273 0.4846999999999999 0.38119999999999993 0.13410000000000016
-4931.228924666105 0.4846999999999999 0.4018999999999999 0.11340000000000017
-4910.560830964724 0.4846999999999999 0.4225999999999999 0.09270000000000017
-4884.340423238399 0.4846999999999999 0.4432999999999999 0.07200000000000017
-4860.887293200814 0.4846999999999999 0.4639999999999999 0.05130000000000018
-4838.836493403085 0.4846999999999999 0.4846999999999999 0.030600000000000183
-5315.921407508081 0.5054 0.05 0.44460000000000005
-5301.073713027516 0.5054 0.0707 0.42390000000000005
-5283.640663187324 0.5054 0.0914 0.40320000000000006
-5267.6992484439625 0.5054 0.11209999999999999 0.38250000000000006
-5250.014705274132 0.5054 0.13279999999999997 0.36180000000000007
-5236.534601706858 0.5054 0.15349999999999997 0.34110000000000007
-5220.185767086293 0.5054 0.17419999999999997 0.3204000000000001
-5204.653406579187 0.5054 0.19489999999999996 0.2997000000000001
-5189.951076635386 0.5054 0.21559999999999996 0.2790000000000001
-5171.388828609229 0.5054 0.23629999999999995 0.2583000000000001
-5154.388697451277 0.5054 0.25699999999999995 0.2376000000000001
-5135.570199522067 0.5054 0.27769999999999995 0.2169000000000001
-5116.073103176267 0.5054 0.29839999999999994 0.1962000000000001
-5097.119467693504 0.5054 0.31909999999999994 0.1755000000000001
-5075.647962168779 0.5054 0.33979999999999994 0.1548000000000001
-5058.568396787428 0.5054 0.36049999999999993 0.1341000000000001
-5038.12006945246 0.5054 0.38119999999999993 0.11340000000000011
-5014.864286983768 0.5054 0.4018999999999999 0.09270000000000012
-4990.867758859101 0.5054 0.4225999999999999 0.07200000000000012
-4965.621835668226 0.5054 0.4432999999999999 0.05130000000000012
-4943.558127746761 0.5054 0.4639999999999999 0.030600000000000127
-5402.000854050569 0.5260999999999999 0.05 0.4239000000000001
-5389.582276982204 0.5260999999999999 0.0707 0.4032000000000001
-5368.812210077616 0.5260999999999999 0.0914 0.3825000000000001
-5353.86919553994 0.5260999999999999 0.11209999999999999 0.3618000000000001
-5337.486669073397 0.5260999999999999 0.13279999999999997 0.3411000000000001
-5321.953721355593 0.5260999999999999 0.15349999999999997 0.32040000000000013
-5307.797879074391 0.5260999999999999 0.17419999999999997 0.29970000000000013
-5290.590293497352 0.5260999999999999 0.19489999999999996 0.27900000000000014
-5275.086086101375 0.5260999999999999 0.21559999999999996 0.25830000000000014
-5257.589430448407 0.5260999999999999 0.23629999999999995 0.23760000000000014
-5238.226931424152 0.5260999999999999 0.25699999999999995 0.21690000000000015
-5222.046981466042 0.5260999999999999 0.27769999999999995 0.19620000000000015
-5200.555476857972 0.5260999999999999 0.29839999999999994 0.17550000000000016
-5180.8503854328355 0.5260999999999999 0.31909999999999994 0.15480000000000016
-5161.562329094817 0.5260999999999999 0.33979999999999994 0.13410000000000016
-5141.605165923951 0.5260999999999999 0.36049999999999993 0.11340000000000017
-5120.869074370044 0.5260999999999999 0.38119999999999993 0.09270000000000017
-5094.96255423273 0.5260999999999999 0.4018999999999999 0.07200000000000017
-5071.199858741413 0.5260999999999999 0.4225999999999999 0.05130000000000018
-5047.459986347149 0.5260999999999999 0.4432999999999999 0.030600000000000183
