-4704.781939758194 0.36049999999999993 0.05 0.5895
-4691.250487123851 0.36049999999999993 0.0707 0.5688000000000001
-4676.118233406831 0.36049999999999993 0.0914 0.5481
-4662.613702322682 0.36049999999999993 0.11209999999999999 0.5274000000000001
-4646.951564315717 0.36049999999999993 0.13279999999999997 0.5067000000000002
-4631.638039432722 0.36049999999999993 0.15349999999999997 0.4860000000000001
-4616.494935707931 0.36049999999999993 0.17419999999999997 0.4653000000000001
-4597.893657133071 0.36049999999999993 0.19489999999999996 0.4446000000000001
-4582.729202411549 0.36049999999999993 0.21559999999999996 0.4239000000000001
-4565.955369350876 0.36049999999999993 0.23629999999999995 0.4032000000000001
-4550.062768296756 0.36049999999999993 0.25699999999999995 0.3825000000000001
-4535.655403484494 0.36049999999999993 0.27769999999999995 0.3618000000000001
-4519.514364099873 0.36049999999999993 0.29839999999999994 0.3411000000000001
-4502.725116426307 0.36049999999999993 0.31909999999999994 0.32040000000000013
-4483.163806257498 0.36049999999999993 0.33979999999999994 0.29970000000000013
-4464.745923442914 0.36049999999999993 0.36049999999999993 0.27900000000000014
-4444.802346393214 0.36049999999999993 0.38119999999999993 0.25830000000000014
-4425.991749581333 0.36049999999999993 0.4018999999999999 0.23760000000000014
-4406.941115588801 0.36049999999999993 0.4225999999999999 0.21690000000000015
-4386.942902652984 0.36049999999999993 0.4432999999999999 0.19620000000000015
-4368.139606491397 0.36049999999999993 0.4639999999999999 0.17550000000000016
-4348.634719192959 0.36049999999999993 0.4846999999999999 0.15480000000000016
-4325.656263758758 0.36049999999999993 0.5054 0.1341000000000001
-4302.213368730164 0.36049999999999993 0.5260999999999999 0.11340000000000017
-4276.820890085098 0.36049999999999993 0.5468 0.09270000000000012
-4254.410449550314 0.36049999999999993 0.5674999999999999 0.07200000000000017
-4230.74386177764 0.36049999999999993 0.5882 0.05130000000000012
-4206.63925696057 0.36049999999999993 0.6089 0.03060000000000007
-4788.219320556968 0.38119999999999993 0.05 0.5688
-4778.1665552996765 0.38119999999999993 0.0707 0.5481
-4762.902979461937 0.38119999999999993 0.0914 0.5274
-4746.615747791036 0.38119999999999993 0.11209999999999999 0.5067
-4730.80259899451 0.38119999999999993 0.13279999999999997 0.48600000000000004
-4714.935491056529 0.38119999999999993 0.15349999999999997 0.46530000000000005
-4700.023756294412 0.38119999999999993 0.17419999999999997 0.44460000000000005
-4684.107856549181 0.38119999999999993 0.19489999999999996 0.42390000000000005
-4668.462071070239 0.38119999999999993 0.21559999999999996 0.40320000000000006
-4652.64620194624 0.38119999999999993 0.23629999999999995 0.38250000000000006
-4636.850296570333 0.38119999999999993 0.25699999999999995 0.36180000000000007
-4623.237583369399 0.38119999999999993 0.27769999999999995 0.34110000000000007
-4604.698440757147 0.38119999999999993 0.29839999999999994 0.3204000000000001
-4589.080004558057 0.38119999999999993 0.31909999999999994 0.2997000000000001
-4568.0222683626625 0.38119999999999993 0.33979999999999994 0.2790000000000001
-4548.720915832765 0.38119999999999993 0.36049999999999993 0.2583000000000001
-4530.672546615408 0.38119999999999993 0.38119999999999993 0.2376000000000001
-4509.98745119239 0.38119999999999993 0.4018999999999999 0.2169000000000001
-4489.773973876356 0.38119999999999993 0.4225999999999999 0.1962000000000001
-4471.163529609948 0.38119999999999993 0.4432999999999999 0.1755000000000001
-4452.039981005359 0.38119999999999993 0.4639999999999999 0.1548000000000001
-4429.170603902929 0.38119999999999993 0.4846999999999999 0.1341000000000001
-4406.068303713557 0.38119999999999993 0.5054 0.11340000000000006
-4381.823465592902 0.38119999999999993 0.5260999999999999 0.09270000000000012
-4358.146468169856 0.38119999999999993 0.5468 0.07200000000000006
-4334.765625507934 0.38119999999999993 0.5674999999999999 0.05130000000000012
-4310.655620320175 0.38119999999999993 0.5882 0.03060000000000007
-4879.62412864519 0.4018999999999999 0.05 0.5481
-4865.402223333728 0.4018999999999999 0.0707 0.5274000000000001
-4849.356353659502 0.4018999999999999 0.0914 0.5067
-4836.0620848210565 0.4018999999999999 0.11209999999999999 0.4860000000000001
-4817.355446777626 0.4018999999999999 0.13279999999999997 0.4653000000000001
-4805.400367380457 0.4018999999999999 0.15349999999999997 0.4446000000000001
-4787.553860057896 0.4018999999999999 0.17419999999999997 0.4239000000000001
-4771.687647890043 0.4018999999999999 0.19489999999999996 0.4032000000000001
-4755.185242615445 0.4018999999999999 0.21559999999999996 0.3825000000000001
-4738.132152274783 0.4018999999999999 0.23629999999999995 0.3618000000000001
-4725.499530984799 0.4018999999999999 0.25699999999999995 0.3411000000000001
-4708.12149507052 0.4018999999999999 0.27769999999999995 0.32040000000000013
-4691.232344430384 0.4018999999999999 0.29839999999999994 0.29970000000000013
-4671.725572560128 0.4018999999999999 0.31909999999999994 0.27900000000000014
-4651.403991391475 0.4018999999999999 0.33979999999999994 0.25830000000000014
-4633.705362964313 0.4018999999999999 0.36049999999999993 0.23760000000000014
-4615.29260449216 0.4018999999999999 0.38119999999999993 0.21690000000000015
-4595.742411047639 0.4018999999999999 0.4018999999999999 0.19620000000000015
-4576.531514489881 0.4018999999999999 0.4225999999999999 0.17550000000000016
-4557.753258732331 0.4018999999999999 0.4432999999999999 0.15480000000000016
-4536.294579176166 0.4018999999999999 0.4639999999999999 0.13410000000000016
-4513.326404784438 0.4018999999999999 0.4846999999999999 0.11340000000000017
-4488.830705953696 0.4018999999999999 0.5054 0.09270000000000012
-4465.376579878088 0.4018999999999999 0.5260999999999999 0.07200000000000017
-4441.5852070371 0.4018999999999999 0.5468 0.05130000000000012
-4417.953813752902 0.4018999999999999 0.5674999999999999 0.030600000000000183
