-4965.789837568736 0.4225999999999999 0.05 0.5274000000000001
-4950.119189542867 0.4225999999999999 0.0707 0.5067000000000002
-4934.527409021105 0.4225999999999999 0.0914 0.48600000000000015
-4922.627718539191 0.4225999999999999 0.11209999999999999 0.46530000000000016
-4907.024482014834 0.4225999999999999 0.13279999999999997 0.44460000000000016
-4888.619717707578 0.4225999999999999 0.15349999999999997 0.42390000000000017
-4875.593444406767 0.4225999999999999 0.17419999999999997 0.40320000000000017
-4857.33963792907 0.4225999999999999 0.19489999999999996 0.3825000000000002
-4842.323669385052 0.4225999999999999 0.21559999999999996 0.3618000000000002
-4826.496552976798 0.4225999999999999 0.23629999999999995 0.3411000000000002
-4810.525611337173 0.4225999999999999 0.25699999999999995 0.3204000000000002
-4796.828784392497 0.4225999999999999 0.27769999999999995 0.2997000000000002
-4775.989270119736 0.4225999999999999 0.29839999999999994 0.2790000000000002
-4757.45266146759 0.4225999999999999 0.31909999999999994 0.2583000000000002
-4737.283307269329 0.4225999999999999 0.33979999999999994 0.2376000000000002
-4718.052864747653 0.4225999999999999 0.36049999999999993 0.2169000000000002
-4701.7661592682025 0.4225999999999999 0.38119999999999993 0.1962000000000002
-4678.997890236727 0.4225999999999999 0.4018999999999999 0.1755000000000002
-4660.941670183433 0.4225999999999999 0.4225999999999999 0.15480000000000022
-4639.670339521993 0.4225999999999999 0.4432999999999999 0.13410000000000022
-4617.167457599213 0.4225999999999999 0.4639999999999999 0.11340000000000022
-4592.786695831053 0.4225999999999999 0.4846999999999999 0.09270000000000023
-4569.368001353973 0.4225999999999999 0.5054 0.07200000000000017
-4545.667663819579 0.4225999999999999 0.5260999999999999 0.051300000000000234
-4521.479707887524 0.4225999999999999 0.5468 0.030600000000000183
-5054.345602463548 0.4432999999999999 0.05 0.5067
-5040.705633475224 0.4432999999999999 0.0707 0.4860000000000001
-5025.265911915257 0.4432999999999999 0.0914 0.4653000000000001
-5007.66902574387 0.4432999999999999 0.11209999999999999 0.4446000000000001
-4990.161726937041 0.4432999999999999 0.13279999999999997 0.4239000000000001
-4979.7434839491825 0.4432999999999999 0.15349999999999997 0.4032000000000001
-4959.51447008038 0.4432999999999999 0.17419999999999997 0.3825000000000001
-4942.860131144704 0.4432999999999999 0.19489999999999996 0.3618000000000001
-4929.485168146248 0.4432999999999999 0.21559999999999996 0.3411000000000001
-4911.471648912423 0.4432999999999999 0.23629999999999995 0.32040000000000013
-4897.9500166036905 0.4432999999999999 0.25699999999999995 0.29970000000000013
-4879.500603933365 0.4432999999999999 0.27769999999999995 0.27900000000000014
-4859.745255163764 0.4432999999999999 0.29839999999999994 0.25830000000000014
-4842.357974164889 0.4432999999999999 0.31909999999999994 0.23760000000000014
-4821.588040275201 0.4432999999999999 0.33979999999999994 0.21690000000000015
-4804.476444322072 0.4432999999999999 0.36049999999999993 0.19620000000000015
-4784.488739441879 0.4432999999999999 0.38119999999999993 0.17550000000000016
-4764.847873601765 0.4432999999999999 0.4018999999999999 0.15480000000000016
-4746.324665024151 0.4432999999999999 0.4225999999999999 0.13410000000000016
-4721.0875635931025 0.4432999999999999 0.4432999999999999 0.11340000000000017
-4699.942927739261 0.4432999999999999 0.4639999999999999 0.09270000000000017
-4676.393722389097 0.4432999999999999 0.4846999999999999 0.07200000000000017
-4652.384437401096 0.4432999999999999 0.5054 0.05130000000000012
-4628.4370178545 0.4432999999999999 0.5260999999999999 0.030600000000000183
-5138.377562197244 0.4639999999999999 0.05 0.48600000000000004
-5121.718908941499 0.4639999999999999 0.0707 0.46530000000000005
-5111.664971110026 0.4639999999999999 0.0914 0.44460000000000005
-5096.7645146967825 0.4639999999999999 0.11209999999999999 0.42390000000000005
-5078.513908856726 0.4639999999999999 0.13279999999999997 0.40320000000000006
-5062.832467224237 0.4639999999999999 0.15349999999999997 0.38250000000000006
-5046.033008575551 0.4639999999999999 0.17419999999999997 0.36180000000000007
-5031.090722943137 0.4639999999999999 0.19489999999999996 0.34110000000000007
-5015.568876879368 0.4639999999999999 0.21559999999999996 0.3204000000000001
-5000.377618170305 0.4639999999999999 0.23629999999999995 0.2997000000000001
-4982.308855218675 0.4639999999999999 0.25699999999999995 0.2790000000000001
-4965.665851155084 0.4639999999999999 0.27769999999999995 0.2583000000000001
-4946.410464121365 0.4639999999999999 0.29839999999999994 0.2376000000000001
-4927.331079301913 0.4639999999999999 0.31909999999999994 0.2169000000000001
-4907.248843086312 0.4639999999999999 0.33979999999999994 0.1962000000000001
-4888.504806615969 0.4639999999999999 0.36049999999999993 0.1755000000000001
-4869.16184350583 0.4639999999999999 0.38119999999999993 0.1548000000000001
-4850.18318306249 0.4639999999999999 0.4018999999999999 0.1341000000000001
-4827.747498991732 0.4639999999999999 0.4225999999999999 0.11340000000000011
-4803.833307431883 0.4639999999999999 0.4432999999999999 0.09270000000000012
-4780.078951585753 0.4639999999999999 0.4639999999999999 0.07200000000000012
-4756.514792398149 0.4639999999999999 0.4846999999999999 0.05130000000000012
-4732.111439442132 0.4639999999999999 0.5054 0.03060000000000007
