-6008.475691444898 0.6709999999999999 0.05 0.2790000000000001
-5990.848063600172 0.6709999999999999 0.0707 0.2583000000000001
-5975.513564281507 0.6709999999999999 0.0914 0.2376000000000001
-5960.59925705569 0.6709999999999999 0.11209999999999999 0.2169000000000001
-5944.3915729044065 0.6709999999999999 0.13279999999999997 0.1962000000000001
-5928.75881316602 0.6709999999999999 0.15349999999999997 0.1755000000000001
-5909.154006807587 0.6709999999999999 0.17419999999999997 0.1548000000000001
-5890.638658096647 0.6709999999999999 0.19489999999999996 0.1341000000000001
-5872.141731709589 0.6709999999999999 0.21559999999999996 0.11340000000000011
-5852.135752448542 0.6709999999999999 0.23629999999999995 0.09270000000000012
-5831.132248459195 0.6709999999999999 0.25699999999999995 0.07200000000000012
-5808.308563951461 0.6709999999999999 0.27769999999999995 0.05130000000000012
-5784.266932552992 0.6709999999999999 0.29839999999999994 0.030600000000000127
-6095.02783253512 0.6917 0.05 0.25830000000000003
-6080.76636455695 0.6917 0.0707 0.23760000000000003
-6061.005512094169 0.6917 0.0914 0.21690000000000004
-6048.5536466671165 0.6917 0.11209999999999999 0.19620000000000004
-6030.413211972127 0.6917 0.13279999999999997 0.17550000000000004
-6013.1112674807755 0.6917 0.15349999999999997 0.15480000000000005
-5996.101335891922 0.6917 0.17419999999999997 0.13410000000000005
-5974.090835065807 0.6917 0.19489999999999996 0.11340000000000006
-5958.2168877724735 0.6917 0.21559999999999996 0.09270000000000006
-5935.375563931372 0.6917 0.23629999999999995 0.07200000000000006
-5912.446603255191 0.6917 0.25699999999999995 0.05130000000000007
-5891.349616915285 0.6917 0.27769999999999995 0.03060000000000007
-6178.953571275944 0.7123999999999999 0.05 0.2376000000000001
-6164.863478992158 0.7123999999999999 0.0707 0.2169000000000001
-6149.671012345221 0.7123999999999999 0.0914 0.1962000000000001
-6134.516922752594 0.7123999999999999 0.11209999999999999 0.1755000000000001
-6115.422269256029 0.7123999999999999 0.13279999999999997 0.1548000000000001
-6098.735705646315 0.7123999999999999 0.15349999999999997 0.1341000000000001
-6080.021758012719 0.7123999999999999 0.17419999999999997 0.11340000000000011
-6061.348326531038 0.7123999999999999 0.19489999999999996 0.09270000000000012
-6041.368807008859 0.7123999999999999 0.21559999999999996 0.07200000000000012
-6016.6728327202045 0.7123999999999999 0.23629999999999995 0.05130000000000012
-5995.185761454633 0.7123999999999999 0.25699999999999995 0.030600000000000127
