-6002.599038614712 0.6709999999999999 0.05 0.2790000000000001
-5988.468576271075 0.6709999999999999 0.0707 0.2583000000000001
-5973.985842459275 0.6709999999999999 0.0914 0.2376000000000001
-5959.096626526223 0.6709999999999999 0.11209999999999999 0.2169000000000001
-5943.745105648202 0.6709999999999999 0.13279999999999997 0.1962000000000001
-5927.7716575854165 0.6709999999999999 0.15349999999999997 0.1755000000000001
-5911.1894935593455 0.6709999999999999 0.17419999999999997 0.1548000000000001
-5892.517688147015 0.6709999999999999 0.19489999999999996 0.1341000000000001
-5873.4094697643695 0.6709999999999999 0.21559999999999996 0.11340000000000011
-5852.673355847319 0.6709999999999999 0.23629999999999995 0.09270000000000012
-5831.641643948176 0.6709999999999999 0.25699999999999995 0.07200000000000012
-5808.822553811838 0.6709999999999999 0.27769999999999995 0.05130000000000012
-5783.988276992832 0.6709999999999999 0.29839999999999994 0.030600000000000127
-6089.097505787007 0.6917 0.05 0.25830000000000003
-6076.975899206727 0.6917 0.0707 0.23760000000000003
-6060.11351861348 0.6917 0.0914 0.21690000000000004
-6047.928834643195 0.6917 0.11209999999999999 0.19620000000000004
-6029.782257511692 0.6917 0.13279999999999997 0.17550000000000004
-6013.260406767772 0.6917 0.15349999999999997 0.15480000000000005
-5997.670389235357 0.6917 0.17419999999999997 0.13410000000000005
-5976.274989274221 0.6917 0.19489999999999996 0.11340000000000006
-5958.898245779952 0.6917 0.21559999999999996 0.09270000000000006
-5935.473207011175 0.6917 0.23629999999999995 0.07200000000000006
-5912.859510957695 0.6917 0.25699999999999995 0.05130000000000007
-5891.277131026877 0.6917 0.27769999999999995 0.03060000000000007
-6177.672912530248 0.7123999999999999 0.05 0.2376000000000001
-6163.674386633029 0.7123999999999999 0.0707 0.2169000000000001
-6149.171694393965 0.7123999999999999 0.0914 0.1962000000000001
-6133.963248520704 0.7123999999999999 0.11209999999999999 0.1755000000000001
-6115.338133903024 0.7123999999999999 0.13279999999999997 0.1548000000000001
-6100.3802299743575 0.7123999999999999 0.15349999999999997 0.1341000000000001
-6081.821787391102 0.7123999999999999 0.17419999999999997 0.11340000000000011
-6062.084051257594 0.7123999999999999 0.19489999999999996 0.09270000000000012
-6041.258268695206 0.7123999999999999 0.21559999999999996 0.07200000000000012
-6017.241175688115 0.7123999999999999 0.23629999999999995 0.05130000000000012
-5995.136802444465 0.7123999999999999 0.25699999999999995 0.030600000000000127
