-4952.897939866498 0.4225999999999999 0.05 0.5274000000000001
-4937.972970597931 0.4225999999999999 0.0707 0.5067000000000002
-4922.945473079852 0.4225999999999999 0.0914 0.48600000000000015
-4909.104617878147 0.4225999999999999 0.11209999999999999 0.46530000000000016
-4895.114563614963 0.4225999999999999 0.13279999999999997 0.44460000000000016
-4881.37447406985 0.4225999999999999 0.15349999999999997 0.42390000000000017
-4869.806676056832 0.4225999999999999 0.17419999999999997 0.40320000000000017
-4853.4211436905025 0.4225999999999999 0.19489999999999996 0.3825000000000002
-4839.411970828496 0.4225999999999999 0.21559999999999996 0.3618000000000002
-4824.372118902194 0.4225999999999999 0.23629999999999995 0.3411000000000002
-4809.50658367457 0.4225999999999999 0.25699999999999995 0.3204000000000002
-4795.893895521576 0.4225999999999999 0.27769999999999995 0.2997000000000002
-4776.1087245055105 0.4225999999999999 0.29839999999999994 0.2790000000000002
-4759.159117067325 0.4225999999999999 0.31909999999999994 0.2583000000000002
-4740.859881982612 0.4225999999999999 0.33979999999999994 0.2376000000000002
-4722.386163759357 0.4225999999999999 0.36049999999999993 0.2169000000000002
-4704.801160979619 0.4225999999999999 0.38119999999999993 0.1962000000000002
-4682.11340316257 0.4225999999999999 0.4018999999999999 0.1755000000000002
-4661.699854164993 0.4225999999999999 0.4225999999999999 0.15480000000000022
-4639.741639943833 0.4225999999999999 0.4432999999999999 0.13410000000000022
-4616.874865037445 0.4225999999999999 0.4639999999999999 0.11340000000000022
-4593.166773463592 0.4225999999999999 0.4846999999999999 0.09270000000000023
-4568.783396645048 0.4225999999999999 0.5054 0.07200000000000017
-4544.5679325956135 0.4225999999999999 0.5260999999999999 0.051300000000000234
-4518.824518908185 0.4225999999999999 0.5468 0.030600000000000183
-5041.073405843998 0.4432999999999999 0.05 0.5067
-5026.8010310351 0.4432999999999999 0.0707 0.4860000000000001
-5011.775258733007 0.4432999999999999 0.0914 0.4653000000000001
-4997.936460914732 0.4432999999999999 0.11209999999999999 0.4446000000000001
-4981.843337894285 0.4432999999999999 0.13279999999999997 0.4239000000000001
-4970.02547806667 0.4432999999999999 0.15349999999999997 0.4032000000000001
-4956.475686806768 0.4432999999999999 0.17419999999999997 0.3825000000000001
-4939.947869984814 0.4432999999999999 0.19489999999999996 0.3618000000000001
-4927.91891354198 0.4432999999999999 0.21559999999999996 0.3411000000000001
-4910.264019713128 0.4432999999999999 0.23629999999999995 0.32040000000000013
-4897.3104209051135 0.4432999999999999 0.25699999999999995 0.29970000000000013
-4881.038603179045 0.4432999999999999 0.27769999999999995 0.27900000000000014
-4861.406872211234 0.4432999999999999 0.29839999999999994 0.25830000000000014
-4845.809192502842 0.4432999999999999 0.31909999999999994 0.23760000000000014
-4825.0329492793535 0.4432999999999999 0.33979999999999994 0.21690000000000015
-4807.761049158796 0.4432999999999999 0.36049999999999993 0.19620000000000015
-4787.93839534679 0.4432999999999999 0.38119999999999993 0.17550000000000016
-4764.778247328517 0.4432999999999999 0.4018999999999999 0.15480000000000016
-4745.895286591047 0.4432999999999999 0.4225999999999999 0.13410000000000016
-4721.325072012541 0.4432999999999999 0.4432999999999999 0.11340000000000017
-4700.804611519931 0.4432999999999999 0.4639999999999999 0.09270000000000017
-4676.218356190071 0.4432999999999999 0.4846999999999999 0.07200000000000017
-4651.73655403581 0.4432999999999999 0.5054 0.05130000000000012
-4626.110151841525 0.4432999999999999 0.5260999999999999 0.030600000000000183
-5127.834970098211 0.4639999999999999 0.05 0.48600000000000004
-5113.1276641727 0.4639999999999999 0.0707 0.46530000000000005
-5098.3423286461 0.4639999999999999 0.0914 0.44460000000000005
-5085.067498977955 0.4639999999999999 0.11209999999999999 0.42390000000000005
-5070.530891343241 0.4639999999999999 0.13279999999999997 0.40320000000000006
-5056.769444775371 0.4639999999999999 0.15349999999999997 0.38250000000000006
-5042.9771919797 0.4639999999999999 0.17419999999999997 0.36180000000000007
-5028.562694655175 0.4639999999999999 0.19489999999999996 0.34110000000000007
-5014.127221506301 0.4639999999999999 0.21559999999999996 0.3204000000000001
-4998.999268086473 0.4639999999999999 0.23629999999999995 0.2997000000000001
-4982.671755989884 0.4639999999999999 0.25699999999999995 0.2790000000000001
-4966.379414325106 0.4639999999999999 0.27769999999999995 0.2583000000000001
-4948.529528143523 0.4639999999999999 0.29839999999999994 0.2376000000000001
-4930.15695008593 0.4639999999999999 0.31909999999999994 0.2169000000000001
-4910.810227575756 0.4639999999999999 0.33979999999999994 0.1962000000000001
-4891.326866832823 0.4639999999999999 0.36049999999999993 0.1755000000000001
-4870.866552643659 0.4639999999999999 0.38119999999999993 0.1548000000000001
-4849.661709285528 0.4639999999999999 0.4018999999999999 0.1341000000000001
-4827.443634802205 0.4639999999999999 0.4225999999999999 0.11340000000000011
-4805.021360724211 0.4639999999999999 0.4432999999999999 0.09270000000000012
-4780.423028753243 0.4639999999999999 0.4639999999999999 0.07200000000000012
-4755.845078945259 0.4639999999999999 0.4846999999999999 0.05130000000000012
-4730.793306377779 0.4639999999999999 0.5054 0.03060000000000007
