-5214.321746622445 0.4846999999999999 0.05 0.4653000000000001
-5201.788706835564 0.4846999999999999 0.0707 0.4446000000000001
-5184.892951942107 0.4846999999999999 0.0914 0.4239000000000001
-5173.221055133562 0.4846999999999999 0.11209999999999999 0.4032000000000001
-5157.123291820129 0.4846999999999999 0.13279999999999997 0.3825000000000001
-5143.312264025842 0.4846999999999999 0.15349999999999997 0.3618000000000001
-5131.575231083805 0.4846999999999999 0.17419999999999997 0.3411000000000001
-5115.044060761748 0.4846999999999999 0.19489999999999996 0.32040000000000013
-5102.512556957807 0.4846999999999999 0.21559999999999996 0.29970000000000013
-5084.412126469747 0.4846999999999999 0.23629999999999995 0.27900000000000014
-5068.470215354917 0.4846999999999999 0.25699999999999995 0.25830000000000014
-5053.235337603549 0.4846999999999999 0.27769999999999995 0.23760000000000014
-5032.813477372444 0.4846999999999999 0.29839999999999994 0.21690000000000015
-5016.222132592139 0.4846999999999999 0.31909999999999994 0.19620000000000015
-4994.406143066221 0.4846999999999999 0.33979999999999994 0.17550000000000016
-4974.27358977773 0.4846999999999999 0.36049999999999993 0.15480000000000016
-4955.947520036692 0.4846999999999999 0.38119999999999993 0.13410000000000016
-4931.59392256692 0.4846999999999999 0.4018999999999999 0.11340000000000017
-4911.257604208887 0.4846999999999999 0.4225999999999999 0.09270000000000017
-4884.971559660146 0.4846999999999999 0.4432999999999999 0.07200000000000017
-4860.130756341995 0.4846999999999999 0.4639999999999999 0.05130000000000018
-4837.725472231004 0.4846999999999999 0.4846999999999999 0.030600000000000183
-5303.360824662199 0.5054 0.05 0.44460000000000005
-5288.484832149158 0.5054 0.0707 0.42390000000000005
-5273.723011504007 0.5054 0.0914 0.40320000000000006
-5259.956293183506 0.5054 0.11209999999999999 0.38250000000000006
-5243.876352257082 0.5054 0.13279999999999997 0.36180000000000007
-5231.999713529655 0.5054 0.15349999999999997 0.34110000000000007
-5218.198885795501 0.5054 0.17419999999999997 0.3204000000000001
-5203.318544433602 0.5054 0.19489999999999996 0.2997000000000001
-5188.30132687162 0.5054 0.21559999999999996 0.2790000000000001
-5170.201263682119 0.5054 0.23629999999999995 0.2583000000000001
-5155.562102445168 0.5054 0.25699999999999995 0.2376000000000001
-5138.058178100738 0.5054 0.27769999999999995 0.2169000000000001
-5119.215243313787 0.5054 0.29839999999999994 0.1962000000000001
-5100.229457545317 0.5054 0.31909999999999994 0.1755000000000001
-5077.653887240113 0.5054 0.33979999999999994 0.1548000000000001
-5059.327385444541 0.5054 0.36049999999999993 0.1341000000000001
-5038.012937190554 0.5054 0.38119999999999993 0.11340000000000011
-5014.867815085082 0.5054 0.4018999999999999 0.09270000000000012
-4991.900437309797 0.5054 0.4225999999999999 0.07200000000000012
-4963.979019726274 0.5054 0.4432999999999999 0.05130000000000012
-4941.608677741414 0.5054 0.4639999999999999 0.030600000000000127
-5389.842351837517 0.5260999999999999 0.05 0.4239000000000001
-5376.897762586488 0.5260999999999999 0.0707 0.4032000000000001
-5360.4126872966535 0.5260999999999999 0.0914 0.3825000000000001
-5346.985041433757 0.5260999999999999 0.11209999999999999 0.3618000000000001
-5332.522125094664 0.5260999999999999 0.13279999999999997 0.3411000000000001
-5318.674755750349 0.5260999999999999 0.15349999999999997 0.32040000000000013
-5306.83423783987 0.5260999999999999 0.17419999999999997 0.29970000000000013
-5289.643658998655 0.5260999999999999 0.19489999999999996 0.27900000000000014
-5274.288565740487 0.5260999999999999 0.21559999999999996 0.25830000000000014
-5257.515878540135 0.5260999999999999 0.23629999999999995 0.23760000000000014
-5240.280720671485 0.5260999999999999 0.25699999999999995 0.21690000000000015
-5224.615402824574 0.5260999999999999 0.27769999999999995 0.19620000000000015
-5203.298967463132 0.5260999999999999 0.29839999999999994 0.17550000000000016
-5183.437313347627 0.5260999999999999 0.31909999999999994 0.15480000000000016
-5162.866980655967 0.5260999999999999 0.33979999999999994 0.13410000000000016
-5141.972395761116 0.5260999999999999 0.36049999999999993 0.11340000000000017
-5121.650139355268 0.5260999999999999 0.38119999999999993 0.09270000000000017
-5095.883651573715 0.5260999999999999 0.4018999999999999 0.07200000000000017
-5071.066045369064 0.5260999999999999 0.4225999999999999 0.05130000000000018
-5046.231727494304 0.5260999999999999 0.4432999999999999 0.030600000000000183
