-3206.679144318386 0.001 0.001 0.998
-3215.741862000981 0.001 0.0235 0.9755
-3224.800348791458 0.001 0.046 0.953
-3233.736882189647 0.001 0.0685 0.9305
-3242.1941083417655 0.001 0.091 0.908
-3250.0184302254793 0.001 0.11349999999999999 0.8855
-3257.1554080073024 0.001 0.136 0.863
-3264.052937535269 0.001 0.1585 0.8405
-3269.3604170595972 0.001 0.181 0.8180000000000001
-3274.594373243594 0.001 0.2035 0.7955
-3278.923674407319 0.001 0.22599999999999998 0.773
-3282.0660589254894 0.001 0.2485 0.7505
-3283.1328918631484 0.001 0.271 0.728
-3259.0769254478537 0.001 0.2935 0.7055
-3226.8189638796835 0.001 0.316 0.683
-3195.9967890025405 0.001 0.33849999999999997 0.6605000000000001
-3167.050491652797 0.001 0.361 0.638
-3140.5205848922465 0.001 0.3835 0.6154999999999999
-3117.2113272664355 0.001 0.40599999999999997 0.593
-3091.6483556960807 0.001 0.4285 0.5705
-3060.5207614905544 0.001 0.45099999999999996 0.548
-3035.5153983261857 0.001 0.4735 0.5255000000000001
-3006.58108315191 0.001 0.496 0.503
-2980.4037626288923 0.001 0.5185 0.48050000000000004
-2950.2241922130515 0.001 0.541 0.45799999999999996
-2920.3009064793664 0.001 0.5635 0.4355
-2890.5369067834968 0.001 0.586 0.41300000000000003
-2863.489394165611 0.001 0.6084999999999999 0.39050000000000007
-2834.651634691684 0.001 0.631 0.368
-2806.5331594195663 0.001 0.6535 0.34550000000000003
-2775.8796991066833 0.001 0.6759999999999999 0.32300000000000006
-2744.87930689689 0.001 0.6985 0.3005
-2718.284861124696 0.001 0.721 0.278
-2688.1235489401784 0.001 0.7434999999999999 0.25550000000000006
-2658.090751026189 0.001 0.766 0.23299999999999998
-2628.608096105951 0.001 0.7885 0.21050000000000002
-2598.0735832581927 0.001 0.8109999999999999 0.18800000000000006
-2567.716207799609 0.001 0.8335 0.16549999999999998
-2534.0572663745015 0.001 0.856 0.14300000000000002
-2506.030166687989 0.001 0.8785 0.12050000000000005
-2474.842547619198 0.001 0.9009999999999999 0.09800000000000009
-2442.2671600917984 0.001 0.9235 0.07550000000000001
-2413.601944546798 0.001 0.946 0.05300000000000005
-2382.1810126394416 0.001 0.9684999999999999 0.030500000000000083
-2342.0111050141786 0.001 0.998 0.0010000000000000009
-3224.016170466854 0.0235 0.001 0.9755
-3233.083764527519 0.0235 0.0235 0.9530000000000001
-3242.0230372690166 0.0235 0.046 0.9305
-3250.7888211530176 0.0235 0.0685 0.908
-3258.682909000915 0.0235 0.091 0.8855000000000001
-3265.539144549001 0.0235 0.11349999999999999 0.863
-3271.789236795262 0.0235 0.136 0.8405
-3277.5005087670374 0.0235 0.1585 0.8180000000000001
-3281.8675066192804 0.0235 0.181 0.7955000000000001
-3285.7900878415508 0.0235 0.2035 0.773
-3332.000074346591 0.0235 0.22599999999999998 0.7505000000000001
-3365.762053869232 0.0235 0.2485 0.728
-3323.3562212921206 0.0235 0.271 0.7055
-3335.011426366743 0.0235 0.2935 0.683
-3305.880809982913 0.0235 0.316 0.6605000000000001
-3274.2196271623834 0.0235 0.33849999999999997 0.6380000000000001
-3255.271017696105 0.0235 0.361 0.6155
-3224.2599311166264 0.0235 0.3835 0.593
-3195.141399312819 0.0235 0.40599999999999997 0.5705
-3164.797610493609 0.0235 0.4285 0.548
-3139.5982336281004 0.0235 0.45099999999999996 0.5255000000000001
-3110.4350931691447 0.0235 0.4735 0.5030000000000001
-3086.461053552655 0.0235 0.496 0.48050000000000004
-3055.4086704165243 0.0235 0.5185 0.4580000000000001
-3028.134183844951 0.0235 0.541 0.4355
-2996.6542639498243 0.0235 0.5635 0.41300000000000003
-2968.575299736974 0.0235 0.586 0.39050000000000007
-2943.1779427196316 0.0235 0.6084999999999999 0.3680000000000001
-2914.223286907956 0.0235 0.631 0.34550000000000003
-2879.982671843062 0.0235 0.6535 0.32300000000000006
-2852.3228859445926 0.0235 0.6759999999999999 0.3005000000000001
-2821.5928293194393 0.0235 0.6985 0.278
-2793.524409862992 0.0235 0.721 0.25550000000000006
-2766.5949052845676 0.0235 0.7434999999999999 0.2330000000000001
-2736.2788797476564 0.0235 0.766 0.21050000000000002
-2704.916339553494 0.0235 0.7885 0.18800000000000006
-2674.010557488785 0.0235 0.8109999999999999 0.1655000000000001
-2641.78083861961 0.0235 0.8335 0.14300000000000002
-2613.5144742087077 0.0235 0.856 0.12050000000000005
-2582.688057694302 0.0235 0.8785 0.09800000000000009
-2551.4276278338493 0.0235 0.9009999999999999 0.07550000000000012
-2519.9861008546754 0.0235 0.9235 0.05300000000000005
-2488.9383969047713 0.0235 0.946 0.030500000000000083
-2448.7013265616256 0.0235 0.976 0.000500000000000056
-3241.340004731623 0.046 0.001 0.953
-3250.311073367656 0.046 0.0235 0.9305
-3259.1718692417307 0.046 0.046 0.9079999999999999
-3267.16261394041 0.046 0.0685 0.8855
-3273.942313293414 0.046 0.091 0.863
-3279.3577873318804 0.046 0.11349999999999999 0.8405
-3327.5358945250337 0.046 0.136 0.818
-3332.3354713529416 0.046 0.1585 0.7955
-3380.36625785188 0.046 0.181 0.7729999999999999
-3382.9530420326805 0.046 0.2035 0.7505
-3446.4484676669254 0.046 0.22599999999999998 0.728
-3447.0374727893836 0.046 0.2485 0.7055
-3443.491634104388 0.046 0.271 0.6829999999999999
-3410.3001297930873 0.046 0.2935 0.6605
-3381.8448101200893 0.046 0.316 0.6379999999999999
-3351.413037624379 0.046 0.33849999999999997 0.6154999999999999
-3326.682729357017 0.046 0.361 0.593
-3292.4970903271715 0.046 0.3835 0.5705
-3274.107040476798 0.046 0.40599999999999997 0.548
-3244.6005144797587 0.046 0.4285 0.5255
-3219.576774664964 0.046 0.45099999999999996 0.503
-3189.4632103668387 0.046 0.4735 0.4805
-3161.9285999351546 0.046 0.496 0.45799999999999996
-3130.535722127377 0.046 0.5185 0.4355
-3101.1206955308808 0.046 0.541 0.4129999999999999
-3074.392113701482 0.046 0.5635 0.39049999999999996
-3044.735254400903 0.046 0.586 0.368
-3020.1733784667344 0.046 0.6084999999999999 0.34550000000000003
-2983.3602224129645 0.046 0.631 0.32299999999999995
-2958.2057665485963 0.046 0.6535 0.3005
-2929.002188414651 0.046 0.6759999999999999 0.278
-2897.586724835437 0.046 0.6985 0.25549999999999995
-2870.5437648487664 0.046 0.721 0.23299999999999998
-2839.2913316268564 0.046 0.7434999999999999 0.21050000000000002
-2809.4314010076923 0.046 0.766 0.18799999999999994
-2779.448903396038 0.046 0.7885 0.16549999999999998
-2751.170386733311 0.046 0.8109999999999999 0.14300000000000002
-2715.9643670554524 0.046 0.8335 0.12049999999999994
-2687.7546587451407 0.046 0.856 0.09799999999999998
-2657.5988026257855 0.046 0.8785 0.07550000000000001
-2626.159857993255 0.046 0.9009999999999999 0.05300000000000005
-2594.1764223217565 0.046 0.9235 0.03049999999999997
-2553.9219560082024 0.046 0.9530000000000001 0.0009999999999998899
