-6553.384768768605 0.8109999999999999 0.001 0.18800000000000006
-6600.298132955825 0.8109999999999999 0.0235 0.16550000000000006
-6591.943264172714 0.8109999999999999 0.046 0.14300000000000007
-6569.340647983089 0.8109999999999999 0.0685 0.12050000000000005
-6543.00505442799 0.8109999999999999 0.091 0.09800000000000006
-6512.539754187339 0.8109999999999999 0.11349999999999999 0.07550000000000007
-6491.694271960501 0.8109999999999999 0.136 0.05300000000000005
-6459.739652710444 0.8109999999999999 0.1585 0.030500000000000055
-6422.394653681938 0.8109999999999999 0.189 5.551115123125783e-17
-6689.380483681783 0.8335 0.001 0.16549999999999998
-6691.661129348492 0.8335 0.0235 0.143
-6680.720474855386 0.8335 0.046 0.12049999999999998
-6655.238310003773 0.8335 0.0685 0.09799999999999998
-6629.811199604728 0.8335 0.091 0.07549999999999998
-6599.157383569345 0.8335 0.11349999999999999 0.05299999999999999
-6572.8687347983 0.8335 0.136 0.03049999999999997
-6535.890442269947 0.8335 0.166 0.0004999999999999727
-6723.9878613062565 0.856 0.001 0.14300000000000002
-6782.916517260639 0.856 0.0235 0.12050000000000002
-6774.242392553204 0.856 0.046 0.09800000000000002
-6744.733659121241 0.856 0.0685 0.07550000000000001
-6717.754764514399 0.856 0.091 0.05300000000000002
-6692.529099991786 0.856 0.11349999999999999 0.030500000000000027
-6655.321187729807 0.856 0.14300000000000002 0.0010000000000000009
