-3867.01645550297 0.2035 0.001 0.7955
-4045.403112979551 0.2035 0.0235 0.773
-4054.673498531713 0.2035 0.046 0.7505
-4058.772584857592 0.2035 0.0685 0.728
-4062.9219355784317 0.2035 0.091 0.7055
-4066.476844885962 0.2035 0.11349999999999999 0.683
-4064.6683791522814 0.2035 0.136 0.6605
-4066.9785098760103 0.2035 0.1585 0.638
-4069.564966739849 0.2035 0.181 0.6154999999999999
-4066.219815481416 0.2035 0.2035 0.593
-4052.1191270638583 0.2035 0.22599999999999998 0.5705
-4031.617286947973 0.2035 0.2485 0.548
-4001.9123236189 0.2035 0.271 0.5255
-3979.3980191778237 0.2035 0.2935 0.503
-3950.981331294804 0.2035 0.316 0.4805
-3921.8295461705065 0.2035 0.33849999999999997 0.458
-3897.8031969732065 0.2035 0.361 0.4355
-3869.0558834583458 0.2035 0.3835 0.413
-3827.766851250492 0.2035 0.40599999999999997 0.3905
-3810.0552053502756 0.2035 0.4285 0.368
-3784.6784392788445 0.2035 0.45099999999999996 0.34550000000000003
-3752.382820198079 0.2035 0.4735 0.323
-3721.0295728922856 0.2035 0.496 0.3005
-3694.03029706464 0.2035 0.5185 0.278
-3670.2155200388133 0.2035 0.541 0.25549999999999995
-3637.986983924477 0.2035 0.5635 0.23299999999999998
-3605.873780219734 0.2035 0.586 0.21050000000000002
-3582.4499964699467 0.2035 0.6084999999999999 0.18800000000000006
-3555.255031690939 0.2035 0.631 0.16549999999999998
-3522.632378753761 0.2035 0.6535 0.14300000000000002
-3491.080731729461 0.2035 0.6759999999999999 0.12050000000000005
-3459.0191545100347 0.2035 0.6985 0.09799999999999998
-3430.97074530042 0.2035 0.721 0.07550000000000001
-3400.162505867432 0.2035 0.7434999999999999 0.05300000000000005
-3371.942738883703 0.2035 0.766 0.03049999999999997
-3327.4319210923118 0.2035 0.796 0.0004999999999999449
-3955.3484628100105 0.22599999999999998 0.001 0.773
-4038.4660303857986 0.22599999999999998 0.0235 0.7505000000000001
-4118.326803932707 0.22599999999999998 0.046 0.728
-4124.691650002341 0.22599999999999998 0.0685 0.7055
-4166.345557748001 0.22599999999999998 0.091 0.683
-4164.984296035532 0.22599999999999998 0.11349999999999999 0.6605000000000001
-4166.774362845105 0.22599999999999998 0.136 0.638
-4166.430241495046 0.22599999999999998 0.1585 0.6155
-4168.913032515771 0.22599999999999998 0.181 0.593
-4161.433189731667 0.22599999999999998 0.2035 0.5705
-4147.479988926339 0.22599999999999998 0.22599999999999998 0.548
-4117.204440951307 0.22599999999999998 0.2485 0.5255000000000001
-4094.822261064259 0.22599999999999998 0.271 0.503
-4065.669494159399 0.22599999999999998 0.2935 0.48050000000000004
-4036.769429085817 0.22599999999999998 0.316 0.458
-4009.994268094025 0.22599999999999998 0.33849999999999997 0.43550000000000005
-3986.0536310905754 0.22599999999999998 0.361 0.41300000000000003
-3956.367663397013 0.22599999999999998 0.3835 0.3905
-3925.583205624439 0.22599999999999998 0.40599999999999997 0.36800000000000005
-3897.6092148655594 0.22599999999999998 0.4285 0.34550000000000003
-3868.3611579995277 0.22599999999999998 0.45099999999999996 0.32300000000000006
-3842.247012736457 0.22599999999999998 0.4735 0.30050000000000004
-3811.497010408767 0.22599999999999998 0.496 0.278
-3788.7905830149575 0.22599999999999998 0.5185 0.25550000000000006
-3750.9609843633775 0.22599999999999998 0.541 0.23299999999999998
-3724.5562430552086 0.22599999999999998 0.5635 0.21050000000000002
-3698.5139141471304 0.22599999999999998 0.586 0.18800000000000006
-3665.8015793693057 0.22599999999999998 0.6084999999999999 0.1655000000000001
-3629.7212906857576 0.22599999999999998 0.631 0.14300000000000002
-3606.1457541449354 0.22599999999999998 0.6535 0.12050000000000005
-3576.1243169904665 0.22599999999999998 0.6759999999999999 0.09800000000000009
-3549.863926089105 0.22599999999999998 0.6985 0.07550000000000001
-3516.342125170007 0.22599999999999998 0.721 0.05300000000000005
-3485.4978759428104 0.22599999999999998 0.7434999999999999 0.030500000000000083
-3444.4331572855135 0.22599999999999998 0.773 0.0010000000000000009
-4090.8192845829562 0.2485 0.001 0.7505000000000001
-4178.875041577494 0.2485 0.0235 0.7280000000000001
-4216.782571771704 0.2485 0.046 0.7055
-4249.907465166624 0.2485 0.0685 0.683
-4251.470249995559 0.2485 0.091 0.6605000000000001
-4254.819538599156 0.2485 0.11349999999999999 0.6380000000000001
-4254.453723058854 0.2485 0.136 0.6155
-4254.601161793392 0.2485 0.1585 0.5930000000000001
-4248.575713028977 0.2485 0.181 0.5705
-4246.766565296961 0.2485 0.2035 0.548
-4225.6981075201675 0.2485 0.22599999999999998 0.5255000000000001
-4202.478268392079 0.2485 0.2485 0.5030000000000001
-4173.712015503649 0.2485 0.271 0.48050000000000004
-4145.525566079012 0.2485 0.2935 0.4580000000000001
-4117.782757359683 0.2485 0.316 0.43550000000000005
-4092.2608233413084 0.2485 0.33849999999999997 0.4130000000000001
-4064.1522837204984 0.2485 0.361 0.39050000000000007
-4030.7719929303476 0.2485 0.3835 0.36800000000000005
-4007.425333468393 0.2485 0.40599999999999997 0.3455000000000001
-3983.31546689685 0.2485 0.4285 0.32300000000000006
-3948.098103296126 0.2485 0.45099999999999996 0.3005000000000001
-3918.2425818906436 0.2485 0.4735 0.2780000000000001
-3883.3195653417943 0.2485 0.496 0.25550000000000006
-3862.414158121189 0.2485 0.5185 0.2330000000000001
-3839.2229209811258 0.2485 0.541 0.21050000000000002
-3803.475935332557 0.2485 0.5635 0.18800000000000006
-3772.7814449071893 0.2485 0.586 0.1655000000000001
-3743.1412068765344 0.2485 0.6084999999999999 0.14300000000000013
-3707.6249185197157 0.2485 0.631 0.12050000000000005
-3688.651150464439 0.2485 0.6535 0.09800000000000009
-3648.0380859032134 0.2485 0.6759999999999999 0.07550000000000012
-3611.607371978937 0.2485 0.6985 0.05300000000000005
-3593.125821528413 0.2485 0.721 0.030500000000000083
-3553.286991030216 0.2485 0.751 0.000500000000000056
