-5420.323733039286 0.6759999999999999 0.001 0.32300000000000006
-6034.914198197511 0.6759999999999999 0.0235 0.30050000000000004
-6033.439872546467 0.6759999999999999 0.046 0.2780000000000001
-6024.549876735186 0.6759999999999999 0.0685 0.25550000000000006
-6005.839083252757 0.6759999999999999 0.091 0.23300000000000007
-5985.947222716753 0.6759999999999999 0.11349999999999999 0.21050000000000008
-5961.464760338106 0.6759999999999999 0.136 0.18800000000000006
-5925.16360948398 0.6759999999999999 0.1585 0.16550000000000006
-5896.597084602846 0.6759999999999999 0.181 0.14300000000000007
-5869.815820996601 0.6759999999999999 0.2035 0.12050000000000008
-5842.638492526911 0.6759999999999999 0.22599999999999998 0.09800000000000009
-5822.6450919757235 0.6759999999999999 0.2485 0.07550000000000007
-5786.469901471149 0.6759999999999999 0.271 0.05300000000000005
-5758.137690499547 0.6759999999999999 0.2935 0.030500000000000083
-5720.353718926036 0.6759999999999999 0.324 5.551115123125783e-17
-5827.596241495194 0.6985 0.001 0.3005
-6126.578072545279 0.6985 0.0235 0.27799999999999997
-6116.801462568641 0.6985 0.046 0.2555
-6115.085528374725 0.6985 0.0685 0.23299999999999998
-6097.099134523489 0.6985 0.091 0.2105
-6068.829362016347 0.6985 0.11349999999999999 0.188
-6038.999368561224 0.6985 0.136 0.16549999999999998
-6013.79315195984 0.6985 0.1585 0.143
-5982.856626113884 0.6985 0.181 0.1205
-5955.200044860339 0.6985 0.2035 0.098
-5935.689154623114 0.6985 0.22599999999999998 0.07550000000000001
-5904.534987276449 0.6985 0.2485 0.05299999999999999
-5871.176367398057 0.6985 0.271 0.03049999999999997
-5837.457375752646 0.6985 0.301 0.0005000000000000004
-5843.784708914443 0.721 0.001 0.278
-6211.665364443179 0.721 0.0235 0.2555
-6204.039531237628 0.721 0.046 0.23300000000000004
-6193.7110219109145 0.721 0.0685 0.21050000000000002
-6178.805800198466 0.721 0.091 0.18800000000000003
-6156.395023883485 0.721 0.11349999999999999 0.16550000000000004
-6124.213903431514 0.721 0.136 0.14300000000000002
-6101.971013688898 0.721 0.1585 0.12050000000000002
-6068.5666610384305 0.721 0.181 0.09800000000000003
-6040.7453970094175 0.721 0.2035 0.07550000000000004
-6013.119444914228 0.721 0.22599999999999998 0.05300000000000005
-5979.403707776971 0.721 0.2485 0.030500000000000027
-5943.829333217133 0.721 0.278 0.0010000000000000009
