-6886.1490338502535 0.8785 0.001 0.12050000000000005
-6879.969019957248 0.8785 0.0235 0.09800000000000006
-6863.9705541572475 0.8785 0.046 0.07550000000000005
-6837.864204044597 0.8785 0.0685 0.05300000000000005
-6808.425741311291 0.8785 0.091 0.030500000000000055
-6773.12524048135 0.8785 0.121 0.000500000000000056
-6994.906380792386 0.9009999999999999 0.001 0.09800000000000009
-6987.210013937903 0.9009999999999999 0.0235 0.0755000000000001
-6960.60109045673 0.9009999999999999 0.046 0.05300000000000009
-6931.489063434206 0.9009999999999999 0.0685 0.030500000000000083
-6895.546473051073 0.9009999999999999 0.099 8.326672684688674e-17
-7084.448979061611 0.9235 0.001 0.07550000000000001
-7078.281766492207 0.9235 0.0235 0.05300000000000001
-7050.681257333606 0.9235 0.046 0.030500000000000013
-7012.861038960757 0.9235 0.076 0.0005000000000000143
