-6143.467547816195 0.7434999999999999 0.001 0.25550000000000006
-6303.799797308173 0.7434999999999999 0.0235 0.23300000000000007
-6296.719256833 0.7434999999999999 0.046 0.21050000000000008
-6290.987221738522 0.7434999999999999 0.0685 0.18800000000000006
-6265.82423340297 0.7434999999999999 0.091 0.16550000000000006
-6239.122465505554 0.7434999999999999 0.11349999999999999 0.14300000000000007
-6212.211436509523 0.7434999999999999 0.136 0.12050000000000005
-6191.126895738476 0.7434999999999999 0.1585 0.09800000000000006
-6159.113225866321 0.7434999999999999 0.181 0.07550000000000007
-6130.32042062687 0.7434999999999999 0.2035 0.053000000000000075
-6103.82069037867 0.7434999999999999 0.22599999999999998 0.030500000000000083
-6060.990874667223 0.7434999999999999 0.256 0.000500000000000056
-6298.07312427998 0.766 0.001 0.23299999999999998
-6402.474632594847 0.766 0.0235 0.2105
-6395.387928331386 0.766 0.046 0.188
-6383.844766237586 0.766 0.0685 0.16549999999999998
-6357.667904631134 0.766 0.091 0.143
-6334.527142516007 0.766 0.11349999999999999 0.1205
-6305.923626381738 0.766 0.136 0.09799999999999998
-6278.850990076233 0.766 0.1585 0.07549999999999998
-6250.256605884053 0.766 0.181 0.05299999999999999
-6223.235030544265 0.766 0.2035 0.0305
-6181.848406203033 0.766 0.233 0.0009999999999999731
-6511.559025881866 0.7885 0.001 0.21050000000000002
-6509.872930291289 0.7885 0.0235 0.18800000000000003
-6500.619462942902 0.7885 0.046 0.16550000000000004
-6478.128811582401 0.7885 0.0685 0.14300000000000002
-6450.688415597558 0.7885 0.091 0.12050000000000002
-6425.756238364704 0.7885 0.11349999999999999 0.09800000000000003
-6400.022714913872 0.7885 0.136 0.07550000000000001
-6368.86176302385 0.7885 0.1585 0.05300000000000002
-6338.684921307475 0.7885 0.181 0.030500000000000027
-6304.71823008236 0.7885 0.211 0.0005000000000000282
