-4922.0524668940925 0.541 0.001 0.45799999999999996
-5462.89796142819 0.541 0.0235 0.43549999999999994
-5455.493891720067 0.541 0.046 0.413
-5457.3962035048535 0.541 0.0685 0.39049999999999996
-5453.866386669284 0.541 0.091 0.368
-5438.996482156313 0.541 0.11349999999999999 0.3455
-5426.805051397549 0.541 0.136 0.32299999999999995
-5398.105406974991 0.541 0.1585 0.3005
-5374.252307643939 0.541 0.181 0.27799999999999997
-5346.588913085182 0.541 0.2035 0.25549999999999995
-5317.652276847224 0.541 0.22599999999999998 0.23299999999999998
-5297.96796609575 0.541 0.2485 0.21049999999999996
-5261.404681278938 0.541 0.271 0.18799999999999994
-5234.121177792595 0.541 0.2935 0.16549999999999998
-5208.49348077369 0.541 0.316 0.14299999999999996
-5182.511017718345 0.541 0.33849999999999997 0.1205
-5149.236706776715 0.541 0.361 0.09799999999999998
-5125.552258677379 0.541 0.3835 0.07549999999999996
-5087.890526274245 0.541 0.40599999999999997 0.05299999999999999
-5067.123681784272 0.541 0.4285 0.03049999999999997
-5024.715242402807 0.541 0.458 0.0009999999999999454
-4718.00959087468 0.5635 0.001 0.4355
-5565.280233132618 0.5635 0.0235 0.413
-5561.9952973328855 0.5635 0.046 0.3905
-5558.912722332275 0.5635 0.0685 0.368
-5548.577181701485 0.5635 0.091 0.34550000000000003
-5544.426899670592 0.5635 0.11349999999999999 0.323
-5523.049456194744 0.5635 0.136 0.3005
-5489.6935372020625 0.5635 0.1585 0.278
-5463.577966057331 0.5635 0.181 0.2555
-5435.158589541066 0.5635 0.2035 0.233
-5412.220000292512 0.5635 0.22599999999999998 0.21050000000000002
-5376.970303210658 0.5635 0.2485 0.188
-5358.3885065111535 0.5635 0.271 0.16549999999999998
-5334.39452047877 0.5635 0.2935 0.14300000000000002
-5297.157045852893 0.5635 0.316 0.1205
-5264.922362249967 0.5635 0.33849999999999997 0.09800000000000003
-5223.7874924270645 0.5635 0.361 0.07550000000000001
-5222.246141486587 0.5635 0.3835 0.05299999999999999
-5189.408211900571 0.5635 0.40599999999999997 0.030500000000000027
-5141.290624852719 0.5635 0.436 0.0005000000000000004
-4698.942182195234 0.586 0.001 0.41300000000000003
-5650.3096502684675 0.586 0.0235 0.3905
-5650.57095108663 0.586 0.046 0.36800000000000005
-5652.030124053993 0.586 0.0685 0.34550000000000003
-5640.239289626008 0.586 0.091 0.32300000000000006
-5629.587111256864 0.586 0.11349999999999999 0.30050000000000004
-5601.115865052988 0.586 0.136 0.278
-5588.000512089107 0.586 0.1585 0.25550000000000006
-5554.925113718588 0.586 0.181 0.23300000000000004
-5515.140542552019 0.586 0.2035 0.21050000000000005
-5492.553886858685 0.586 0.22599999999999998 0.18800000000000006
-5475.946494583945 0.586 0.2485 0.16550000000000004
-5443.852830310348 0.586 0.271 0.14300000000000002
-5402.137736016647 0.586 0.2935 0.12050000000000005
-5386.268498221255 0.586 0.316 0.09800000000000003
-5350.285600532827 0.586 0.33849999999999997 0.07550000000000007
-5329.3966553701675 0.586 0.361 0.05300000000000005
-5289.908434257535 0.586 0.3835 0.030500000000000027
-5260.361044120847 0.586 0.41300000000000003 0.0010000000000000009
