-5082.711372807373 0.4735 0.001 0.5255
-5176.513650380255 0.4735 0.0235 0.503
-5154.644495060357 0.4735 0.046 0.4805
-5175.324827101035 0.4735 0.0685 0.45799999999999996
-5170.6304072661305 0.4735 0.091 0.4355
-5176.219217372405 0.4735 0.11349999999999999 0.413
-5163.163564561062 0.4735 0.136 0.39049999999999996
-5140.240387653315 0.4735 0.1585 0.368
-5117.895647980305 0.4735 0.181 0.3455
-5091.485218371315 0.4735 0.2035 0.32299999999999995
-5068.8243475027675 0.4735 0.22599999999999998 0.3005
-5040.109459219805 0.4735 0.2485 0.27799999999999997
-5009.386136981148 0.4735 0.271 0.25549999999999995
-4987.196282380009 0.4735 0.2935 0.23299999999999998
-4960.728806096102 0.4735 0.316 0.21049999999999996
-4919.693392074509 0.4735 0.33849999999999997 0.188
-4894.674485970126 0.4735 0.361 0.16549999999999998
-4873.465275972705 0.4735 0.3835 0.14299999999999996
-4831.384978988661 0.4735 0.40599999999999997 0.1205
-4811.796252127346 0.4735 0.4285 0.09799999999999998
-4786.309126791223 0.4735 0.45099999999999996 0.07550000000000001
-4747.748939898296 0.4735 0.4735 0.05299999999999999
-4726.041540578144 0.4735 0.496 0.03049999999999997
-4688.045238398787 0.4735 0.526 0.0004999999999999449
-5215.701009277495 0.496 0.001 0.503
-5267.188046271158 0.496 0.0235 0.4805
-5262.133761986636 0.496 0.046 0.458
-5263.46492100435 0.496 0.0685 0.4355
-5257.615265587806 0.496 0.091 0.41300000000000003
-5252.872613601906 0.496 0.11349999999999999 0.3905
-5246.059806089098 0.496 0.136 0.368
-5228.703340451494 0.496 0.1585 0.34550000000000003
-5199.88267710809 0.496 0.181 0.323
-5182.535761144257 0.496 0.2035 0.3005
-5142.941561301542 0.496 0.22599999999999998 0.278
-5121.377113337577 0.496 0.2485 0.2555
-5097.2356405792825 0.496 0.271 0.23299999999999998
-5070.229852806593 0.496 0.2935 0.21050000000000002
-5033.017872267673 0.496 0.316 0.188
-5004.055265560767 0.496 0.33849999999999997 0.16550000000000004
-4978.9456010809345 0.496 0.361 0.14300000000000002
-4950.009216641236 0.496 0.3835 0.1205
-4922.217709841883 0.496 0.40599999999999997 0.09800000000000003
-4902.572034391497 0.496 0.4285 0.07550000000000001
-4860.459527113257 0.496 0.45099999999999996 0.05300000000000005
-4825.904590964698 0.496 0.4735 0.030500000000000027
-4796.955792266136 0.496 0.503 0.0010000000000000009
-4846.5046210153905 0.5185 0.001 0.48050000000000004
-5362.487072857535 0.5185 0.0235 0.458
-5352.561196507867 0.5185 0.046 0.43550000000000005
-5359.016878816391 0.5185 0.0685 0.41300000000000003
-5352.746379140919 0.5185 0.091 0.39050000000000007
-5343.057775393133 0.5185 0.11349999999999999 0.36800000000000005
-5346.8318790122585 0.5185 0.136 0.34550000000000003
-5313.469704726698 0.5185 0.1585 0.32300000000000006
-5294.039310530201 0.5185 0.181 0.30050000000000004
-5267.277144200197 0.5185 0.2035 0.278
-5228.473357216685 0.5185 0.22599999999999998 0.25550000000000006
-5207.001786775566 0.5185 0.2485 0.23300000000000004
-5179.652420595558 0.5185 0.271 0.21050000000000002
-5150.870551252364 0.5185 0.2935 0.18800000000000006
-5123.385217973824 0.5185 0.316 0.16550000000000004
-5105.240619327306 0.5185 0.33849999999999997 0.14300000000000007
-5061.664368130289 0.5185 0.361 0.12050000000000005
-5043.0198557285175 0.5185 0.3835 0.09800000000000003
-5003.183941003431 0.5185 0.40599999999999997 0.07550000000000007
-4975.675167142065 0.5185 0.4285 0.05300000000000005
-4940.37000017761 0.5185 0.45099999999999996 0.030500000000000083
-4901.222191045027 0.5185 0.481 0.000500000000000056
