-3389.4576273908915 0.136 0.001 0.863
-3481.812867815442 0.136 0.0235 0.8405
-3705.920359238864 0.136 0.046 0.818
-3712.2192494307315 0.136 0.0685 0.7955
-3789.566850092556 0.136 0.091 0.773
-3797.0206174641944 0.136 0.11349999999999999 0.7505
-3798.734791095083 0.136 0.136 0.728
-3801.4592343097634 0.136 0.1585 0.7055
-3803.092772969134 0.136 0.181 0.683
-3805.416476455229 0.136 0.2035 0.6605
-3804.2680594778094 0.136 0.22599999999999998 0.638
-3793.9882907336414 0.136 0.2485 0.6154999999999999
-3764.483203988817 0.136 0.271 0.593
-3737.9311829283497 0.136 0.2935 0.5705
-3708.3617602416152 0.136 0.316 0.548
-3684.7593256603886 0.136 0.33849999999999997 0.5255000000000001
-3656.6829050082074 0.136 0.361 0.503
-3627.122168997505 0.136 0.3835 0.4805
-3598.8694254039556 0.136 0.40599999999999997 0.458
-3565.498972640436 0.136 0.4285 0.4355
-3547.0478028829107 0.136 0.45099999999999996 0.41300000000000003
-3516.107152439692 0.136 0.4735 0.3905
-3488.0169144221095 0.136 0.496 0.368
-3452.199840832487 0.136 0.5185 0.34550000000000003
-3426.435423675105 0.136 0.541 0.32299999999999995
-3398.0037034597035 0.136 0.5635 0.3005
-3365.2565680699986 0.136 0.586 0.278
-3341.8794919223324 0.136 0.6084999999999999 0.25550000000000006
-3312.654656385541 0.136 0.631 0.23299999999999998
-3283.7234838941167 0.136 0.6535 0.21050000000000002
-3255.970876940424 0.136 0.6759999999999999 0.18800000000000006
-3222.313719118186 0.136 0.6985 0.16549999999999998
-3190.3365045189344 0.136 0.721 0.14300000000000002
-3160.9451642756712 0.136 0.7434999999999999 0.12050000000000005
-3132.0434522086753 0.136 0.766 0.09799999999999998
-3099.202179521091 0.136 0.7885 0.07550000000000001
-3069.9855822910727 0.136 0.8109999999999999 0.05300000000000005
-3039.354659904743 0.136 0.8335 0.03049999999999997
-2999.2957874024446 0.136 0.863 0.0010000000000000009
-3576.006117284649 0.1585 0.001 0.8405
-3669.1466193189844 0.1585 0.0235 0.8180000000000001
-3853.25259475514 0.1585 0.046 0.7955
-3857.7181077176197 0.1585 0.0685 0.773
-3861.6727070066604 0.1585 0.091 0.7505000000000001
-3882.240570561759 0.1585 0.11349999999999999 0.728
-3882.3215985410416 0.1585 0.136 0.7055
-3886.5644205975827 0.1585 0.1585 0.683
-3890.7499555474583 0.1585 0.181 0.6605000000000001
-3890.8094518983053 0.1585 0.2035 0.638
-3882.419468090919 0.1585 0.22599999999999998 0.6155
-3868.9411921368187 0.1585 0.2485 0.593
-3840.992991550878 0.1585 0.271 0.5705
-3817.200694054447 0.1585 0.2935 0.548
-3788.1655744212853 0.1585 0.316 0.5255000000000001
-3760.8909836932307 0.1585 0.33849999999999997 0.5030000000000001
-3735.2487161186205 0.1585 0.361 0.48050000000000004
-3705.6271220406734 0.1585 0.3835 0.458
-3673.699423223278 0.1585 0.40599999999999997 0.43550000000000005
-3652.117571535537 0.1585 0.4285 0.41300000000000003
-3618.6267406991005 0.1585 0.45099999999999996 0.39050000000000007
-3595.1725127840905 0.1585 0.4735 0.36800000000000005
-3562.030847815455 0.1585 0.496 0.34550000000000003
-3533.280317056218 0.1585 0.5185 0.32300000000000006
-3500.6862618098503 0.1585 0.541 0.3005
-3473.8362633853385 0.1585 0.5635 0.278
-3446.947072833307 0.1585 0.586 0.25550000000000006
-3414.7116547762275 0.1585 0.6084999999999999 0.2330000000000001
-3387.686387309906 0.1585 0.631 0.21050000000000002
-3358.0917397657913 0.1585 0.6535 0.18800000000000006
-3330.51113183343 0.1585 0.6759999999999999 0.1655000000000001
-3297.3680929101333 0.1585 0.6985 0.14300000000000002
-3265.4495781037062 0.1585 0.721 0.12050000000000005
-3239.215847374148 0.1585 0.7434999999999999 0.09800000000000009
-3205.6091402793377 0.1585 0.766 0.07550000000000001
-3182.244642998968 0.1585 0.7885 0.05300000000000005
-3143.388495889719 0.1585 0.8109999999999999 0.030500000000000083
-3102.0993188895877 0.1585 0.841 0.000500000000000056
-3766.12523274126 0.181 0.001 0.818
-3944.723212398151 0.181 0.0235 0.7955
-3950.6776906820805 0.181 0.046 0.7729999999999999
-3959.8920540229237 0.181 0.0685 0.7505
-3963.757933269858 0.181 0.091 0.728
-3969.8484753316975 0.181 0.11349999999999999 0.7055
-3969.087485710911 0.181 0.136 0.6829999999999999
-3969.3618815335617 0.181 0.1585 0.6605
-3972.7090339349024 0.181 0.181 0.6379999999999999
-3978.16995028984 0.181 0.2035 0.6154999999999999
-3971.2284774455525 0.181 0.22599999999999998 0.593
-3949.462711856982 0.181 0.2485 0.5705
-3922.703136668534 0.181 0.271 0.5479999999999999
-3893.955722281198 0.181 0.2935 0.5255
-3867.3397944069598 0.181 0.316 0.5029999999999999
-3841.046525298993 0.181 0.33849999999999997 0.4805
-3811.321635819166 0.181 0.361 0.45799999999999996
-3787.252558183844 0.181 0.3835 0.43549999999999994
-3757.412519373487 0.181 0.40599999999999997 0.413
-3726.0351441938556 0.181 0.4285 0.39049999999999996
-3701.645502270847 0.181 0.45099999999999996 0.368
-3671.9675234803517 0.181 0.4735 0.3455
-3642.1460359303046 0.181 0.496 0.32299999999999995
-3619.2190794063986 0.181 0.5185 0.3005
-3584.6442863446728 0.181 0.541 0.2779999999999999
-3552.9897676699716 0.181 0.5635 0.25549999999999995
-3524.4516418367534 0.181 0.586 0.23299999999999998
-3495.851961815785 0.181 0.6084999999999999 0.21050000000000002
-3472.396217191899 0.181 0.631 0.18799999999999994
-3437.789264761799 0.181 0.6535 0.16549999999999998
-3416.1844398195594 0.181 0.6759999999999999 0.14300000000000002
-3374.429982437899 0.181 0.6985 0.12049999999999994
-3345.9593221981154 0.181 0.721 0.09799999999999998
-3312.974521640075 0.181 0.7434999999999999 0.07550000000000001
-3287.559290051465 0.181 0.766 0.052999999999999936
-3255.026447928554 0.181 0.7885 0.03049999999999997
-3219.0074570386446 0.181 0.8180000000000001 0.0009999999999998899
