-3258.545379776951 0.0685 0.001 0.9305
-3267.2385133702987 0.0685 0.0235 0.908
-3275.123370589682 0.0685 0.046 0.8855
-3282.5151364864114 0.0685 0.0685 0.863
-3287.430023036814 0.0685 0.091 0.8405
-3335.0311912827 0.0685 0.11349999999999999 0.8180000000000001
-3427.0420812521356 0.0685 0.136 0.7955
-3340.7661997627783 0.0685 0.1585 0.773
-3521.5149443271234 0.0685 0.181 0.7505
-3524.4033494610458 0.0685 0.2035 0.728
-3526.681101512817 0.0685 0.22599999999999998 0.7055
-3531.4240656167262 0.0685 0.2485 0.683
-3522.3368914572497 0.0685 0.271 0.6605
-3492.4969376352847 0.0685 0.2935 0.638
-3463.3879871606646 0.0685 0.316 0.6154999999999999
-3434.5184910532907 0.0685 0.33849999999999997 0.593
-3408.6772479452484 0.0685 0.361 0.5705
-3379.846636391649 0.0685 0.3835 0.548
-3350.556362639282 0.0685 0.40599999999999997 0.5255000000000001
-3325.407057077815 0.0685 0.4285 0.503
-3298.819407143381 0.0685 0.45099999999999996 0.48050000000000004
-3268.386405965393 0.0685 0.4735 0.458
-3243.056386598067 0.0685 0.496 0.4355
-3211.9877598328717 0.0685 0.5185 0.41300000000000003
-3188.925415009879 0.0685 0.541 0.39049999999999996
-3154.054220027241 0.0685 0.5635 0.368
-3125.275654542148 0.0685 0.586 0.34550000000000003
-3094.3416039010813 0.0685 0.6084999999999999 0.32300000000000006
-3063.794061517916 0.0685 0.631 0.3005
-3034.5744256320963 0.0685 0.6535 0.278
-3006.180667471027 0.0685 0.6759999999999999 0.25550000000000006
-2976.271631593543 0.0685 0.6985 0.23299999999999998
-2948.026272773151 0.0685 0.721 0.21050000000000002
-2918.0485368665954 0.0685 0.7434999999999999 0.18800000000000006
-2885.6642982136414 0.0685 0.766 0.16549999999999998
-2853.6005338206583 0.0685 0.7885 0.14300000000000002
-2824.6516756129668 0.0685 0.8109999999999999 0.12050000000000005
-2798.463905230471 0.0685 0.8335 0.09799999999999998
-2764.33357246134 0.0685 0.856 0.07550000000000001
-2736.594858069166 0.0685 0.8785 0.05300000000000005
-2703.541586353408 0.0685 0.9009999999999999 0.030500000000000083
-2663.868134304604 0.0685 0.931 0.0004999999999999449
-3275.6016303078886 0.091 0.001 0.908
-3283.2069185921023 0.091 0.0235 0.8855000000000001
-3290.5036965643744 0.091 0.046 0.863
-3424.6671252541864 0.091 0.0685 0.8405
-3430.3355553656284 0.091 0.091 0.8180000000000001
-3565.1859402077844 0.091 0.11349999999999999 0.7955000000000001
-3612.3255381966283 0.091 0.136 0.773
-3619.0538674233953 0.091 0.1585 0.7505000000000001
-3622.217399152567 0.091 0.181 0.728
-3625.1838732223005 0.091 0.2035 0.7055
-3621.107176562679 0.091 0.22599999999999998 0.683
-3621.0134825969135 0.091 0.2485 0.6605000000000001
-3603.072373812683 0.091 0.271 0.638
-3571.644366141743 0.091 0.2935 0.6155
-3541.2299306039645 0.091 0.316 0.593
-3516.6935219440998 0.091 0.33849999999999997 0.5705
-3488.193208308423 0.091 0.361 0.548
-3462.907765215271 0.091 0.3835 0.5255000000000001
-3435.7529641187302 0.091 0.40599999999999997 0.5030000000000001
-3407.5933357399576 0.091 0.4285 0.48050000000000004
-3381.6978789414957 0.091 0.45099999999999996 0.4580000000000001
-3351.591431190192 0.091 0.4735 0.43550000000000005
-3320.137895384916 0.091 0.496 0.41300000000000003
-3295.554891853974 0.091 0.5185 0.39050000000000007
-3265.019226416676 0.091 0.541 0.368
-3238.116450823579 0.091 0.5635 0.34550000000000003
-3207.6280130947134 0.091 0.586 0.32300000000000006
-3176.096948751973 0.091 0.6084999999999999 0.3005000000000001
-3150.244810143812 0.091 0.631 0.278
-3118.595087150881 0.091 0.6535 0.25550000000000006
-3089.3324297697964 0.091 0.6759999999999999 0.2330000000000001
-3060.5469622292735 0.091 0.6985 0.21050000000000002
-3029.504760327067 0.091 0.721 0.18800000000000006
-3000.9630101706366 0.091 0.7434999999999999 0.1655000000000001
-2966.9186107054425 0.091 0.766 0.14300000000000002
-2936.6241073072947 0.091 0.7885 0.12050000000000005
-2909.6573334806244 0.091 0.8109999999999999 0.09800000000000009
-2876.94624965697 0.091 0.8335 0.07550000000000001
-2848.884897991868 0.091 0.856 0.05300000000000005
-2817.5235473365333 0.091 0.8785 0.030500000000000083
-2775.212225248989 0.091 0.908 0.0010000000000000009
-3290.1431522633607 0.11349999999999999 0.001 0.8855000000000001
-3382.9366597917174 0.11349999999999999 0.0235 0.8630000000000001
-3432.15929219543 0.11349999999999999 0.046 0.8405
-3479.8923148335693 0.11349999999999999 0.0685 0.8180000000000001
-3616.713194297869 0.11349999999999999 0.091 0.7955000000000001
-3708.0405453834787 0.11349999999999999 0.11349999999999999 0.7730000000000001
-3712.3617576938323 0.11349999999999999 0.136 0.7505000000000001
-3715.537473827249 0.11349999999999999 0.1585 0.7280000000000001
-3719.071818301798 0.11349999999999999 0.181 0.7055
-3694.540086348195 0.11349999999999999 0.2035 0.683
-3721.838110136488 0.11349999999999999 0.22599999999999998 0.6605000000000001
-3716.661806801102 0.11349999999999999 0.2485 0.6380000000000001
-3687.0562783783207 0.11349999999999999 0.271 0.6155
-3654.3617196287814 0.11349999999999999 0.2935 0.5930000000000001
-3627.8887131644524 0.11349999999999999 0.316 0.5705
-3606.2381916808226 0.11349999999999999 0.33849999999999997 0.548
-3576.8411383417915 0.11349999999999999 0.361 0.5255000000000001
-3550.8613344516707 0.11349999999999999 0.3835 0.5030000000000001
-3518.845080736089 0.11349999999999999 0.40599999999999997 0.4805000000000001
-3493.30104606616 0.11349999999999999 0.4285 0.4580000000000001
-3460.9432955401653 0.11349999999999999 0.45099999999999996 0.4355000000000001
-3437.1508864283524 0.11349999999999999 0.4735 0.4130000000000001
-3409.5265498193157 0.11349999999999999 0.496 0.39050000000000007
-3375.3005134614173 0.11349999999999999 0.5185 0.3680000000000001
-3349.0179591153883 0.11349999999999999 0.541 0.34550000000000003
-3317.948103374125 0.11349999999999999 0.5635 0.32300000000000006
-3292.1374183627468 0.11349999999999999 0.586 0.3005000000000001
-3260.446600787398 0.11349999999999999 0.6084999999999999 0.27800000000000014
-3233.7814508556753 0.11349999999999999 0.631 0.25550000000000006
-3202.0735554037637 0.11349999999999999 0.6535 0.2330000000000001
-3167.1906634014404 0.11349999999999999 0.6759999999999999 0.21050000000000013
-3142.9860450785823 0.11349999999999999 0.6985 0.18800000000000006
-3114.899900114841 0.11349999999999999 0.721 0.1655000000000001
-3085.963580447241 0.11349999999999999 0.7434999999999999 0.14300000000000013
-3052.716054258165 0.11349999999999999 0.766 0.12050000000000005
-3022.174510684096 0.11349999999999999 0.7885 0.09800000000000009
-2989.4068548095815 0.11349999999999999 0.8109999999999999 0.07550000000000012
-2959.479713660094 0.11349999999999999 0.8335 0.05300000000000005
-2929.9166149007533 0.11349999999999999 0.856 0.030500000000000083
-2889.418241979492 0.11349999999999999 0.886 0.000500000000000056
