-6065.799845504316 0.6759999999999999 0.001 0.32300000000000006
-6051.101656521958 0.6759999999999999 0.0235 0.30050000000000004
-6031.683710226522 0.6759999999999999 0.046 0.2780000000000001
-6015.1948246290885 0.6759999999999999 0.0685 0.25550000000000006
-5998.796127224581 0.6759999999999999 0.091 0.23300000000000007
-5981.3238762347155 0.6759999999999999 0.11349999999999999 0.21050000000000008
-5964.82352115293 0.6759999999999999 0.136 0.18800000000000006
-5944.818533641334 0.6759999999999999 0.1585 0.16550000000000006
-5924.146335081802 0.6759999999999999 0.181 0.14300000000000007
-5903.305915109632 0.6759999999999999 0.2035 0.12050000000000008
-5882.238609089067 0.6759999999999999 0.22599999999999998 0.09800000000000009
-5859.857423958294 0.6759999999999999 0.2485 0.07550000000000007
-5835.70487545085 0.6759999999999999 0.271 0.05300000000000005
-5811.273043776201 0.6759999999999999 0.2935 0.030500000000000083
-5778.557328628063 0.6759999999999999 0.324 5.551115123125783e-17
-6162.199458251431 0.6985 0.001 0.3005
-6145.190638327141 0.6985 0.0235 0.27799999999999997
-6126.269334160816 0.6985 0.046 0.2555
-6109.668156705728 0.6985 0.0685 0.23299999999999998
-6092.85713140843 0.6985 0.091 0.2105
-6075.818710994007 0.6985 0.11349999999999999 0.188
-6058.0486409176565 0.6985 0.136 0.16549999999999998
-6037.92589564858 0.6985 0.1585 0.143
-6017.03562647691 0.6985 0.181 0.1205
-5995.717376254916 0.6985 0.2035 0.098
-5975.4994624997735 0.6985 0.22599999999999998 0.07550000000000001
-5951.173841265596 0.6985 0.2485 0.05299999999999999
-5926.207240691209 0.6985 0.271 0.03049999999999997
-5894.022126699175 0.6985 0.301 0.0005000000000000004
-6255.583888455962 0.721 0.001 0.278
-6240.102317231284 0.721 0.0235 0.2555
-6220.799877677133 0.721 0.046 0.23300000000000004
-6203.249872350231 0.721 0.0685 0.21050000000000002
-6187.029738233315 0.721 0.091 0.18800000000000003
-6170.348315366275 0.721 0.11349999999999999 0.16550000000000004
-6150.955227041681 0.721 0.136 0.14300000000000002
-6130.445878482982 0.721 0.1585 0.12050000000000002
-6109.131378905111 0.721 0.181 0.09800000000000003
-6088.579150871531 0.721 0.2035 0.07550000000000004
-6064.246492447832 0.721 0.22599999999999998 0.05300000000000005
-6039.971956816153 0.721 0.2485 0.030500000000000027
-6008.20438602233 0.721 0.278 0.0010000000000000009
