-5210.889207658746 0.4735 0.001 0.5255
-5196.447424030017 0.4735 0.0235 0.503
-5183.240280459461 0.4735 0.046 0.4805
-5168.4105628516 0.4735 0.0685 0.45799999999999996
-5149.246758355061 0.4735 0.091 0.4355
-5133.38751140814 0.4735 0.11349999999999999 0.413
-5115.360409632456 0.4735 0.136 0.39049999999999996
-5098.547309788215 0.4735 0.1585 0.368
-5081.199768570788 0.4735 0.181 0.3455
-5063.913398874456 0.4735 0.2035 0.32299999999999995
-5046.343576063372 0.4735 0.22599999999999998 0.3005
-5027.96820676542 0.4735 0.2485 0.27799999999999997
-5009.236307338139 0.4735 0.271 0.25549999999999995
-4987.164475746 0.4735 0.2935 0.23299999999999998
-4966.1155218563745 0.4735 0.316 0.21049999999999996
-4945.50035616499 0.4735 0.33849999999999997 0.188
-4923.534713146853 0.4735 0.361 0.16549999999999998
-4902.838632955832 0.4735 0.3835 0.14299999999999996
-4880.101862438738 0.4735 0.40599999999999997 0.1205
-4855.653537522402 0.4735 0.4285 0.09799999999999998
-4831.1709514562945 0.4735 0.45099999999999996 0.07550000000000001
-4806.2090381435655 0.4735 0.4735 0.05299999999999999
-4781.098860665098 0.4735 0.496 0.03049999999999997
-4748.370097967585 0.4735 0.526 0.0004999999999999449
-5305.369626092431 0.496 0.001 0.503
-5291.513415620935 0.496 0.0235 0.4805
-5278.315015706141 0.496 0.046 0.458
-5260.303245259621 0.496 0.0685 0.4355
-5243.8319074721785 0.496 0.091 0.41300000000000003
-5227.7477323773255 0.496 0.11349999999999999 0.3905
-5210.1691470677815 0.496 0.136 0.368
-5193.73902197716 0.496 0.1585 0.34550000000000003
-5174.729779980316 0.496 0.181 0.323
-5158.188325156729 0.496 0.2035 0.3005
-5139.750097309061 0.496 0.22599999999999998 0.278
-5121.783793776455 0.496 0.2485 0.2555
-5101.612250414634 0.496 0.271 0.23299999999999998
-5080.529838543531 0.496 0.2935 0.21050000000000002
-5058.918428873091 0.496 0.316 0.188
-5036.994024042409 0.496 0.33849999999999997 0.16550000000000004
-5016.261087719139 0.496 0.361 0.14300000000000002
-4995.117617012977 0.496 0.3835 0.1205
-4970.659030907442 0.496 0.40599999999999997 0.09800000000000003
-4946.202756751874 0.496 0.4285 0.07550000000000001
-4921.309833891292 0.496 0.45099999999999996 0.05300000000000005
-4896.073511153338 0.496 0.4735 0.030500000000000027
-4863.878826734012 0.496 0.503 0.0010000000000000009
-5400.300509450129 0.5185 0.001 0.48050000000000004
-5386.569764218925 0.5185 0.0235 0.458
-5373.3576695130005 0.5185 0.046 0.43550000000000005
-5357.032021329036 0.5185 0.0685 0.41300000000000003
-5338.3082563183825 0.5185 0.091 0.39050000000000007
-5321.832579282069 0.5185 0.11349999999999999 0.36800000000000005
-5303.334057423865 0.5185 0.136 0.34550000000000003
-5287.515975847839 0.5185 0.1585 0.32300000000000006
-5269.76525673836 0.5185 0.181 0.30050000000000004
-5252.173790561136 0.5185 0.2035 0.278
-5233.05368108692 0.5185 0.22599999999999998 0.25550000000000006
-5214.314739342633 0.5185 0.2485 0.23300000000000004
-5194.1173891232975 0.5185 0.271 0.21050000000000002
-5172.342312275125 0.5185 0.2935 0.18800000000000006
-5151.107978012709 0.5185 0.316 0.16550000000000004
-5129.781314848294 0.5185 0.33849999999999997 0.14300000000000007
-5108.086986289026 0.5185 0.361 0.12050000000000005
-5084.0162362271885 0.5185 0.3835 0.09800000000000003
-5059.538096592716 0.5185 0.40599999999999997 0.07550000000000007
-5035.104191220252 0.5185 0.4285 0.05300000000000005
-5010.099615534347 0.5185 0.45099999999999996 0.030500000000000083
-4977.161378548713 0.5185 0.481 0.000500000000000056
