-5228.447038537365 0.4846999999999999 0.05 0.4653000000000001
-5215.925489068901 0.4846999999999999 0.0707 0.4446000000000001
-5196.610181182888 0.4846999999999999 0.0914 0.4239000000000001
-5183.114196878479 0.4846999999999999 0.11209999999999999 0.4032000000000001
-5165.279115827376 0.4846999999999999 0.13279999999999997 0.3825000000000001
-5149.045169803574 0.4846999999999999 0.15349999999999997 0.3618000000000001
-5135.929791792326 0.4846999999999999 0.17419999999999997 0.3411000000000001
-5117.5235475946465 0.4846999999999999 0.19489999999999996 0.32040000000000013
-5103.269116873811 0.4846999999999999 0.21559999999999996 0.29970000000000013
-5083.961452398484 0.4846999999999999 0.23629999999999995 0.27900000000000014
-5066.462588082393 0.4846999999999999 0.25699999999999995 0.25830000000000014
-5050.469396015066 0.4846999999999999 0.27769999999999995 0.23760000000000014
-5028.657959858277 0.4846999999999999 0.29839999999999994 0.21690000000000015
-5011.759950341444 0.4846999999999999 0.31909999999999994 0.19620000000000015
-4989.405672487433 0.4846999999999999 0.33979999999999994 0.17550000000000016
-4970.283117960219 0.4846999999999999 0.36049999999999993 0.15480000000000016
-4951.457766614779 0.4846999999999999 0.38119999999999993 0.13410000000000016
-4928.623373821786 0.4846999999999999 0.4018999999999999 0.11340000000000017
-4909.092271745028 0.4846999999999999 0.4225999999999999 0.09270000000000017
-4883.74463386862 0.4846999999999999 0.4432999999999999 0.07200000000000017
-4861.073579197511 0.4846999999999999 0.4639999999999999 0.05130000000000018
-4840.855438879769 0.4846999999999999 0.4846999999999999 0.030600000000000183
-5317.579346182853 0.5054 0.05 0.44460000000000005
-5297.033839642664 0.5054 0.0707 0.42390000000000005
-5284.818162721683 0.5054 0.0914 0.40320000000000006
-5269.4004289242785 0.5054 0.11209999999999999 0.38250000000000006
-5250.936494704808 0.5054 0.13279999999999997 0.36180000000000007
-5237.737600521118 0.5054 0.15349999999999997 0.34110000000000007
-5221.12318720056 0.5054 0.17419999999999997 0.3204000000000001
-5205.345827016663 0.5054 0.19489999999999996 0.2997000000000001
-5189.6358627581485 0.5054 0.21559999999999996 0.2790000000000001
-5169.892700289634 0.5054 0.23629999999999995 0.2583000000000001
-5153.139016741685 0.5054 0.25699999999999995 0.2376000000000001
-5133.320833459008 0.5054 0.27769999999999995 0.2169000000000001
-5114.901969016595 0.5054 0.29839999999999994 0.1962000000000001
-5095.715727517877 0.5054 0.31909999999999994 0.1755000000000001
-5073.621820748785 0.5054 0.33979999999999994 0.1548000000000001
-5055.949512879705 0.5054 0.36049999999999993 0.1341000000000001
-5035.828204356683 0.5054 0.38119999999999993 0.11340000000000011
-5013.1576608391515 0.5054 0.4018999999999999 0.09270000000000012
-4991.381842555222 0.5054 0.4225999999999999 0.07200000000000012
-4966.218687119958 0.5054 0.4432999999999999 0.05130000000000012
-4945.410239105169 0.5054 0.4639999999999999 0.030600000000000127
-5403.597290465684 0.5260999999999999 0.05 0.4239000000000001
-5388.033619813774 0.5260999999999999 0.0707 0.4032000000000001
-5370.57744233235 0.5260999999999999 0.0914 0.3825000000000001
-5355.23910404387 0.5260999999999999 0.11209999999999999 0.3618000000000001
-5338.722881878636 0.5260999999999999 0.13279999999999997 0.3411000000000001
-5322.860578003297 0.5260999999999999 0.15349999999999997 0.32040000000000013
-5309.552750736451 0.5260999999999999 0.17419999999999997 0.29970000000000013
-5290.821100716601 0.5260999999999999 0.19489999999999996 0.27900000000000014
-5274.380641097904 0.5260999999999999 0.21559999999999996 0.25830000000000014
-5255.447559812195 0.5260999999999999 0.23629999999999995 0.23760000000000014
-5237.747996803906 0.5260999999999999 0.25699999999999995 0.21690000000000015
-5221.225368516236 0.5260999999999999 0.27769999999999995 0.19620000000000015
-5198.84329348179 0.5260999999999999 0.29839999999999994 0.17550000000000016
-5179.255285207994 0.5260999999999999 0.31909999999999994 0.15480000000000016
-5159.867175208138 0.5260999999999999 0.33979999999999994 0.13410000000000016
-5138.948265173393 0.5260999999999999 0.36049999999999993 0.11340000000000017
-5119.358254275063 0.5260999999999999 0.38119999999999993 0.09270000000000017
-5095.031809215522 0.5260999999999999 0.4018999999999999 0.07200000000000017
-5072.47417990306 0.5260999999999999 0.4225999999999999 0.05130000000000018
-5049.446044494741 0.5260999999999999 0.4432999999999999 0.030600000000000183
