-5489.691574527288 0.5468 0.05 0.40320000000000006
-5474.469658685463 0.5468 0.0707 0.38250000000000006
-5456.461754755882 0.5468 0.0914 0.36180000000000007
-5442.988072584436 0.5468 0.11209999999999999 0.34110000000000007
-5424.894433331122 0.5468 0.13279999999999997 0.3204000000000001
-5411.329075650024 0.5468 0.15349999999999997 0.2997000000000001
-5395.241091870641 0.5468 0.17419999999999997 0.2790000000000001
-5376.666567763077 0.5468 0.19489999999999996 0.2583000000000001
-5361.975133709375 0.5468 0.21559999999999996 0.2376000000000001
-5341.146607896241 0.5468 0.23629999999999995 0.2169000000000001
-5323.906218446367 0.5468 0.25699999999999995 0.1962000000000001
-5305.092199530767 0.5468 0.27769999999999995 0.1755000000000001
-5282.962798185641 0.5468 0.29839999999999994 0.1548000000000001
-5265.592208037941 0.5468 0.31909999999999994 0.1341000000000001
-5243.912738696337 0.5468 0.33979999999999994 0.11340000000000011
-5224.270769423655 0.5468 0.36049999999999993 0.09270000000000012
-5202.137944074956 0.5468 0.38119999999999993 0.07200000000000012
-5177.524439573747 0.5468 0.4018999999999999 0.05130000000000012
-5156.4077499067125 0.5468 0.4225999999999999 0.030600000000000127
-5574.122589490053 0.5674999999999999 0.05 0.3825000000000001
-5560.248040647454 0.5674999999999999 0.0707 0.3618000000000001
-5544.400000025959 0.5674999999999999 0.0914 0.3411000000000001
-5528.5098981683195 0.5674999999999999 0.11209999999999999 0.32040000000000013
-5513.46980069673 0.5674999999999999 0.13279999999999997 0.29970000000000013
-5496.717157041777 0.5674999999999999 0.15349999999999997 0.27900000000000014
-5480.8151394671895 0.5674999999999999 0.17419999999999997 0.25830000000000014
-5464.794802321032 0.5674999999999999 0.19489999999999996 0.23760000000000014
-5446.20335672679 0.5674999999999999 0.21559999999999996 0.21690000000000015
-5426.8562140175545 0.5674999999999999 0.23629999999999995 0.19620000000000015
-5408.052797915312 0.5674999999999999 0.25699999999999995 0.17550000000000016
-5388.997464612525 0.5674999999999999 0.27769999999999995 0.15480000000000016
-5368.992331480237 0.5674999999999999 0.29839999999999994 0.13410000000000016
-5349.863346740072 0.5674999999999999 0.31909999999999994 0.11340000000000017
-5327.804034281313 0.5674999999999999 0.33979999999999994 0.09270000000000017
-5305.93044110776 0.5674999999999999 0.36049999999999993 0.07200000000000017
-5283.715212227374 0.5674999999999999 0.38119999999999993 0.05130000000000018
-5260.194042003487 0.5674999999999999 0.4018999999999999 0.030600000000000183
-5660.71240886003 0.5882 0.05 0.36180000000000007
-5647.946389189464 0.5882 0.0707 0.34110000000000007
-5629.942942428048 0.5882 0.0914 0.3204000000000001
-5616.399433102742 0.5882 0.11209999999999999 0.2997000000000001
-5598.882323439838 0.5882 0.13279999999999997 0.2790000000000001
-5582.345747226659 0.5882 0.15349999999999997 0.2583000000000001
-5568.292286908352 0.5882 0.17419999999999997 0.2376000000000001
-5549.021179975067 0.5882 0.19489999999999996 0.2169000000000001
-5533.507698210392 0.5882 0.21559999999999996 0.1962000000000001
-5511.669371986686 0.5882 0.23629999999999995 0.1755000000000001
-5493.022270497961 0.5882 0.25699999999999995 0.1548000000000001
-5475.72079237303 0.5882 0.27769999999999995 0.1341000000000001
-5454.153369302933 0.5882 0.29839999999999994 0.11340000000000011
-5434.571214881923 0.5882 0.31909999999999994 0.09270000000000012
-5409.778328524554 0.5882 0.33979999999999994 0.07200000000000012
-5388.118259813192 0.5882 0.36049999999999993 0.05130000000000012
-5367.701458571975 0.5882 0.38119999999999993 0.030600000000000127
