-6267.906657118786 0.7330999999999999 0.05 0.21690000000000015
-6255.436103495495 0.7330999999999999 0.0707 0.19620000000000015
-6237.090540450841 0.7330999999999999 0.0914 0.17550000000000016
-6221.629873024486 0.7330999999999999 0.11209999999999999 0.15480000000000016
-6203.58867937543 0.7330999999999999 0.13279999999999997 0.13410000000000016
-6185.151895500244 0.7330999999999999 0.15349999999999997 0.11340000000000017
-6168.198169119317 0.7330999999999999 0.17419999999999997 0.09270000000000017
-6146.413327097744 0.7330999999999999 0.19489999999999996 0.07200000000000017
-6124.542330916779 0.7330999999999999 0.21559999999999996 0.05130000000000018
-6102.1271040107085 0.7330999999999999 0.23629999999999995 0.030600000000000183
-6356.572969518953 0.7537999999999999 0.05 0.1962000000000001
-6341.527310508095 0.7537999999999999 0.0707 0.1755000000000001
-6322.839610498864 0.7537999999999999 0.0914 0.1548000000000001
-6309.1612890203205 0.7537999999999999 0.11209999999999999 0.1341000000000001
-6287.787630569256 0.7537999999999999 0.13279999999999997 0.11340000000000011
-6270.9410492545585 0.7537999999999999 0.15349999999999997 0.09270000000000012
-6252.494592898601 0.7537999999999999 0.17419999999999997 0.07200000000000012
-6229.018480044779 0.7537999999999999 0.19489999999999996 0.05130000000000012
-6209.132468165302 0.7537999999999999 0.21559999999999996 0.030600000000000127
-6441.446344888417 0.7745 0.05 0.17550000000000004
-6427.095412648086 0.7745 0.0707 0.15480000000000005
-6411.515843235263 0.7745 0.0914 0.13410000000000005
-6393.417494121127 0.7745 0.11209999999999999 0.11340000000000004
-6375.2469079093225 0.7745 0.13279999999999997 0.09270000000000006
-6355.55354099035 0.7745 0.15349999999999997 0.07200000000000006
-6335.14142724304 0.7745 0.17419999999999997 0.05130000000000007
-6312.4055901224065 0.7745 0.19489999999999996 0.03060000000000007
