-4704.4450087412715 0.36049999999999993 0.05 0.5895
-4692.88934690787 0.36049999999999993 0.0707 0.5688000000000001
-4680.0612317002415 0.36049999999999993 0.0914 0.5481
-4664.547433788627 0.36049999999999993 0.11209999999999999 0.5274000000000001
-4648.534984500225 0.36049999999999993 0.13279999999999997 0.5067000000000002
-4632.247021304109 0.36049999999999993 0.15349999999999997 0.4860000000000001
-4616.97669347294 0.36049999999999993 0.17419999999999997 0.4653000000000001
-4598.620761354392 0.36049999999999993 0.19489999999999996 0.4446000000000001
-4582.5221306838475 0.36049999999999993 0.21559999999999996 0.4239000000000001
-4566.0747650247695 0.36049999999999993 0.23629999999999995 0.4032000000000001
-4549.535494505418 0.36049999999999993 0.25699999999999995 0.3825000000000001
-4534.174359934884 0.36049999999999993 0.27769999999999995 0.3618000000000001
-4516.896511494884 0.36049999999999993 0.29839999999999994 0.3411000000000001
-4499.350386928704 0.36049999999999993 0.31909999999999994 0.32040000000000013
-4480.019116209721 0.36049999999999993 0.33979999999999994 0.29970000000000013
-4461.453440841503 0.36049999999999993 0.36049999999999993 0.27900000000000014
-4441.148004806733 0.36049999999999993 0.38119999999999993 0.25830000000000014
-4421.904668412217 0.36049999999999993 0.4018999999999999 0.23760000000000014
-4402.412754502341 0.36049999999999993 0.4225999999999999 0.21690000000000015
-4382.3824665314405 0.36049999999999993 0.4432999999999999 0.19620000000000015
-4362.47864265617 0.36049999999999993 0.4639999999999999 0.17550000000000016
-4343.285389556547 0.36049999999999993 0.4846999999999999 0.15480000000000016
-4320.829887892294 0.36049999999999993 0.5054 0.1341000000000001
-4299.002198956635 0.36049999999999993 0.5260999999999999 0.11340000000000017
-4275.8171336118585 0.36049999999999993 0.5468 0.09270000000000012
-4253.031694918639 0.36049999999999993 0.5674999999999999 0.07200000000000017
-4230.4821893743565 0.36049999999999993 0.5882 0.05130000000000012
-4207.551853618178 0.36049999999999993 0.6089 0.03060000000000007
-4788.054770531455 0.38119999999999993 0.05 0.5688
-4778.5184142991975 0.38119999999999993 0.0707 0.5481
-4765.113435316096 0.38119999999999993 0.0914 0.5274
-4749.9018140477965 0.38119999999999993 0.11209999999999999 0.5067
-4734.003969082783 0.38119999999999993 0.13279999999999997 0.48600000000000004
-4717.993057983309 0.38119999999999993 0.15349999999999997 0.46530000000000005
-4700.4324648578495 0.38119999999999993 0.17419999999999997 0.44460000000000005
-4683.588777851402 0.38119999999999993 0.19489999999999996 0.42390000000000005
-4668.296117285252 0.38119999999999993 0.21559999999999996 0.40320000000000006
-4652.290988865242 0.38119999999999993 0.23629999999999995 0.38250000000000006
-4635.162310489964 0.38119999999999993 0.25699999999999995 0.36180000000000007
-4622.034837238992 0.38119999999999993 0.27769999999999995 0.34110000000000007
-4600.534179239328 0.38119999999999993 0.29839999999999994 0.3204000000000001
-4586.196778567071 0.38119999999999993 0.31909999999999994 0.2997000000000001
-4564.882999636666 0.38119999999999993 0.33979999999999994 0.2790000000000001
-4545.932121536072 0.38119999999999993 0.36049999999999993 0.2583000000000001
-4528.290343096492 0.38119999999999993 0.38119999999999993 0.2376000000000001
-4506.082538258695 0.38119999999999993 0.4018999999999999 0.2169000000000001
-4485.951064429402 0.38119999999999993 0.4225999999999999 0.1962000000000001
-4466.718637589964 0.38119999999999993 0.4432999999999999 0.1755000000000001
-4446.914204822721 0.38119999999999993 0.4639999999999999 0.1548000000000001
-4424.8165773722685 0.38119999999999993 0.4846999999999999 0.1341000000000001
-4403.001927466133 0.38119999999999993 0.5054 0.11340000000000006
-4380.239343874088 0.38119999999999993 0.5260999999999999 0.09270000000000012
-4357.319941835311 0.38119999999999993 0.5468 0.07200000000000006
-4334.58289746105 0.38119999999999993 0.5674999999999999 0.05130000000000012
-4311.341312993572 0.38119999999999993 0.5882 0.03060000000000007
-4880.823982469379 0.4018999999999999 0.05 0.5481
-4865.607174894865 0.4018999999999999 0.0707 0.5274000000000001
-4853.833117447495 0.4018999999999999 0.0914 0.5067
-4837.768044707345 0.4018999999999999 0.11209999999999999 0.4860000000000001
-4819.756251939629 0.4018999999999999 0.13279999999999997 0.4653000000000001
-4806.077833901422 0.4018999999999999 0.15349999999999997 0.4446000000000001
-4788.677184485806 0.4018999999999999 0.17419999999999997 0.4239000000000001
-4772.5046905099 0.4018999999999999 0.19489999999999996 0.4032000000000001
-4755.773262865572 0.4018999999999999 0.21559999999999996 0.3825000000000001
-4737.292506933902 0.4018999999999999 0.23629999999999995 0.3618000000000001
-4722.7384682776565 0.4018999999999999 0.25699999999999995 0.3411000000000001
-4707.342233662035 0.4018999999999999 0.27769999999999995 0.32040000000000013
-4688.491585160417 0.4018999999999999 0.29839999999999994 0.29970000000000013
-4669.6621599205455 0.4018999999999999 0.31909999999999994 0.27900000000000014
-4649.287948233385 0.4018999999999999 0.33979999999999994 0.25830000000000014
-4631.632466324645 0.4018999999999999 0.36049999999999993 0.23760000000000014
-4612.392609909252 0.4018999999999999 0.38119999999999993 0.21690000000000015
-4592.246451030916 0.4018999999999999 0.4018999999999999 0.19620000000000015
-4572.996277797366 0.4018999999999999 0.4225999999999999 0.17550000000000016
-4553.332781314033 0.4018999999999999 0.4432999999999999 0.15480000000000016
-4531.96059384388 0.4018999999999999 0.4639999999999999 0.13410000000000016
-4509.7819789743335 0.4018999999999999 0.4846999999999999 0.11340000000000017
-4486.459708997929 0.4018999999999999 0.5054 0.09270000000000012
-4465.15792694847 0.4018999999999999 0.5260999999999999 0.07200000000000017
-4442.004329475501 0.4018999999999999 0.5468 0.05130000000000012
-4418.851574931946 0.4018999999999999 0.5674999999999999 0.030600000000000183
