-4442.78994374317 0.29839999999999994 0.05 0.6516
-4431.277232457344 0.29839999999999994 0.0707 0.6309
-4415.998333926626 0.29839999999999994 0.0914 0.6102
-4404.413131926027 0.29839999999999994 0.11209999999999999 0.5895
-4388.817034048722 0.29839999999999994 0.13279999999999997 0.5688
-4372.8786966680145 0.29839999999999994 0.15349999999999997 0.5481
-4357.778727412305 0.29839999999999994 0.17419999999999997 0.5274000000000001
-4341.25884348522 0.29839999999999994 0.19489999999999996 0.5067
-4324.963594515754 0.29839999999999994 0.21559999999999996 0.48600000000000004
-4308.11360652145 0.29839999999999994 0.23629999999999995 0.46530000000000005
-4292.305143694086 0.29839999999999994 0.25699999999999995 0.44460000000000005
-4274.184431912578 0.29839999999999994 0.27769999999999995 0.42390000000000005
-4257.402415069908 0.29839999999999994 0.29839999999999994 0.40320000000000006
-4241.150683548003 0.29839999999999994 0.31909999999999994 0.38250000000000006
-4222.771405452808 0.29839999999999994 0.33979999999999994 0.36180000000000007
-4205.53550834513 0.29839999999999994 0.36049999999999993 0.34110000000000007
-4186.75510498627 0.29839999999999994 0.38119999999999993 0.3204000000000001
-4167.5987682408 0.29839999999999994 0.4018999999999999 0.2997000000000001
-4148.48979339756 0.29839999999999994 0.4225999999999999 0.2790000000000001
-4128.958018699286 0.29839999999999994 0.4432999999999999 0.2583000000000001
-4108.7745869889295 0.29839999999999994 0.4639999999999999 0.2376000000000001
-4089.633510564264 0.29839999999999994 0.4846999999999999 0.2169000000000001
-4069.9246975324436 0.29839999999999994 0.5054 0.19620000000000004
-4049.8863981645404 0.29839999999999994 0.5260999999999999 0.1755000000000001
-4029.2732398488242 0.29839999999999994 0.5468 0.15480000000000005
-4005.4772633421935 0.29839999999999994 0.5674999999999999 0.1341000000000001
-3983.1618702924234 0.29839999999999994 0.5882 0.11340000000000006
-3960.405744443725 0.29839999999999994 0.6089 0.0927
-3938.3256568477473 0.29839999999999994 0.6295999999999999 0.07200000000000006
-3915.6693080345763 0.29839999999999994 0.6502999999999999 0.05130000000000012
-3892.625747978642 0.29839999999999994 0.6709999999999999 0.03060000000000007
-4527.6913034452355 0.31909999999999994 0.05 0.6309
-4517.675127159462 0.31909999999999994 0.0707 0.6102000000000001
-4504.370796208623 0.31909999999999994 0.0914 0.5895
-4490.671447845916 0.31909999999999994 0.11209999999999999 0.5688000000000001
-4474.856194923803 0.31909999999999994 0.13279999999999997 0.5481
-4459.001202992662 0.31909999999999994 0.15349999999999997 0.5274000000000001
-4442.950001636651 0.31909999999999994 0.17419999999999997 0.5067000000000002
-4426.944015296104 0.31909999999999994 0.19489999999999996 0.4860000000000001
-4410.660953977289 0.31909999999999994 0.21559999999999996 0.4653000000000001
-4394.057393022588 0.31909999999999994 0.23629999999999995 0.4446000000000001
-4378.190632157547 0.31909999999999994 0.25699999999999995 0.4239000000000001
-4359.882850121893 0.31909999999999994 0.27769999999999995 0.4032000000000001
-4342.083441131658 0.31909999999999994 0.29839999999999994 0.3825000000000001
-4325.92894888443 0.31909999999999994 0.31909999999999994 0.3618000000000001
-4309.272859969874 0.31909999999999994 0.33979999999999994 0.3411000000000001
-4289.694447028379 0.31909999999999994 0.36049999999999993 0.32040000000000013
-4270.780331822601 0.31909999999999994 0.38119999999999993 0.29970000000000013
-4251.21778939076 0.31909999999999994 0.4018999999999999 0.27900000000000014
-4232.365133181206 0.31909999999999994 0.4225999999999999 0.25830000000000014
-4212.580557922991 0.31909999999999994 0.4432999999999999 0.23760000000000014
-4192.796896898343 0.31909999999999994 0.4639999999999999 0.21690000000000015
-4173.299570723694 0.31909999999999994 0.4846999999999999 0.19620000000000015
-4153.107188109956 0.31909999999999994 0.5054 0.1755000000000001
-4132.4392784514275 0.31909999999999994 0.5260999999999999 0.15480000000000016
-4110.067326740988 0.31909999999999994 0.5468 0.1341000000000001
-4087.7338023778566 0.31909999999999994 0.5674999999999999 0.11340000000000017
-4064.075997314764 0.31909999999999994 0.5882 0.09270000000000012
-4041.9051943956247 0.31909999999999994 0.6089 0.07200000000000006
-4019.0350237246194 0.31909999999999994 0.6295999999999999 0.05130000000000012
-3995.920292343109 0.31909999999999994 0.6502999999999999 0.030600000000000183
-4618.383025190677 0.33979999999999994 0.05 0.6102000000000001
-4604.149230282717 0.33979999999999994 0.0707 0.5895000000000001
-4592.4979535855555 0.33979999999999994 0.0914 0.5688000000000001
-4578.81385625403 0.33979999999999994 0.11209999999999999 0.5481000000000001
-4562.535898482178 0.33979999999999994 0.13279999999999997 0.5274000000000001
-4546.878114338193 0.33979999999999994 0.15349999999999997 0.5067000000000002
-4531.100740442352 0.33979999999999994 0.17419999999999997 0.48600000000000015
-4514.50013591622 0.33979999999999994 0.19489999999999996 0.46530000000000016
-4498.3886703535445 0.33979999999999994 0.21559999999999996 0.44460000000000016
-4480.600176381367 0.33979999999999994 0.23629999999999995 0.42390000000000017
-4464.36668426954 0.33979999999999994 0.25699999999999995 0.40320000000000017
-4448.302887753511 0.33979999999999994 0.27769999999999995 0.3825000000000002
-4431.770325425294 0.33979999999999994 0.29839999999999994 0.3618000000000002
-4414.644154900519 0.33979999999999994 0.31909999999999994 0.3411000000000002
-4394.416865819145 0.33979999999999994 0.33979999999999994 0.3204000000000002
-4376.224302005411 0.33979999999999994 0.36049999999999993 0.2997000000000002
-4357.763812490175 0.33979999999999994 0.38119999999999993 0.2790000000000002
-4338.39094769808 0.33979999999999994 0.4018999999999999 0.2583000000000002
-4318.655547893573 0.33979999999999994 0.4225999999999999 0.2376000000000002
-4299.584928003802 0.33979999999999994 0.4432999999999999 0.2169000000000002
-4279.600892541994 0.33979999999999994 0.4639999999999999 0.1962000000000002
-4259.469004701236 0.33979999999999994 0.4846999999999999 0.1755000000000002
-4238.734901915691 0.33979999999999994 0.5054 0.15480000000000016
-4216.164688992903 0.33979999999999994 0.5260999999999999 0.13410000000000022
-4193.891003921252 0.33979999999999994 0.5468 0.11340000000000017
-4171.796474339 0.33979999999999994 0.5674999999999999 0.09270000000000023
-4148.375534237813 0.33979999999999994 0.5882 0.07200000000000017
-4126.354828262667 0.33979999999999994 0.6089 0.05130000000000012
-4103.104618763799 0.33979999999999994 0.6295999999999999 0.030600000000000183
