-4965.248403093887 0.4225999999999999 0.05 0.5274000000000001
-4954.095801496807 0.4225999999999999 0.0707 0.5067000000000002
-4938.468346109982 0.4225999999999999 0.0914 0.48600000000000015
-4924.119325296178 0.4225999999999999 0.11209999999999999 0.46530000000000016
-4905.777909184609 0.4225999999999999 0.13279999999999997 0.44460000000000016
-4890.021397465665 0.4225999999999999 0.15349999999999997 0.42390000000000017
-4876.387351918746 0.4225999999999999 0.17419999999999997 0.40320000000000017
-4857.907631561157 0.4225999999999999 0.19489999999999996 0.3825000000000002
-4842.037156691427 0.4225999999999999 0.21559999999999996 0.3618000000000002
-4824.945829618646 0.4225999999999999 0.23629999999999995 0.3411000000000002
-4809.661773117118 0.4225999999999999 0.25699999999999995 0.3204000000000002
-4793.827707595031 0.4225999999999999 0.27769999999999995 0.2997000000000002
-4773.6157936522495 0.4225999999999999 0.29839999999999994 0.2790000000000002
-4754.451307380699 0.4225999999999999 0.31909999999999994 0.2583000000000002
-4734.75300247321 0.4225999999999999 0.33979999999999994 0.2376000000000002
-4715.726247220937 0.4225999999999999 0.36049999999999993 0.2169000000000002
-4697.840696301439 0.4225999999999999 0.38119999999999993 0.1962000000000002
-4675.802641103543 0.4225999999999999 0.4018999999999999 0.1755000000000002
-4657.577431394335 0.4225999999999999 0.4225999999999999 0.15480000000000022
-4635.537748771938 0.4225999999999999 0.4432999999999999 0.13410000000000022
-4612.756294236539 0.4225999999999999 0.4639999999999999 0.11340000000000022
-4590.804326369504 0.4225999999999999 0.4846999999999999 0.09270000000000023
-4568.361716251804 0.4225999999999999 0.5054 0.07200000000000017
-4545.820722145579 0.4225999999999999 0.5260999999999999 0.051300000000000234
-4522.741782422345 0.4225999999999999 0.5468 0.030600000000000183
-5053.314665389578 0.4432999999999999 0.05 0.5067
-5038.19793817712 0.4432999999999999 0.0707 0.4860000000000001
-5027.248326947222 0.4432999999999999 0.0914 0.4653000000000001
-5011.616039917609 0.4432999999999999 0.11209999999999999 0.4446000000000001
-4991.684190832294 0.4432999999999999 0.13279999999999997 0.4239000000000001
-4977.942704291002 0.4432999999999999 0.15349999999999997 0.4032000000000001
-4962.259786215086 0.4432999999999999 0.17419999999999997 0.3825000000000001
-4943.875395268853 0.4432999999999999 0.19489999999999996 0.3618000000000001
-4929.758046605854 0.4432999999999999 0.21559999999999996 0.3411000000000001
-4910.99668764418 0.4432999999999999 0.23629999999999995 0.32040000000000013
-4895.622299438944 0.4432999999999999 0.25699999999999995 0.29970000000000013
-4879.611660591155 0.4432999999999999 0.27769999999999995 0.27900000000000014
-4856.391176691415 0.4432999999999999 0.29839999999999994 0.25830000000000014
-4841.698079565786 0.4432999999999999 0.31909999999999994 0.23760000000000014
-4819.419415246783 0.4432999999999999 0.33979999999999994 0.21690000000000015
-4802.235989444477 0.4432999999999999 0.36049999999999993 0.19620000000000015
-4782.010226131496 0.4432999999999999 0.38119999999999993 0.17550000000000016
-4760.596367853791 0.4432999999999999 0.4018999999999999 0.15480000000000016
-4741.503851360795 0.4432999999999999 0.4225999999999999 0.13410000000000016
-4717.551394575421 0.4432999999999999 0.4432999999999999 0.11340000000000017
-4697.8221073056075 0.4432999999999999 0.4639999999999999 0.09270000000000017
-4675.942142523753 0.4432999999999999 0.4846999999999999 0.07200000000000017
-4652.9475869605485 0.4432999999999999 0.5054 0.05130000000000012
-4630.314999301319 0.4432999999999999 0.5260999999999999 0.030600000000000183
-5142.29998466923 0.4639999999999999 0.05 0.48600000000000004
-5128.75177215187 0.4639999999999999 0.0707 0.46530000000000005
-5113.39726489258 0.4639999999999999 0.0914 0.44460000000000005
-5095.69610655412 0.4639999999999999 0.11209999999999999 0.42390000000000005
-5079.530773594716 0.4639999999999999 0.13279999999999997 0.40320000000000006
-5063.2304285287555 0.4639999999999999 0.15349999999999997 0.38250000000000006
-5048.714396083655 0.4639999999999999 0.17419999999999997 0.36180000000000007
-5031.3244333686225 0.4639999999999999 0.19489999999999996 0.34110000000000007
-5015.135238098569 0.4639999999999999 0.21559999999999996 0.3204000000000001
-4998.892714388077 0.4639999999999999 0.23629999999999995 0.2997000000000001
-4982.267272565831 0.4639999999999999 0.25699999999999995 0.2790000000000001
-4963.7749360882335 0.4639999999999999 0.27769999999999995 0.2583000000000001
-4944.671945914128 0.4639999999999999 0.29839999999999994 0.2376000000000001
-4924.268216895546 0.4639999999999999 0.31909999999999994 0.2169000000000001
-4905.053748699996 0.4639999999999999 0.33979999999999994 0.1962000000000001
-4885.543195419851 0.4639999999999999 0.36049999999999993 0.1755000000000001
-4866.491487302981 0.4639999999999999 0.38119999999999993 0.1548000000000001
-4846.523462453696 0.4639999999999999 0.4018999999999999 0.1341000000000001
-4824.355658892125 0.4639999999999999 0.4225999999999999 0.11340000000000011
-4802.059313937172 0.4639999999999999 0.4432999999999999 0.09270000000000012
-4779.84308567774 0.4639999999999999 0.4639999999999999 0.07200000000000012
-4756.986145802426 0.4639999999999999 0.4846999999999999 0.05130000000000012
-4734.033524605233 0.4639999999999999 0.5054 0.03060000000000007
