-3919.629123575618 0.17419999999999997 0.05 0.7758
-3909.5133195877174 0.17419999999999997 0.0707 0.7551000000000001
-3893.1938884312785 0.17419999999999997 0.0914 0.7344
-3880.722743964608 0.17419999999999997 0.11209999999999999 0.7137000000000001
-3862.149737745905 0.17419999999999997 0.13279999999999997 0.6930000000000001
-3851.0159728471194 0.17419999999999997 0.15349999999999997 0.6723000000000001
-3835.661341342902 0.17419999999999997 0.17419999999999997 0.6516000000000002
-3818.9301900878754 0.17419999999999997 0.19489999999999996 0.6309000000000001
-3803.864171939244 0.17419999999999997 0.21559999999999996 0.6102000000000001
-3787.3712676375285 0.17419999999999997 0.23629999999999995 0.5895000000000001
-3770.525225906577 0.17419999999999997 0.25699999999999995 0.5688000000000002
-3756.3118759833665 0.17419999999999997 0.27769999999999995 0.5481000000000001
-3734.4807434967133 0.17419999999999997 0.29839999999999994 0.5274000000000001
-3724.671085040587 0.17419999999999997 0.31909999999999994 0.5067000000000002
-3706.698329981335 0.17419999999999997 0.33979999999999994 0.48600000000000015
-3687.3944193423513 0.17419999999999997 0.36049999999999993 0.46530000000000016
-3672.771408373197 0.17419999999999997 0.38119999999999993 0.44460000000000016
-3653.4545556733237 0.17419999999999997 0.4018999999999999 0.42390000000000017
-3635.6499459216325 0.17419999999999997 0.4225999999999999 0.40320000000000017
-3617.4535028518967 0.17419999999999997 0.4432999999999999 0.3825000000000002
-3598.26125667852 0.17419999999999997 0.4639999999999999 0.3618000000000002
-3577.244300591842 0.17419999999999997 0.4846999999999999 0.3411000000000002
-3558.43494271663 0.17419999999999997 0.5054 0.32040000000000013
-3537.974054573701 0.17419999999999997 0.5260999999999999 0.2997000000000002
-3518.539059262633 0.17419999999999997 0.5468 0.27900000000000014
-3499.1404928023717 0.17419999999999997 0.5674999999999999 0.2583000000000002
-3481.61681157602 0.17419999999999997 0.5882 0.23760000000000014
-3461.829251560749 0.17419999999999997 0.6089 0.2169000000000001
-3439.029934748766 0.17419999999999997 0.6295999999999999 0.19620000000000015
-3416.029425509357 0.17419999999999997 0.6502999999999999 0.1755000000000002
-3394.799455136755 0.17419999999999997 0.6709999999999999 0.15480000000000016
-3372.6942850662904 0.17419999999999997 0.6917 0.1341000000000001
-3349.005193812309 0.17419999999999997 0.7123999999999999 0.11340000000000017
-3326.7549866717204 0.17419999999999997 0.7330999999999999 0.09270000000000023
-3304.277375515586 0.17419999999999997 0.7537999999999999 0.07200000000000017
-3281.602866771131 0.17419999999999997 0.7745 0.05130000000000012
-3258.7182433998496 0.17419999999999997 0.7951999999999999 0.030600000000000183
-4007.10434508606 0.19489999999999996 0.05 0.7551
-3994.412141001725 0.19489999999999996 0.0707 0.7344
-3980.365580661299 0.19489999999999996 0.0914 0.7137
-3964.0959443011475 0.19489999999999996 0.11209999999999999 0.6930000000000001
-3951.835828577529 0.19489999999999996 0.13279999999999997 0.6723000000000001
-3937.5570746307126 0.19489999999999996 0.15349999999999997 0.6516000000000001
-3920.1704534968553 0.19489999999999996 0.17419999999999997 0.6309
-3906.0492457707924 0.19489999999999996 0.19489999999999996 0.6102000000000001
-3890.5820366298594 0.19489999999999996 0.21559999999999996 0.5895000000000001
-3874.6325972771 0.19489999999999996 0.23629999999999995 0.5688000000000001
-3858.9557709141827 0.19489999999999996 0.25699999999999995 0.5481
-3842.3949854605216 0.19489999999999996 0.27769999999999995 0.5274000000000001
-3827.2845806477103 0.19489999999999996 0.29839999999999994 0.5067000000000002
-3810.887234648949 0.19489999999999996 0.31909999999999994 0.4860000000000001
-3794.493085966526 0.19489999999999996 0.33979999999999994 0.4653000000000001
-3778.399695043927 0.19489999999999996 0.36049999999999993 0.4446000000000001
-3760.8831670363834 0.19489999999999996 0.38119999999999993 0.4239000000000001
-3740.49643642498 0.19489999999999996 0.4018999999999999 0.4032000000000001
-3723.008254623268 0.19489999999999996 0.4225999999999999 0.3825000000000001
-3703.3716633566014 0.19489999999999996 0.4432999999999999 0.3618000000000001
-3683.452467368063 0.19489999999999996 0.4639999999999999 0.3411000000000001
-3663.8431879680634 0.19489999999999996 0.4846999999999999 0.32040000000000013
-3643.9375117033755 0.19489999999999996 0.5054 0.2997000000000001
-3624.3500398857345 0.19489999999999996 0.5260999999999999 0.27900000000000014
-3606.518647510085 0.19489999999999996 0.5468 0.2583000000000001
-3586.5553983918776 0.19489999999999996 0.5674999999999999 0.23760000000000014
-3567.5203651732895 0.19489999999999996 0.5882 0.2169000000000001
-3545.4852184156393 0.19489999999999996 0.6089 0.19620000000000004
-3525.2177996385317 0.19489999999999996 0.6295999999999999 0.1755000000000001
-3502.4907889346186 0.19489999999999996 0.6502999999999999 0.15480000000000016
-3480.1710785049413 0.19489999999999996 0.6709999999999999 0.1341000000000001
-3457.0992642791143 0.19489999999999996 0.6917 0.11340000000000006
-3433.8976296895835 0.19489999999999996 0.7123999999999999 0.09270000000000012
-3411.3571946594557 0.19489999999999996 0.7330999999999999 0.07200000000000017
-3388.577624569173 0.19489999999999996 0.7537999999999999 0.05130000000000012
-3365.9727530084065 0.19489999999999996 0.7745 0.03060000000000007
-4094.5403529740893 0.21559999999999996 0.05 0.7343999999999999
-4080.0195940035105 0.21559999999999996 0.0707 0.7137
-4065.9175446855224 0.21559999999999996 0.0914 0.693
-4053.752401899863 0.21559999999999996 0.11209999999999999 0.6723
-4037.8957236799033 0.21559999999999996 0.13279999999999997 0.6516
-4022.5618534388586 0.21559999999999996 0.15349999999999997 0.6309
-4006.205823550894 0.21559999999999996 0.17419999999999997 0.6102000000000001
-3986.2701507028137 0.21559999999999996 0.19489999999999996 0.5895
-3975.4673783851154 0.21559999999999996 0.21559999999999996 0.5688
-3959.1630325387537 0.21559999999999996 0.23629999999999995 0.5481
-3942.7258912379575 0.21559999999999996 0.25699999999999995 0.5274000000000001
-3925.2355159734398 0.21559999999999996 0.27769999999999995 0.5067
-3912.7419028563527 0.21559999999999996 0.29839999999999994 0.48600000000000004
-3895.260081473988 0.21559999999999996 0.31909999999999994 0.46530000000000005
-3879.9622545703983 0.21559999999999996 0.33979999999999994 0.44460000000000005
-3862.5440421155135 0.21559999999999996 0.36049999999999993 0.42390000000000005
-3844.0906509116517 0.21559999999999996 0.38119999999999993 0.40320000000000006
-3824.2269113696884 0.21559999999999996 0.4018999999999999 0.38250000000000006
-3806.1149313435685 0.21559999999999996 0.4225999999999999 0.36180000000000007
-3786.4131619619634 0.21559999999999996 0.4432999999999999 0.34110000000000007
-3767.219872547612 0.21559999999999996 0.4639999999999999 0.3204000000000001
-3748.8154665231446 0.21559999999999996 0.4846999999999999 0.2997000000000001
-3729.0983373545805 0.21559999999999996 0.5054 0.279
-3710.1486250181365 0.21559999999999996 0.5260999999999999 0.2583000000000001
-3690.0240322527247 0.21559999999999996 0.5468 0.23760000000000003
-3670.5200023607595 0.21559999999999996 0.5674999999999999 0.2169000000000001
-3649.9327935951146 0.21559999999999996 0.5882 0.19620000000000004
-3627.947537400638 0.21559999999999996 0.6089 0.1755
-3606.0022350566687 0.21559999999999996 0.6295999999999999 0.15480000000000005
-3583.9225984791815 0.21559999999999996 0.6502999999999999 0.1341000000000001
-3560.8340655241573 0.21559999999999996 0.6709999999999999 0.11340000000000006
-3538.3877565913967 0.21559999999999996 0.6917 0.0927
-3515.368985686521 0.21559999999999996 0.7123999999999999 0.07200000000000006
-3493.0061610010603 0.21559999999999996 0.7330999999999999 0.05130000000000012
-3469.8658315885104 0.21559999999999996 0.7537999999999999 0.03060000000000007
