-3655.2806681396837 0.11209999999999999 0.05 0.8379
-3644.1482085137877 0.11209999999999999 0.0707 0.8172
-3632.5995553160237 0.11209999999999999 0.0914 0.7965
-3621.5562159314873 0.11209999999999999 0.11209999999999999 0.7758
-3606.850531722509 0.11209999999999999 0.13279999999999997 0.7551000000000001
-3593.22645664282 0.11209999999999999 0.15349999999999997 0.7344
-3578.0092818904564 0.11209999999999999 0.17419999999999997 0.7137
-3562.904561682788 0.11209999999999999 0.19489999999999996 0.6930000000000001
-3547.927347058595 0.11209999999999999 0.21559999999999996 0.6723000000000001
-3530.380270717697 0.11209999999999999 0.23629999999999995 0.6516000000000001
-3513.309017870312 0.11209999999999999 0.25699999999999995 0.6309
-3500.928337158017 0.11209999999999999 0.27769999999999995 0.6102000000000001
-3483.9583554200676 0.11209999999999999 0.29839999999999994 0.5895000000000001
-3467.626041633082 0.11209999999999999 0.31909999999999994 0.5688000000000001
-3451.6921274842443 0.11209999999999999 0.33979999999999994 0.5481
-3435.5725215367293 0.11209999999999999 0.36049999999999993 0.5274000000000001
-3417.937616822308 0.11209999999999999 0.38119999999999993 0.5067000000000002
-3400.678967431236 0.11209999999999999 0.4018999999999999 0.4860000000000001
-3380.396245598226 0.11209999999999999 0.4225999999999999 0.4653000000000001
-3361.468983533095 0.11209999999999999 0.4432999999999999 0.4446000000000001
-3345.2263196014032 0.11209999999999999 0.4639999999999999 0.4239000000000001
-3326.5850695045892 0.11209999999999999 0.4846999999999999 0.4032000000000001
-3305.8251004982385 0.11209999999999999 0.5054 0.38250000000000006
-3287.4282977343432 0.11209999999999999 0.5260999999999999 0.3618000000000001
-3266.8571425194837 0.11209999999999999 0.5468 0.34110000000000007
-3247.749246424796 0.11209999999999999 0.5674999999999999 0.32040000000000013
-3227.6466891528903 0.11209999999999999 0.5882 0.2997000000000001
-3208.064835436877 0.11209999999999999 0.6089 0.279
-3190.0066051575673 0.11209999999999999 0.6295999999999999 0.2583000000000001
-3167.1520876932336 0.11209999999999999 0.6502999999999999 0.23760000000000014
-3144.9620418224854 0.11209999999999999 0.6709999999999999 0.2169000000000001
-3121.502282844972 0.11209999999999999 0.6917 0.19620000000000004
-3102.528122548163 0.11209999999999999 0.7123999999999999 0.1755000000000001
-3080.3573449024702 0.11209999999999999 0.7330999999999999 0.15480000000000016
-3057.724674773864 0.11209999999999999 0.7537999999999999 0.1341000000000001
-3034.673515097891 0.11209999999999999 0.7745 0.11340000000000006
-3010.802388596323 0.11209999999999999 0.7951999999999999 0.09270000000000012
-2989.1870223046835 0.11209999999999999 0.8158999999999998 0.07200000000000017
-2966.412234391332 0.11209999999999999 0.8365999999999999 0.05130000000000012
-2943.8504513950566 0.11209999999999999 0.8573 0.03060000000000007
-3744.881632969857 0.13279999999999997 0.05 0.8171999999999999
-3733.799864954797 0.13279999999999997 0.0707 0.7965
-3721.9122684461454 0.13279999999999997 0.0914 0.7757999999999999
-3712.134404737416 0.13279999999999997 0.11209999999999999 0.7551
-3696.134300962565 0.13279999999999997 0.13279999999999997 0.7343999999999999
-3680.7231790654596 0.13279999999999997 0.15349999999999997 0.7137
-3665.8682216865877 0.13279999999999997 0.17419999999999997 0.6930000000000001
-3649.774693312136 0.13279999999999997 0.19489999999999996 0.6723
-3634.323669277696 0.13279999999999997 0.21559999999999996 0.6516
-3618.8310214777807 0.13279999999999997 0.23629999999999995 0.6309
-3603.710573263362 0.13279999999999997 0.25699999999999995 0.6102000000000001
-3587.798661044211 0.13279999999999997 0.27769999999999995 0.5895
-3571.46649017297 0.13279999999999997 0.29839999999999994 0.5688
-3555.0118145938222 0.13279999999999997 0.31909999999999994 0.5481
-3539.7417982733277 0.13279999999999997 0.33979999999999994 0.5274000000000001
-3524.135007259396 0.13279999999999997 0.36049999999999993 0.5067
-3504.9754390669805 0.13279999999999997 0.38119999999999993 0.48600000000000004
-3484.3910757191734 0.13279999999999997 0.4018999999999999 0.46530000000000005
-3466.2222058009784 0.13279999999999997 0.4225999999999999 0.44460000000000005
-3449.9966758765427 0.13279999999999997 0.4432999999999999 0.42390000000000005
-3429.900286946167 0.13279999999999997 0.4639999999999999 0.40320000000000006
-3411.806342296479 0.13279999999999997 0.4846999999999999 0.38250000000000006
-3392.6178830868603 0.13279999999999997 0.5054 0.3618
-3371.8349690225054 0.13279999999999997 0.5260999999999999 0.34110000000000007
-3352.742266046786 0.13279999999999997 0.5468 0.3204
-3332.888904803472 0.13279999999999997 0.5674999999999999 0.2997000000000001
-3313.409126639541 0.13279999999999997 0.5882 0.279
-3293.340679512035 0.13279999999999997 0.6089 0.2583
-3272.2159777988795 0.13279999999999997 0.6295999999999999 0.23760000000000003
-3249.5542680614717 0.13279999999999997 0.6502999999999999 0.2169000000000001
-3230.169419727105 0.13279999999999997 0.6709999999999999 0.19620000000000004
-3208.1575403813868 0.13279999999999997 0.6917 0.1755
-3187.177603549884 0.13279999999999997 0.7123999999999999 0.15480000000000005
-3163.683322425692 0.13279999999999997 0.7330999999999999 0.1341000000000001
-3141.605494608531 0.13279999999999997 0.7537999999999999 0.11340000000000006
-3118.1351781900253 0.13279999999999997 0.7745 0.0927
-3095.7736046085233 0.13279999999999997 0.7951999999999999 0.07200000000000006
-3073.3945690294995 0.13279999999999997 0.8158999999999998 0.05130000000000012
-3050.3553629108656 0.13279999999999997 0.8365999999999999 0.03060000000000007
-3830.8135571944017 0.15349999999999997 0.05 0.7965
-3819.427286630821 0.15349999999999997 0.0707 0.7758
-3810.336771923097 0.15349999999999997 0.0914 0.7551
-3791.775515332767 0.15349999999999997 0.11209999999999999 0.7344
-3780.9335747786677 0.15349999999999997 0.13279999999999997 0.7137
-3764.8699732486807 0.15349999999999997 0.15349999999999997 0.6930000000000001
-3748.7864592297296 0.15349999999999997 0.17419999999999997 0.6723000000000001
-3734.875991120514 0.15349999999999997 0.19489999999999996 0.6516000000000001
-3717.5453255139582 0.15349999999999997 0.21559999999999996 0.6309
-3699.90392147468 0.15349999999999997 0.23629999999999995 0.6102000000000001
-3687.569623504705 0.15349999999999997 0.25699999999999995 0.5895000000000001
-3669.7860119622496 0.15349999999999997 0.27769999999999995 0.5688000000000001
-3655.870603102402 0.15349999999999997 0.29839999999999994 0.5481
-3640.7869785047606 0.15349999999999997 0.31909999999999994 0.5274000000000001
-3622.3570628732687 0.15349999999999997 0.33979999999999994 0.5067000000000002
-3604.0434431117105 0.15349999999999997 0.36049999999999993 0.4860000000000001
-3587.3080778696603 0.15349999999999997 0.38119999999999993 0.4653000000000001
-3568.1326121210905 0.15349999999999997 0.4018999999999999 0.4446000000000001
-3553.3516441777087 0.15349999999999997 0.4225999999999999 0.4239000000000001
-3534.3257209471753 0.15349999999999997 0.4432999999999999 0.4032000000000001
-3514.385022998499 0.15349999999999997 0.4639999999999999 0.3825000000000001
-3495.5300357145757 0.15349999999999997 0.4846999999999999 0.3618000000000001
-3474.8478707851777 0.15349999999999997 0.5054 0.34110000000000007
-3455.7464068839163 0.15349999999999997 0.5260999999999999 0.32040000000000013
-3435.503188905125 0.15349999999999997 0.5468 0.2997000000000001
-3416.5002095933346 0.15349999999999997 0.5674999999999999 0.27900000000000014
-3396.978222403943 0.15349999999999997 0.5882 0.2583000000000001
-3375.2524656412393 0.15349999999999997 0.6089 0.23760000000000003
-3357.6202591960227 0.15349999999999997 0.6295999999999999 0.2169000000000001
-3334.50453322523 0.15349999999999997 0.6502999999999999 0.19620000000000015
-3313.9702619769273 0.15349999999999997 0.6709999999999999 0.1755000000000001
-3292.0215876290167 0.15349999999999997 0.6917 0.15480000000000005
-3268.5830025118053 0.15349999999999997 0.7123999999999999 0.1341000000000001
-3245.471790173013 0.15349999999999997 0.7330999999999999 0.11340000000000017
-3223.339334708433 0.15349999999999997 0.7537999999999999 0.09270000000000012
-3200.265417291256 0.15349999999999997 0.7745 0.07200000000000006
-3178.104089268822 0.15349999999999997 0.7951999999999999 0.05130000000000012
-3155.056380750627 0.15349999999999997 0.8158999999999998 0.030600000000000183
