-4803.112498451685 0.36049999999999993 0.05 0.5895
-4821.9815349516275 0.36049999999999993 0.0707 0.5688000000000001
-4840.76438424074 0.36049999999999993 0.0914 0.5481
-4857.172402601667 0.36049999999999993 0.11209999999999999 0.5274000000000001
-4873.179301956795 0.36049999999999993 0.13279999999999997 0.5067000000000002
-4887.540978300645 0.36049999999999993 0.15349999999999997 0.4860000000000001
-4898.331416019444 0.36049999999999993 0.17419999999999997 0.4653000000000001
-4902.965039108526 0.36049999999999993 0.19489999999999996 0.4446000000000001
-4900.518093058679 0.36049999999999993 0.21559999999999996 0.4239000000000001
-4896.039059550979 0.36049999999999993 0.23629999999999995 0.4032000000000001
-4889.81505752407 0.36049999999999993 0.25699999999999995 0.3825000000000001
-4881.044388983268 0.36049999999999993 0.27769999999999995 0.3618000000000001
-4872.791976902687 0.36049999999999993 0.29839999999999994 0.3411000000000001
-4864.103042537888 0.36049999999999993 0.31909999999999994 0.32040000000000013
-4853.504826669931 0.36049999999999993 0.33979999999999994 0.29970000000000013
-4839.045831886055 0.36049999999999993 0.36049999999999993 0.27900000000000014
-4822.343916745001 0.36049999999999993 0.38119999999999993 0.25830000000000014
-4803.075210075178 0.36049999999999993 0.4018999999999999 0.23760000000000014
-4781.755942854457 0.36049999999999993 0.4225999999999999 0.21690000000000015
-4756.057146989409 0.36049999999999993 0.4432999999999999 0.19620000000000015
-4732.168244727039 0.36049999999999993 0.4639999999999999 0.17550000000000016
-4704.646147548222 0.36049999999999993 0.4846999999999999 0.15480000000000016
-4673.25101762453 0.36049999999999993 0.5054 0.1341000000000001
-4640.502419603386 0.36049999999999993 0.5260999999999999 0.11340000000000017
-4604.874340820147 0.36049999999999993 0.5468 0.09270000000000012
-4568.160448874619 0.36049999999999993 0.5674999999999999 0.07200000000000017
-4528.067027362828 0.36049999999999993 0.5882 0.05130000000000012
-4486.689439811127 0.36049999999999993 0.6089 0.03060000000000007
-4889.390016514227 0.38119999999999993 0.05 0.5688
-4907.149243385433 0.38119999999999993 0.0707 0.5481
-4926.61459061584 0.38119999999999993 0.0914 0.5274
-4943.052293127223 0.38119999999999993 0.11209999999999999 0.5067
-4958.679384570383 0.38119999999999993 0.13279999999999997 0.48600000000000004
-4971.630441095554 0.38119999999999993 0.15349999999999997 0.46530000000000005
-4981.901817448129 0.38119999999999993 0.17419999999999997 0.44460000000000005
-4983.318449801013 0.38119999999999993 0.19489999999999996 0.42390000000000005
-4981.518955914987 0.38119999999999993 0.21559999999999996 0.40320000000000006
-4975.353692324414 0.38119999999999993 0.23629999999999995 0.38250000000000006
-4967.35484107726 0.38119999999999993 0.25699999999999995 0.36180000000000007
-4961.061037079321 0.38119999999999993 0.27769999999999995 0.34110000000000007
-4950.409074831743 0.38119999999999993 0.29839999999999994 0.3204000000000001
-4943.062491755626 0.38119999999999993 0.31909999999999994 0.2997000000000001
-4928.647771843087 0.38119999999999993 0.33979999999999994 0.2790000000000001
-4913.5744153091255 0.38119999999999993 0.36049999999999993 0.2583000000000001
-4898.931050746399 0.38119999999999993 0.38119999999999993 0.2376000000000001
-4875.472136807423 0.38119999999999993 0.4018999999999999 0.2169000000000001
-4852.526339678263 0.38119999999999993 0.4225999999999999 0.1962000000000001
-4829.785698849101 0.38119999999999993 0.4432999999999999 0.1755000000000001
-4801.895771546059 0.38119999999999993 0.4639999999999999 0.1548000000000001
-4773.240671436503 0.38119999999999993 0.4846999999999999 0.1341000000000001
-4739.748508387054 0.38119999999999993 0.5054 0.11340000000000006
-4706.359296428414 0.38119999999999993 0.5260999999999999 0.09270000000000012
-4670.603491475191 0.38119999999999993 0.5468 0.07200000000000006
-4633.135388764253 0.38119999999999993 0.5674999999999999 0.05130000000000012
-4592.740861710525 0.38119999999999993 0.5882 0.03060000000000007
-4978.117682622026 0.4018999999999999 0.05 0.5481
-4995.639105638952 0.4018999999999999 0.0707 0.5274000000000001
-5014.180206025713 0.4018999999999999 0.0914 0.5067
-5030.156092527295 0.4018999999999999 0.11209999999999999 0.4860000000000001
-5045.365175242512 0.4018999999999999 0.13279999999999997 0.4653000000000001
-5057.960456892691 0.4018999999999999 0.15349999999999997 0.4446000000000001
-5064.408834519944 0.4018999999999999 0.17419999999999997 0.4239000000000001
-5065.19215129017 0.4018999999999999 0.19489999999999996 0.4032000000000001
-5062.398729240261 0.4018999999999999 0.21559999999999996 0.3825000000000001
-5053.032916302334 0.4018999999999999 0.23629999999999995 0.3618000000000001
-5046.863500348078 0.4018999999999999 0.25699999999999995 0.3411000000000001
-5038.365753396325 0.4018999999999999 0.27769999999999995 0.32040000000000013
-5027.93768640252 0.4018999999999999 0.29839999999999994 0.29970000000000013
-5017.328032813398 0.4018999999999999 0.31909999999999994 0.27900000000000014
-5003.710593762316 0.4018999999999999 0.33979999999999994 0.25830000000000014
-4988.915098548696 0.4018999999999999 0.36049999999999993 0.23760000000000014
-4970.400315825756 0.4018999999999999 0.38119999999999993 0.21690000000000015
-4948.256885631355 0.4018999999999999 0.4018999999999999 0.19620000000000015
-4926.630776389939 0.4018999999999999 0.4225999999999999 0.17550000000000016
-4902.457954080042 0.4018999999999999 0.4432999999999999 0.15480000000000016
-4874.071354532822 0.4018999999999999 0.4639999999999999 0.13410000000000016
-4844.405113758156 0.4018999999999999 0.4846999999999999 0.11340000000000017
-4811.658447863089 0.4018999999999999 0.5054 0.09270000000000012
-4777.236746420768 0.4018999999999999 0.5260999999999999 0.07200000000000017
-4741.222501699313 0.4018999999999999 0.5468 0.05130000000000012
-4700.883075165374 0.4018999999999999 0.5674999999999999 0.030600000000000183
