-6607.667891028364 0.7951999999999999 0.05 0.1548000000000001
-6614.2985990500765 0.7951999999999999 0.0707 0.1341000000000001
-6607.618569619459 0.7951999999999999 0.0914 0.1134000000000001
-6600.20206762297 0.7951999999999999 0.11209999999999999 0.0927000000000001
-6587.329734300765 0.7951999999999999 0.13279999999999997 0.07200000000000012
-6574.559557134833 0.7951999999999999 0.15349999999999997 0.05130000000000012
-6562.904051269482 0.7951999999999999 0.17419999999999997 0.030600000000000127
-6692.867329385762 0.8158999999999998 0.05 0.13410000000000016
-6695.300444713283 0.8158999999999998 0.0707 0.11340000000000015
-6687.497804645092 0.8158999999999998 0.0914 0.09270000000000016
-6677.390822399424 0.8158999999999998 0.11209999999999999 0.07200000000000016
-6663.136064941792 0.8158999999999998 0.13279999999999997 0.05130000000000018
-6651.6514518964605 0.8158999999999998 0.15349999999999997 0.030600000000000183
-6776.392279167934 0.8365999999999999 0.05 0.1134000000000001
-6776.630586568453 0.8365999999999999 0.0707 0.0927000000000001
-6765.521351727825 0.8365999999999999 0.0914 0.0720000000000001
-6754.266575638904 0.8365999999999999 0.11209999999999999 0.05130000000000011
-6740.951870625471 0.8365999999999999 0.13279999999999997 0.030600000000000127
