-5584.776318940722 0.5468 0.05 0.40320000000000006
-5600.229734146867 0.5468 0.0707 0.38250000000000006
-5612.982228953259 0.5468 0.0914 0.36180000000000007
-5628.169160762355 0.5468 0.11209999999999999 0.34110000000000007
-5633.696879033154 0.5468 0.13279999999999997 0.3204000000000001
-5635.811928215841 0.5468 0.15349999999999997 0.2997000000000001
-5632.448307813684 0.5468 0.17419999999999997 0.2790000000000001
-5622.955794853557 0.5468 0.19489999999999996 0.2583000000000001
-5615.880531097275 0.5468 0.21559999999999996 0.2376000000000001
-5601.588275922258 0.5468 0.23629999999999995 0.2169000000000001
-5592.22220469139 0.5468 0.25699999999999995 0.1962000000000001
-5578.205276181695 0.5468 0.27769999999999995 0.1755000000000001
-5563.32812069705 0.5468 0.29839999999999994 0.1548000000000001
-5547.483672991101 0.5468 0.31909999999999994 0.1341000000000001
-5527.2172153512465 0.5468 0.33979999999999994 0.11340000000000011
-5507.5271164375245 0.5468 0.36049999999999993 0.09270000000000012
-5482.577699180947 0.5468 0.38119999999999993 0.07200000000000012
-5455.43170557008 0.5468 0.4018999999999999 0.05130000000000012
-5427.61676653481 0.5468 0.4225999999999999 0.030600000000000127
-5669.534672183137 0.5674999999999999 0.05 0.3825000000000001
-5684.87462240953 0.5674999999999999 0.0707 0.3618000000000001
-5698.738040380092 0.5674999999999999 0.0914 0.3411000000000001
-5711.740509368872 0.5674999999999999 0.11209999999999999 0.32040000000000013
-5716.541103775014 0.5674999999999999 0.13279999999999997 0.29970000000000013
-5715.2047926818705 0.5674999999999999 0.15349999999999997 0.27900000000000014
-5710.456786918019 0.5674999999999999 0.17419999999999997 0.25830000000000014
-5703.646799120108 0.5674999999999999 0.19489999999999996 0.23760000000000014
-5692.68464644326 0.5674999999999999 0.21559999999999996 0.21690000000000015
-5680.003138440064 0.5674999999999999 0.23629999999999995 0.19620000000000015
-5667.882240800771 0.5674999999999999 0.25699999999999995 0.17550000000000016
-5655.762663678124 0.5674999999999999 0.27769999999999995 0.15480000000000016
-5640.202824103425 0.5674999999999999 0.29839999999999994 0.13410000000000016
-5621.555001687329 0.5674999999999999 0.31909999999999994 0.11340000000000017
-5603.128883596191 0.5674999999999999 0.33979999999999994 0.09270000000000017
-5578.607991704143 0.5674999999999999 0.36049999999999993 0.07200000000000017
-5554.375821226775 0.5674999999999999 0.38119999999999993 0.05130000000000018
-5527.611603617742 0.5674999999999999 0.4018999999999999 0.030600000000000183
-5754.86519927555 0.5882 0.05 0.36180000000000007
-5771.7552060529515 0.5882 0.0707 0.34110000000000007
-5783.99136727323 0.5882 0.0914 0.3204000000000001
-5795.848888760951 0.5882 0.11209999999999999 0.2997000000000001
-5797.50862246815 0.5882 0.13279999999999997 0.2790000000000001
-5795.290527430762 0.5882 0.15349999999999997 0.2583000000000001
-5790.064883026686 0.5882 0.17419999999999997 0.2376000000000001
-5780.622494548485 0.5882 0.19489999999999996 0.2169000000000001
-5770.943778452445 0.5882 0.21559999999999996 0.1962000000000001
-5756.496407396016 0.5882 0.23629999999999995 0.1755000000000001
-5743.136768434522 0.5882 0.25699999999999995 0.1548000000000001
-5734.029538003996 0.5882 0.27769999999999995 0.1341000000000001
-5715.733209598363 0.5882 0.29839999999999994 0.11340000000000011
-5698.450178869712 0.5882 0.31909999999999994 0.09270000000000012
-5675.85955211564 0.5882 0.33979999999999994 0.07200000000000012
-5651.421479005397 0.5882 0.36049999999999993 0.05130000000000012
-5628.681126022616 0.5882 0.38119999999999993 0.030600000000000127
