-3910.5706980724763 0.17419999999999997 0.05 0.7758
-3915.3961078199186 0.17419999999999997 0.0707 0.7551000000000001
-3948.4740147597254 0.17419999999999997 0.0914 0.7344
-3949.977005987267 0.17419999999999997 0.11209999999999999 0.7137000000000001
-3952.0634754961366 0.17419999999999997 0.13279999999999997 0.6930000000000001
-3955.5400484677125 0.17419999999999997 0.15349999999999997 0.6723000000000001
-3956.859487429987 0.17419999999999997 0.17419999999999997 0.6516000000000002
-3954.8581701554053 0.17419999999999997 0.19489999999999996 0.6309000000000001
-3952.8784419914873 0.17419999999999997 0.21559999999999996 0.6102000000000001
-3945.984064614125 0.17419999999999997 0.23629999999999995 0.5895000000000001
-3916.8487429000847 0.17419999999999997 0.25699999999999995 0.5688000000000002
-3893.2556778268486 0.17419999999999997 0.27769999999999995 0.5481000000000001
-3873.7003775269823 0.17419999999999997 0.29839999999999994 0.5274000000000001
-3844.7324786735267 0.17419999999999997 0.31909999999999994 0.5067000000000002
-3818.4448024286608 0.17419999999999997 0.33979999999999994 0.48600000000000015
-3789.5205853477714 0.17419999999999997 0.36049999999999993 0.46530000000000016
-3768.3177755905217 0.17419999999999997 0.38119999999999993 0.44460000000000016
-3742.9196923911163 0.17419999999999997 0.4018999999999999 0.42390000000000017
-3718.4727620480908 0.17419999999999997 0.4225999999999999 0.40320000000000017
-3694.8435773199435 0.17419999999999997 0.4432999999999999 0.3825000000000002
-3668.350780979856 0.17419999999999997 0.4639999999999999 0.3618000000000002
-3638.28852413378 0.17419999999999997 0.4846999999999999 0.3411000000000002
-3613.8677614476533 0.17419999999999997 0.5054 0.32040000000000013
-3582.111406505275 0.17419999999999997 0.5260999999999999 0.2997000000000002
-3557.9204140058173 0.17419999999999997 0.5468 0.27900000000000014
-3533.9266090311753 0.17419999999999997 0.5674999999999999 0.2583000000000002
-3503.8060771077635 0.17419999999999997 0.5882 0.23760000000000014
-3474.147516708678 0.17419999999999997 0.6089 0.2169000000000001
-3448.9685183397955 0.17419999999999997 0.6295999999999999 0.19620000000000015
-3420.7182375649195 0.17419999999999997 0.6502999999999999 0.1755000000000002
-3398.1612099770336 0.17419999999999997 0.6709999999999999 0.15480000000000016
-3366.3847093306445 0.17419999999999997 0.6917 0.1341000000000001
-3345.118051816265 0.17419999999999997 0.7123999999999999 0.11340000000000017
-3312.5810127045766 0.17419999999999997 0.7330999999999999 0.09270000000000023
-3284.324608171603 0.17419999999999997 0.7537999999999999 0.07200000000000017
-3250.2587557240463 0.17419999999999997 0.7745 0.05130000000000012
-3223.2439913302355 0.17419999999999997 0.7951999999999999 0.030600000000000183
-4023.380564604868 0.19489999999999996 0.05 0.7551
-4025.4691909951657 0.19489999999999996 0.0707 0.7344
-4011.0882633914375 0.19489999999999996 0.0914 0.7137
-4028.148944679707 0.19489999999999996 0.11209999999999999 0.6930000000000001
-4029.691925226442 0.19489999999999996 0.13279999999999997 0.6723000000000001
-4033.130261521168 0.19489999999999996 0.15349999999999997 0.6516000000000001
-4032.4143899270525 0.19489999999999996 0.17419999999999997 0.6309
-4028.4993376096195 0.19489999999999996 0.19489999999999996 0.6102000000000001
-4026.5984452423895 0.19489999999999996 0.21559999999999996 0.5895000000000001
-4013.5780688537207 0.19489999999999996 0.23629999999999995 0.5688000000000001
-3989.6980258853037 0.19489999999999996 0.25699999999999995 0.5481
-3963.9341687602773 0.19489999999999996 0.27769999999999995 0.5274000000000001
-3938.5525497043295 0.19489999999999996 0.29839999999999994 0.5067000000000002
-3911.8841317155793 0.19489999999999996 0.31909999999999994 0.4860000000000001
-3888.8851728836726 0.19489999999999996 0.33979999999999994 0.4653000000000001
-3863.489777498267 0.19489999999999996 0.36049999999999993 0.4446000000000001
-3836.2181946347064 0.19489999999999996 0.38119999999999993 0.4239000000000001
-3814.8159073895754 0.19489999999999996 0.4018999999999999 0.4032000000000001
-3783.27103873638 0.19489999999999996 0.4225999999999999 0.3825000000000001
-3763.581058598419 0.19489999999999996 0.4432999999999999 0.3618000000000001
-3734.0867601955765 0.19489999999999996 0.4639999999999999 0.3411000000000001
-3708.2092856430813 0.19489999999999996 0.4846999999999999 0.32040000000000013
-3686.155977423607 0.19489999999999996 0.5054 0.2997000000000001
-3656.7159484432714 0.19489999999999996 0.5260999999999999 0.27900000000000014
-3628.029911439563 0.19489999999999996 0.5468 0.2583000000000001
-3600.4464556652892 0.19489999999999996 0.5674999999999999 0.23760000000000014
-3574.653986107724 0.19489999999999996 0.5882 0.2169000000000001
-3551.603591019505 0.19489999999999996 0.6089 0.19620000000000004
-3519.262605196346 0.19489999999999996 0.6295999999999999 0.1755000000000001
-3493.965645868601 0.19489999999999996 0.6502999999999999 0.15480000000000016
-3463.8877015591097 0.19489999999999996 0.6709999999999999 0.1341000000000001
-3438.9809236483006 0.19489999999999996 0.6917 0.11340000000000006
-3409.2019188968284 0.19489999999999996 0.7123999999999999 0.09270000000000012
-3380.4224954020365 0.19489999999999996 0.7330999999999999 0.07200000000000017
-3351.5853761239437 0.19489999999999996 0.7537999999999999 0.05130000000000012
-3327.4926040369755 0.19489999999999996 0.7745 0.03060000000000007
-4034.266657027313 0.21559999999999996 0.05 0.7343999999999999
-4107.949448809162 0.21559999999999996 0.0707 0.7137
-4113.913049217426 0.21559999999999996 0.0914 0.693
-4112.7453287494345 0.21559999999999996 0.11209999999999999 0.6723
-4118.130254119616 0.21559999999999996 0.13279999999999997 0.6516
-4121.294719633058 0.21559999999999996 0.15349999999999997 0.6309
-4116.338704014124 0.21559999999999996 0.17419999999999997 0.6102000000000001
-4114.132789904504 0.21559999999999996 0.19489999999999996 0.5895
-4115.542997297301 0.21559999999999996 0.21559999999999996 0.5688
-4089.8684964757886 0.21559999999999996 0.23629999999999995 0.5481
-4071.82224518313 0.21559999999999996 0.25699999999999995 0.5274000000000001
-4039.4878197116714 0.21559999999999996 0.27769999999999995 0.5067
-4015.6666733454235 0.21559999999999996 0.29839999999999994 0.48600000000000004
-3992.3799565470413 0.21559999999999996 0.31909999999999994 0.46530000000000005
-3970.9401689732567 0.21559999999999996 0.33979999999999994 0.44460000000000005
-3936.6645184107715 0.21559999999999996 0.36049999999999993 0.42390000000000005
-3918.8274241354425 0.21559999999999996 0.38119999999999993 0.40320000000000006
-3888.551198935111 0.21559999999999996 0.4018999999999999 0.38250000000000006
-3866.77248734423 0.21559999999999996 0.4225999999999999 0.36180000000000007
-3835.465186647757 0.21559999999999996 0.4432999999999999 0.34110000000000007
-3807.7259874741917 0.21559999999999996 0.4639999999999999 0.3204000000000001
-3788.2465118125924 0.21559999999999996 0.4846999999999999 0.2997000000000001
-3758.4984497076043 0.21559999999999996 0.5054 0.279
-3734.514765213021 0.21559999999999996 0.5260999999999999 0.2583000000000001
-3708.9837366159027 0.21559999999999996 0.5468 0.23760000000000003
-3675.6729554186663 0.21559999999999996 0.5674999999999999 0.2169000000000001
-3647.3180690743175 0.21559999999999996 0.5882 0.19620000000000004
-3623.7981594305543 0.21559999999999996 0.6089 0.1755
-3596.4776773300987 0.21559999999999996 0.6295999999999999 0.15480000000000005
-3577.2173482258627 0.21559999999999996 0.6502999999999999 0.1341000000000001
-3539.6331646389963 0.21559999999999996 0.6709999999999999 0.11340000000000006
-3511.7033604407156 0.21559999999999996 0.6917 0.0927
-3482.6570687785083 0.21559999999999996 0.7123999999999999 0.07200000000000006
-3457.7342235454016 0.21559999999999996 0.7330999999999999 0.05130000000000012
-3432.687466335037 0.21559999999999996 0.7537999999999999 0.03060000000000007
