-4705.342407962 0.36049999999999993 0.05 0.5895
-4708.70504403852 0.36049999999999993 0.0707 0.5688000000000001
-4710.757617606218 0.36049999999999993 0.0914 0.5481
-4711.821315271684 0.36049999999999993 0.11209999999999999 0.5274000000000001
-4704.548601141641 0.36049999999999993 0.13279999999999997 0.5067000000000002
-4705.431235410465 0.36049999999999993 0.15349999999999997 0.4860000000000001
-4696.069448719746 0.36049999999999993 0.17419999999999997 0.4653000000000001
-4675.976282397068 0.36049999999999993 0.19489999999999996 0.4446000000000001
-4657.500367886746 0.36049999999999993 0.21559999999999996 0.4239000000000001
-4629.764217105956 0.36049999999999993 0.23629999999999995 0.4032000000000001
-4605.381275138491 0.36049999999999993 0.25699999999999995 0.3825000000000001
-4583.048593810703 0.36049999999999993 0.27769999999999995 0.3618000000000001
-4550.224892543516 0.36049999999999993 0.29839999999999994 0.3411000000000001
-4527.682665294747 0.36049999999999993 0.31909999999999994 0.32040000000000013
-4502.523010144684 0.36049999999999993 0.33979999999999994 0.29970000000000013
-4481.448433845278 0.36049999999999993 0.36049999999999993 0.27900000000000014
-4447.035167058274 0.36049999999999993 0.38119999999999993 0.25830000000000014
-4418.25300051836 0.36049999999999993 0.4018999999999999 0.23760000000000014
-4398.6862503823495 0.36049999999999993 0.4225999999999999 0.21690000000000015
-4368.18083808662 0.36049999999999993 0.4432999999999999 0.19620000000000015
-4345.225948633201 0.36049999999999993 0.4639999999999999 0.17550000000000016
-4315.6998213663455 0.36049999999999993 0.4846999999999999 0.15480000000000016
-4285.398314125153 0.36049999999999993 0.5054 0.1341000000000001
-4267.202841263681 0.36049999999999993 0.5260999999999999 0.11340000000000017
-4239.867396811378 0.36049999999999993 0.5468 0.09270000000000012
-4211.29081846922 0.36049999999999993 0.5674999999999999 0.07200000000000017
-4180.103066964345 0.36049999999999993 0.5882 0.05130000000000012
-4149.768111494926 0.36049999999999993 0.6089 0.03060000000000007
-4784.06314101712 0.38119999999999993 0.05 0.5688
-4783.341911627833 0.38119999999999993 0.0707 0.5481
-4789.517214580686 0.38119999999999993 0.0914 0.5274
-4783.510842306563 0.38119999999999993 0.11209999999999999 0.5067
-4779.677161527971 0.38119999999999993 0.13279999999999997 0.48600000000000004
-4773.388224927897 0.38119999999999993 0.15349999999999997 0.46530000000000005
-4769.261716093245 0.38119999999999993 0.17419999999999997 0.44460000000000005
-4744.145954527042 0.38119999999999993 0.19489999999999996 0.42390000000000005
-4727.380523877561 0.38119999999999993 0.21559999999999996 0.40320000000000006
-4694.326887275276 0.38119999999999993 0.23629999999999995 0.38250000000000006
-4673.657025816628 0.38119999999999993 0.25699999999999995 0.36180000000000007
-4648.830560268623 0.38119999999999993 0.27769999999999995 0.34110000000000007
-4623.1324423625 0.38119999999999993 0.29839999999999994 0.3204000000000001
-4604.161991487503 0.38119999999999993 0.31909999999999994 0.2997000000000001
-4576.665794951116 0.38119999999999993 0.33979999999999994 0.2790000000000001
-4547.733892396972 0.38119999999999993 0.36049999999999993 0.2583000000000001
-4525.703225513198 0.38119999999999993 0.38119999999999993 0.2376000000000001
-4495.834105110615 0.38119999999999993 0.4018999999999999 0.2169000000000001
-4463.503082199772 0.38119999999999993 0.4225999999999999 0.1962000000000001
-4445.474948113662 0.38119999999999993 0.4432999999999999 0.1755000000000001
-4412.563216789536 0.38119999999999993 0.4639999999999999 0.1548000000000001
-4388.114111917903 0.38119999999999993 0.4846999999999999 0.1341000000000001
-4363.745845146844 0.38119999999999993 0.5054 0.11340000000000006
-4333.548272670765 0.38119999999999993 0.5260999999999999 0.09270000000000012
-4318.638844657728 0.38119999999999993 0.5468 0.07200000000000006
-4277.239588874146 0.38119999999999993 0.5674999999999999 0.05130000000000012
-4248.933873769851 0.38119999999999993 0.5882 0.03060000000000007
-4880.100891275473 0.4018999999999999 0.05 0.5481
-4874.47941274345 0.4018999999999999 0.0707 0.5274000000000001
-4881.171159928456 0.4018999999999999 0.0914 0.5067
-4871.850780057744 0.4018999999999999 0.11209999999999999 0.4860000000000001
-4872.593218292633 0.4018999999999999 0.13279999999999997 0.4653000000000001
-4864.404404822594 0.4018999999999999 0.15349999999999997 0.4446000000000001
-4856.059385470987 0.4018999999999999 0.17419999999999997 0.4239000000000001
-4830.4207192592385 0.4018999999999999 0.19489999999999996 0.4032000000000001
-4810.689246887303 0.4018999999999999 0.21559999999999996 0.3825000000000001
-4787.658924910609 0.4018999999999999 0.23629999999999995 0.3618000000000001
-4756.302226741991 0.4018999999999999 0.25699999999999995 0.3411000000000001
-4734.809668578144 0.4018999999999999 0.27769999999999995 0.32040000000000013
-4708.957519336815 0.4018999999999999 0.29839999999999994 0.29970000000000013
-4677.703247157204 0.4018999999999999 0.31909999999999994 0.27900000000000014
-4658.894045728445 0.4018999999999999 0.33979999999999994 0.25830000000000014
-4632.726171402252 0.4018999999999999 0.36049999999999993 0.23760000000000014
-4600.715831206269 0.4018999999999999 0.38119999999999993 0.21690000000000015
-4583.282996707898 0.4018999999999999 0.4018999999999999 0.19620000000000015
-4556.663390347726 0.4018999999999999 0.4225999999999999 0.17550000000000016
-4525.103269592427 0.4018999999999999 0.4432999999999999 0.15480000000000016
-4495.120092055306 0.4018999999999999 0.4639999999999999 0.13410000000000016
-4482.660993806016 0.4018999999999999 0.4846999999999999 0.11340000000000017
-4444.631443007967 0.4018999999999999 0.5054 0.09270000000000012
-4417.991391018212 0.4018999999999999 0.5260999999999999 0.07200000000000017
-4398.049062039145 0.4018999999999999 0.5468 0.05130000000000012
-4359.5703376111605 0.4018999999999999 0.5674999999999999 0.030600000000000183
