-6001.6438329776665 0.6709999999999999 0.05 0.2790000000000001
-5988.808303917009 0.6709999999999999 0.0707 0.2583000000000001
-5983.741800622665 0.6709999999999999 0.0914 0.2376000000000001
-5964.0591313684 0.6709999999999999 0.11209999999999999 0.2169000000000001
-5933.680426719283 0.6709999999999999 0.13279999999999997 0.1962000000000001
-5909.340885408238 0.6709999999999999 0.15349999999999997 0.1755000000000001
-5877.921166451441 0.6709999999999999 0.17419999999999997 0.1548000000000001
-5858.926066791046 0.6709999999999999 0.19489999999999996 0.1341000000000001
-5838.600479649715 0.6709999999999999 0.21559999999999996 0.11340000000000011
-5808.791894425241 0.6709999999999999 0.23629999999999995 0.09270000000000012
-5781.419482430279 0.6709999999999999 0.25699999999999995 0.07200000000000012
-5763.0562486146955 0.6709999999999999 0.27769999999999995 0.05130000000000012
-5725.959157127678 0.6709999999999999 0.29839999999999994 0.030600000000000127
-6080.743797731243 0.6917 0.05 0.25830000000000003
-6084.277495508878 0.6917 0.0707 0.23760000000000003
-6068.771003215225 0.6917 0.0914 0.21690000000000004
-6040.45877107056 0.6917 0.11209999999999999 0.19620000000000004
-6013.740411085048 0.6917 0.13279999999999997 0.17550000000000004
-5991.937555695664 0.6917 0.15349999999999997 0.15480000000000005
-5969.195852034777 0.6917 0.17419999999999997 0.13410000000000005
-5940.827587985616 0.6917 0.19489999999999996 0.11340000000000006
-5910.849354586823 0.6917 0.21559999999999996 0.09270000000000006
-5890.039988562007 0.6917 0.23629999999999995 0.07200000000000006
-5862.983313072472 0.6917 0.25699999999999995 0.05130000000000007
-5841.525557020526 0.6917 0.27769999999999995 0.03060000000000007
-6183.853467573081 0.7123999999999999 0.05 0.2376000000000001
-6176.376321388364 0.7123999999999999 0.0707 0.2169000000000001
-6149.882299347666 0.7123999999999999 0.0914 0.1962000000000001
-6129.381166257618 0.7123999999999999 0.11209999999999999 0.1755000000000001
-6109.901762244961 0.7123999999999999 0.13279999999999997 0.1548000000000001
-6074.053109549263 0.7123999999999999 0.15349999999999997 0.1341000000000001
-6060.390374055048 0.7123999999999999 0.17419999999999997 0.11340000000000011
-6034.442472845253 0.7123999999999999 0.19489999999999996 0.09270000000000012
-5996.940643563935 0.7123999999999999 0.21559999999999996 0.07200000000000012
-5978.594489399573 0.7123999999999999 0.23629999999999995 0.05130000000000012
-5941.270146827533 0.7123999999999999 0.25699999999999995 0.030600000000000127
