-5485.774683844769 0.5468 0.05 0.40320000000000006
-5480.1143541512 0.5468 0.0707 0.38250000000000006
-5471.056304219297 0.5468 0.0914 0.36180000000000007
-5471.118721020938 0.5468 0.11209999999999999 0.34110000000000007
-5452.7326615094025 0.5468 0.13279999999999997 0.3204000000000001
-5430.939816524866 0.5468 0.15349999999999997 0.2997000000000001
-5403.742544912859 0.5468 0.17419999999999997 0.2790000000000001
-5378.503761217856 0.5468 0.19489999999999996 0.2583000000000001
-5355.350080161146 0.5468 0.21559999999999996 0.2376000000000001
-5330.67140034075 0.5468 0.23629999999999995 0.2169000000000001
-5307.873516234016 0.5468 0.25699999999999995 0.1962000000000001
-5281.653317353271 0.5468 0.27769999999999995 0.1755000000000001
-5245.057447650617 0.5468 0.29839999999999994 0.1548000000000001
-5230.523461257101 0.5468 0.31909999999999994 0.1341000000000001
-5186.766751611744 0.5468 0.33979999999999994 0.11340000000000011
-5171.893766018406 0.5468 0.36049999999999993 0.09270000000000012
-5148.743610008007 0.5468 0.38119999999999993 0.07200000000000012
-5119.6086366050895 0.5468 0.4018999999999999 0.05130000000000012
-5086.701286625191 0.5468 0.4225999999999999 0.030600000000000127
-5569.769183144753 0.5674999999999999 0.05 0.3825000000000001
-5564.962389444669 0.5674999999999999 0.0707 0.3618000000000001
-5554.591926261157 0.5674999999999999 0.0914 0.3411000000000001
-5555.27801190137 0.5674999999999999 0.11209999999999999 0.32040000000000013
-5533.31306080462 0.5674999999999999 0.13279999999999997 0.29970000000000013
-5509.908545361497 0.5674999999999999 0.15349999999999997 0.27900000000000014
-5481.648730951877 0.5674999999999999 0.17419999999999997 0.25830000000000014
-5464.898968706758 0.5674999999999999 0.19489999999999996 0.23760000000000014
-5434.847314134956 0.5674999999999999 0.21559999999999996 0.21690000000000015
-5406.783048165422 0.5674999999999999 0.23629999999999995 0.19620000000000015
-5377.7873280370795 0.5674999999999999 0.25699999999999995 0.17550000000000016
-5359.422580367535 0.5674999999999999 0.27769999999999995 0.15480000000000016
-5331.201248157374 0.5674999999999999 0.29839999999999994 0.13410000000000016
-5306.925711330786 0.5674999999999999 0.31909999999999994 0.11340000000000017
-5277.594513408295 0.5674999999999999 0.33979999999999994 0.09270000000000017
-5248.60439513042 0.5674999999999999 0.36049999999999993 0.07200000000000017
-5226.484134677815 0.5674999999999999 0.38119999999999993 0.05130000000000018
-5193.531465807997 0.5674999999999999 0.4018999999999999 0.030600000000000183
-5664.252226656229 0.5882 0.05 0.36180000000000007
-5662.771030171653 0.5882 0.0707 0.34110000000000007
-5653.247028867279 0.5882 0.0914 0.3204000000000001
-5644.848087255081 0.5882 0.11209999999999999 0.2997000000000001
-5623.443400127238 0.5882 0.13279999999999997 0.2790000000000001
-5590.904048808019 0.5882 0.15349999999999997 0.2583000000000001
-5569.294548840551 0.5882 0.17419999999999997 0.2376000000000001
-5545.546996300925 0.5882 0.19489999999999996 0.2169000000000001
-5521.676093884064 0.5882 0.21559999999999996 0.1962000000000001
-5496.878976496505 0.5882 0.23629999999999995 0.1755000000000001
-5465.872581276089 0.5882 0.25699999999999995 0.1548000000000001
-5445.247174285573 0.5882 0.27769999999999995 0.1341000000000001
-5412.8031328001 0.5882 0.29839999999999994 0.11340000000000011
-5396.042983687651 0.5882 0.31909999999999994 0.09270000000000012
-5366.706047100266 0.5882 0.33979999999999994 0.07200000000000012
-5338.100377955702 0.5882 0.36049999999999993 0.05130000000000012
-5308.278974796391 0.5882 0.38119999999999993 0.030600000000000127
