-6359.25162047194 0.7330999999999999 0.05 0.21690000000000015
-6371.524497809174 0.7330999999999999 0.0707 0.19620000000000015
-6373.471253405031 0.7330999999999999 0.0914 0.17550000000000016
-6369.095356273923 0.7330999999999999 0.11209999999999999 0.15480000000000016
-6360.506976741054 0.7330999999999999 0.13279999999999997 0.13410000000000016
-6347.927638269289 0.7330999999999999 0.15349999999999997 0.11340000000000017
-6338.858977615613 0.7330999999999999 0.17419999999999997 0.09270000000000017
-6323.353235445423 0.7330999999999999 0.19489999999999996 0.07200000000000017
-6309.85270697816 0.7330999999999999 0.21559999999999996 0.05130000000000018
-6295.483556319373 0.7330999999999999 0.23629999999999995 0.030600000000000183
-6444.662289498657 0.7537999999999999 0.05 0.1962000000000001
-6454.980294492412 0.7537999999999999 0.0707 0.1755000000000001
-6453.777267406669 0.7537999999999999 0.0914 0.1548000000000001
-6449.432467553169 0.7537999999999999 0.11209999999999999 0.1341000000000001
-6437.1110062709695 0.7537999999999999 0.13279999999999997 0.11340000000000011
-6427.059039454431 0.7537999999999999 0.15349999999999997 0.09270000000000012
-6415.714295584541 0.7537999999999999 0.17419999999999997 0.07200000000000012
-6398.308358028769 0.7537999999999999 0.19489999999999996 0.05130000000000012
-6386.742368559941 0.7537999999999999 0.21559999999999996 0.030600000000000127
-6529.387877730433 0.7745 0.05 0.17550000000000004
-6536.9064496252295 0.7745 0.0707 0.15480000000000005
-6535.374532298374 0.7745 0.0914 0.13410000000000005
-6526.659183476556 0.7745 0.11209999999999999 0.11340000000000004
-6515.411418381387 0.7745 0.13279999999999997 0.09270000000000006
-6503.506880135382 0.7745 0.15349999999999997 0.07200000000000006
-6490.332177268093 0.7745 0.17419999999999997 0.05130000000000007
-6475.546862716704 0.7745 0.19489999999999996 0.03060000000000007
