-3478.917922148466 0.05 0.05 0.8999999999999999
-3501.243911433469 0.05 0.0707 0.8793
-3522.1730128027343 0.05 0.0914 0.8585999999999999
-3542.9570391163265 0.05 0.11209999999999999 0.8379
-3563.7298449340465 0.05 0.13279999999999997 0.8171999999999999
-3584.433002308571 0.05 0.15349999999999997 0.7965
-3604.7041607618776 0.05 0.17419999999999997 0.7758
-3625.393901753699 0.05 0.19489999999999996 0.7551
-3645.892518546425 0.05 0.21559999999999996 0.7343999999999999
-3665.1576230562546 0.05 0.23629999999999995 0.7137
-3681.1790486604687 0.05 0.25699999999999995 0.6930000000000001
-3687.301130824345 0.05 0.27769999999999995 0.6723
-3689.816172865543 0.05 0.29839999999999994 0.6516
-3688.724948424177 0.05 0.31909999999999994 0.6309
-3689.0358977744872 0.05 0.33979999999999994 0.6102000000000001
-3689.1101836497664 0.05 0.36049999999999993 0.5895
-3685.1910204891174 0.05 0.38119999999999993 0.5688
-3677.806754862889 0.05 0.4018999999999999 0.5481
-3663.6823257404712 0.05 0.4225999999999999 0.5274000000000001
-3648.379118352813 0.05 0.4432999999999999 0.5067
-3633.1866512602714 0.05 0.4639999999999999 0.48600000000000004
-3616.4927401573264 0.05 0.4846999999999999 0.46530000000000005
-3598.360526938101 0.05 0.5054 0.4446
-3582.0996240246923 0.05 0.5260999999999999 0.42390000000000005
-3561.0680060343966 0.05 0.5468 0.4032
-3541.3854472607936 0.05 0.5674999999999999 0.38250000000000006
-3516.1629413440687 0.05 0.5882 0.3618
-3486.3805999327255 0.05 0.6089 0.34109999999999996
-3452.5485926211372 0.05 0.6295999999999999 0.3204
-3416.133987706335 0.05 0.6502999999999999 0.2997000000000001
-3382.841942409806 0.05 0.6709999999999999 0.279
-3347.0034715535435 0.05 0.6917 0.2583
-3301.5423763494264 0.05 0.7123999999999999 0.23760000000000003
-3250.8475490567967 0.05 0.7330999999999999 0.2169000000000001
-3196.064553630798 0.05 0.7537999999999999 0.19620000000000004
-3140.3629543904544 0.05 0.7745 0.1755
-3083.7788507616806 0.05 0.7951999999999999 0.15480000000000005
-3024.9436275080097 0.05 0.8158999999999998 0.1341000000000001
-2966.90606054521 0.05 0.8365999999999999 0.11340000000000006
-2907.2828066629204 0.05 0.8573 0.0927
-2848.401322139078 0.05 0.8779999999999999 0.07200000000000006
-2789.4311997457894 0.05 0.8986999999999998 0.05130000000000012
-2728.6541571166954 0.05 0.9193999999999999 0.03060000000000007
-3568.654795096763 0.0707 0.05 0.8793
-3588.9914860941453 0.0707 0.0707 0.8586
-3611.0311294070016 0.0707 0.0914 0.8379
-3631.4956986394204 0.0707 0.11209999999999999 0.8172
-3652.550238154691 0.0707 0.13279999999999997 0.7965
-3672.27316751435 0.0707 0.15349999999999997 0.7758
-3693.715265474673 0.0707 0.17419999999999997 0.7551000000000001
-3712.7952809011213 0.0707 0.19489999999999996 0.7344
-3732.358708388437 0.0707 0.21559999999999996 0.7137
-3750.0711588276786 0.0707 0.23629999999999995 0.6930000000000001
-3763.213649467552 0.0707 0.25699999999999995 0.6723000000000001
-3768.3846587411117 0.0707 0.27769999999999995 0.6516000000000001
-3769.211775229418 0.0707 0.29839999999999994 0.6309
-3768.6495003718273 0.0707 0.31909999999999994 0.6102000000000001
-3769.524406523515 0.0707 0.33979999999999994 0.5895000000000001
-3766.964284333384 0.0707 0.36049999999999993 0.5688000000000001
-3763.550330068647 0.0707 0.38119999999999993 0.5481
-3754.7203268646103 0.0707 0.4018999999999999 0.5274000000000001
-3740.194501846654 0.0707 0.4225999999999999 0.5067000000000002
-3723.8344241728146 0.0707 0.4432999999999999 0.4860000000000001
-3708.014205534605 0.0707 0.4639999999999999 0.4653000000000001
-3690.6851640219015 0.0707 0.4846999999999999 0.4446000000000001
-3673.5542521058915 0.0707 0.5054 0.42390000000000005
-3654.8938267995127 0.0707 0.5260999999999999 0.4032000000000001
-3635.612686667197 0.0707 0.5468 0.38250000000000006
-3613.8782003762913 0.0707 0.5674999999999999 0.3618000000000001
-3585.3235620539276 0.0707 0.5882 0.34110000000000007
-3552.4420784646536 0.0707 0.6089 0.3204
-3518.7753009851986 0.0707 0.6295999999999999 0.2997000000000001
-3485.024043805409 0.0707 0.6502999999999999 0.27900000000000014
-3450.649870792751 0.0707 0.6709999999999999 0.2583000000000001
-3410.032563688085 0.0707 0.6917 0.23760000000000003
-3364.079195049863 0.0707 0.7123999999999999 0.2169000000000001
-3312.5494161616016 0.0707 0.7330999999999999 0.19620000000000015
-3257.963778998838 0.0707 0.7537999999999999 0.1755000000000001
-3202.5760563050135 0.0707 0.7745 0.15480000000000005
-3144.1421048204265 0.0707 0.7951999999999999 0.1341000000000001
-3086.656181080022 0.0707 0.8158999999999998 0.11340000000000017
-3027.318806721323 0.0707 0.8365999999999999 0.09270000000000012
-2968.5882549548255 0.0707 0.8573 0.07200000000000006
-2909.926722645382 0.0707 0.8779999999999999 0.05130000000000012
-2849.372201292977 0.0707 0.8986999999999998 0.030600000000000183
-3659.412002056082 0.0914 0.05 0.8585999999999999
-3680.4159347499544 0.0914 0.0707 0.8379
-3700.6550739754202 0.0914 0.0914 0.8171999999999999
-3722.0402933476025 0.0914 0.11209999999999999 0.7965
-3742.669058440107 0.0914 0.13279999999999997 0.7758
-3762.404683242814 0.0914 0.15349999999999997 0.7551
-3782.9380434846857 0.0914 0.17419999999999997 0.7343999999999999
-3801.8665410832064 0.0914 0.19489999999999996 0.7137
-3821.1098526670244 0.0914 0.21559999999999996 0.6930000000000001
-3838.62002150174 0.0914 0.23629999999999995 0.6723
-3847.079545800605 0.0914 0.25699999999999995 0.6516
-3850.722411146257 0.0914 0.27769999999999995 0.6309
-3851.3736532098983 0.0914 0.29839999999999994 0.6102000000000001
-3850.9023307243297 0.0914 0.31909999999999994 0.5895
-3849.7096445624597 0.0914 0.33979999999999994 0.5688
-3845.4626079326677 0.0914 0.36049999999999993 0.5481
-3841.4988455298903 0.0914 0.38119999999999993 0.5274000000000001
-3832.5140304813294 0.0914 0.4018999999999999 0.5067
-3817.6938145404297 0.0914 0.4225999999999999 0.48600000000000004
-3800.7306778212624 0.0914 0.4432999999999999 0.46530000000000005
-3784.8538870393354 0.0914 0.4639999999999999 0.44460000000000005
-3767.42477727704 0.0914 0.4846999999999999 0.42390000000000005
-3749.1888017455076 0.0914 0.5054 0.4032
-3729.5275837833897 0.0914 0.5260999999999999 0.38250000000000006
-3709.1927085535845 0.0914 0.5468 0.3618
-3685.5896467149073 0.0914 0.5674999999999999 0.34110000000000007
-3656.4504485372418 0.0914 0.5882 0.3204
-3623.9886090538203 0.0914 0.6089 0.29969999999999997
-3588.521232380041 0.0914 0.6295999999999999 0.279
-3554.8375833929626 0.0914 0.6502999999999999 0.2583000000000001
-3517.187039372754 0.0914 0.6709999999999999 0.23760000000000003
-3475.380458820835 0.0914 0.6917 0.21689999999999998
-3429.139973617945 0.0914 0.7123999999999999 0.19620000000000004
-3378.2309738168788 0.0914 0.7330999999999999 0.1755000000000001
-3323.521645157146 0.0914 0.7537999999999999 0.15480000000000005
-3265.3696386794136 0.0914 0.7745 0.1341
-3208.699935562749 0.0914 0.7951999999999999 0.11340000000000006
-3149.4954712751955 0.0914 0.8158999999999998 0.09270000000000012
-3091.417933723534 0.0914 0.8365999999999999 0.07200000000000006
-3033.224712427136 0.0914 0.8573 0.05130000000000001
-2972.8996776464805 0.0914 0.8779999999999999 0.03060000000000007
