-5848.604061062491 0.6089 0.05 0.3411
-5861.471592099033 0.6089 0.0707 0.3204
-5873.55333990297 0.6089 0.0914 0.2997
-5882.230881848086 0.6089 0.11209999999999999 0.279
-5881.74008614125 0.6089 0.13279999999999997 0.25830000000000003
-5880.338447028002 0.6089 0.15349999999999997 0.23760000000000003
-5874.38590851124 0.6089 0.17419999999999997 0.21690000000000004
-5864.155771183385 0.6089 0.19489999999999996 0.19620000000000004
-5852.602477489085 0.6089 0.21559999999999996 0.17550000000000004
-5836.788000231068 0.6089 0.23629999999999995 0.15480000000000005
-5825.035098546248 0.6089 0.25699999999999995 0.13410000000000005
-5811.249338625461 0.6089 0.27769999999999995 0.11340000000000006
-5792.984266647847 0.6089 0.29839999999999994 0.09270000000000006
-5774.888106009266 0.6089 0.31909999999999994 0.07200000000000006
-5749.507575486154 0.6089 0.33979999999999994 0.05130000000000007
-5725.831021346129 0.6089 0.36049999999999993 0.03060000000000007
-5933.29150071642 0.6295999999999999 0.05 0.3204000000000001
-5947.566280066054 0.6295999999999999 0.0707 0.2997000000000001
-5958.1716027695375 0.6295999999999999 0.0914 0.2790000000000001
-5964.975719668839 0.6295999999999999 0.11209999999999999 0.2583000000000001
-5963.458172862813 0.6295999999999999 0.13279999999999997 0.2376000000000001
-5959.79803010731 0.6295999999999999 0.15349999999999997 0.2169000000000001
-5951.889648634298 0.6295999999999999 0.17419999999999997 0.1962000000000001
-5938.9689079381105 0.6295999999999999 0.19489999999999996 0.1755000000000001
-5926.513156655079 0.6295999999999999 0.21559999999999996 0.1548000000000001
-5914.428216132094 0.6295999999999999 0.23629999999999995 0.1341000000000001
-5900.6045478082015 0.6295999999999999 0.25699999999999995 0.11340000000000011
-5888.734860066899 0.6295999999999999 0.27769999999999995 0.09270000000000012
-5868.857257917535 0.6295999999999999 0.29839999999999994 0.07200000000000012
-5846.753186136601 0.6295999999999999 0.31909999999999994 0.05130000000000012
-5823.974110506516 0.6295999999999999 0.33979999999999994 0.030600000000000127
-6019.403652534223 0.6502999999999999 0.05 0.29970000000000013
-6032.3496293444 0.6502999999999999 0.0707 0.27900000000000014
-6041.949006182958 0.6502999999999999 0.0914 0.25830000000000014
-6047.8668489342035 0.6502999999999999 0.11209999999999999 0.23760000000000014
-6044.232480220804 0.6502999999999999 0.13279999999999997 0.21690000000000015
-6037.969998337924 0.6502999999999999 0.15349999999999997 0.19620000000000015
-6029.768761589708 0.6502999999999999 0.17419999999999997 0.17550000000000016
-6015.280091798255 0.6502999999999999 0.19489999999999996 0.15480000000000016
-6005.403341343025 0.6502999999999999 0.21559999999999996 0.13410000000000016
-5990.34789334275 0.6502999999999999 0.23629999999999995 0.11340000000000017
-5978.662157401677 0.6502999999999999 0.25699999999999995 0.09270000000000017
-5963.828962446135 0.6502999999999999 0.27769999999999995 0.07200000000000017
-5942.641305639555 0.6502999999999999 0.29839999999999994 0.05130000000000018
-5922.49765498891 0.6502999999999999 0.31909999999999994 0.030600000000000183
