-5591.843516483784 0.5468 0.05 0.40320000000000006
-5606.543149118836 0.5468 0.0707 0.38250000000000006
-5616.541127129179 0.5468 0.0914 0.36180000000000007
-5630.89695335943 0.5468 0.11209999999999999 0.34110000000000007
-5637.158335296763 0.5468 0.13279999999999997 0.3204000000000001
-5639.181400270449 0.5468 0.15349999999999997 0.2997000000000001
-5634.791545875932 0.5468 0.17419999999999997 0.2790000000000001
-5626.7202277172555 0.5468 0.19489999999999996 0.2583000000000001
-5618.973554158063 0.5468 0.21559999999999996 0.2376000000000001
-5605.496802990371 0.5468 0.23629999999999995 0.2169000000000001
-5595.668890539177 0.5468 0.25699999999999995 0.1962000000000001
-5582.90076296929 0.5468 0.27769999999999995 0.1755000000000001
-5566.412953230235 0.5468 0.29839999999999994 0.1548000000000001
-5551.651965564246 0.5468 0.31909999999999994 0.1341000000000001
-5529.8688765856405 0.5468 0.33979999999999994 0.11340000000000011
-5509.810961875205 0.5468 0.36049999999999993 0.09270000000000012
-5484.710638109042 0.5468 0.38119999999999993 0.07200000000000012
-5457.46611054411 0.5468 0.4018999999999999 0.05130000000000012
-5429.672665516766 0.5468 0.4225999999999999 0.030600000000000127
-5676.9865284562065 0.5674999999999999 0.05 0.3825000000000001
-5690.677977325722 0.5674999999999999 0.0707 0.3618000000000001
-5703.8425818069945 0.5674999999999999 0.0914 0.3411000000000001
-5714.4499230298625 0.5674999999999999 0.11209999999999999 0.32040000000000013
-5720.537947564453 0.5674999999999999 0.13279999999999997 0.29970000000000013
-5718.65243057794 0.5674999999999999 0.15349999999999997 0.27900000000000014
-5713.539911782524 0.5674999999999999 0.17419999999999997 0.25830000000000014
-5707.704372896827 0.5674999999999999 0.19489999999999996 0.23760000000000014
-5696.09224721659 0.5674999999999999 0.21559999999999996 0.21690000000000015
-5684.00137732176 0.5674999999999999 0.23629999999999995 0.19620000000000015
-5671.188456179114 0.5674999999999999 0.25699999999999995 0.17550000000000016
-5658.5005776664475 0.5674999999999999 0.27769999999999995 0.15480000000000016
-5643.089032602019 0.5674999999999999 0.29839999999999994 0.13410000000000016
-5624.989071007854 0.5674999999999999 0.31909999999999994 0.11340000000000017
-5605.0543686466835 0.5674999999999999 0.33979999999999994 0.09270000000000017
-5580.862208407545 0.5674999999999999 0.36049999999999993 0.07200000000000017
-5555.988541859528 0.5674999999999999 0.38119999999999993 0.05130000000000018
-5529.289958178749 0.5674999999999999 0.4018999999999999 0.030600000000000183
-5762.6894933262665 0.5882 0.05 0.36180000000000007
-5778.032897840832 0.5882 0.0707 0.34110000000000007
-5787.702849008526 0.5882 0.0914 0.3204000000000001
-5800.0422468198 0.5882 0.11209999999999999 0.2997000000000001
-5801.064865868491 0.5882 0.13279999999999997 0.2790000000000001
-5799.269471909341 0.5882 0.15349999999999997 0.2583000000000001
-5795.236518282339 0.5882 0.17419999999999997 0.2376000000000001
-5784.708277400611 0.5882 0.19489999999999996 0.2169000000000001
-5773.898720081198 0.5882 0.21559999999999996 0.1962000000000001
-5758.975280567301 0.5882 0.23629999999999995 0.1755000000000001
-5747.2306506489795 0.5882 0.25699999999999995 0.1548000000000001
-5735.880905077099 0.5882 0.27769999999999995 0.1341000000000001
-5717.824611214115 0.5882 0.29839999999999994 0.11340000000000011
-5700.819899838938 0.5882 0.31909999999999994 0.09270000000000012
-5678.775152079244 0.5882 0.33979999999999994 0.07200000000000012
-5652.481274323129 0.5882 0.36049999999999993 0.05130000000000012
-5629.185073013787 0.5882 0.38119999999999993 0.030600000000000127
