-4744.545855728396 0.6084999999999999 0.001 0.39050000000000007
-5741.232974909622 0.6084999999999999 0.0235 0.36800000000000005
-5740.882085325032 0.6084999999999999 0.046 0.3455000000000001
-5737.570392636531 0.6084999999999999 0.0685 0.32300000000000006
-5722.467664962911 0.6084999999999999 0.091 0.3005000000000001
-5721.406250699769 0.6084999999999999 0.11349999999999999 0.2780000000000001
-5684.33878653486 0.6084999999999999 0.136 0.25550000000000006
-5658.497575189442 0.6084999999999999 0.1585 0.23300000000000007
-5631.863398753515 0.6084999999999999 0.181 0.21050000000000008
-5602.691085612794 0.6084999999999999 0.2035 0.18800000000000008
-5578.104144688596 0.6084999999999999 0.22599999999999998 0.1655000000000001
-5550.041442864727 0.6084999999999999 0.2485 0.14300000000000007
-5523.108666892452 0.6084999999999999 0.271 0.12050000000000005
-5493.616911302601 0.6084999999999999 0.2935 0.09800000000000009
-5461.145974862417 0.6084999999999999 0.316 0.07550000000000007
-5434.019882107203 0.6084999999999999 0.33849999999999997 0.0530000000000001
-5413.3591953242285 0.6084999999999999 0.361 0.030500000000000083
-5369.4212170712235 0.6084999999999999 0.391 0.000500000000000056
-4862.5651585766955 0.631 0.001 0.368
-5833.11436359092 0.631 0.0235 0.3455
-5833.21566000291 0.631 0.046 0.323
-5828.433054660635 0.631 0.0685 0.3005
-5821.515820139961 0.631 0.091 0.278
-5799.538719354272 0.631 0.11349999999999999 0.2555
-5773.419600886196 0.631 0.136 0.23299999999999998
-5745.0409127393605 0.631 0.1585 0.2105
-5722.583103575774 0.631 0.181 0.188
-5698.969036948027 0.631 0.2035 0.1655
-5667.018594405214 0.631 0.22599999999999998 0.14300000000000002
-5642.406072592566 0.631 0.2485 0.1205
-5609.93620854405 0.631 0.271 0.09799999999999998
-5569.944412339816 0.631 0.2935 0.07550000000000001
-5552.103195148019 0.631 0.316 0.05299999999999999
-5519.633678319011 0.631 0.33849999999999997 0.030500000000000027
-5484.471978210104 0.631 0.368 0.0010000000000000009
-5323.820315217961 0.6535 0.001 0.34550000000000003
-5931.763715480843 0.6535 0.0235 0.323
-5924.441662665743 0.6535 0.046 0.30050000000000004
-5921.6610971020655 0.6535 0.0685 0.278
-5915.210591591945 0.6535 0.091 0.25550000000000006
-5893.976379291151 0.6535 0.11349999999999999 0.23300000000000004
-5861.4762415583755 0.6535 0.136 0.21050000000000002
-5834.492434497942 0.6535 0.1585 0.18800000000000003
-5808.3473286454 0.6535 0.181 0.16550000000000004
-5785.253423435473 0.6535 0.2035 0.14300000000000004
-5754.833793833408 0.6535 0.22599999999999998 0.12050000000000005
-5719.089464411914 0.6535 0.2485 0.09800000000000003
-5692.400890127752 0.6535 0.271 0.07550000000000001
-5663.0049476345 0.6535 0.2935 0.05300000000000005
-5643.3187442090675 0.6535 0.316 0.030500000000000027
-5592.384111957286 0.6535 0.34600000000000003 0.0005000000000000004
