-4145.351004067233 0.33849999999999997 0.001 0.6605
-4582.425206571036 0.33849999999999997 0.0235 0.638
-4588.837597343972 0.33849999999999997 0.046 0.6154999999999999
-4621.565192469202 0.33849999999999997 0.0685 0.593
-4619.779228445633 0.33849999999999997 0.091 0.5705
-4629.198946857252 0.33849999999999997 0.11349999999999999 0.548
-4619.332934204965 0.33849999999999997 0.136 0.5255
-4613.436481676516 0.33849999999999997 0.1585 0.503
-4609.74024759542 0.33849999999999997 0.181 0.4805
-4587.58924541155 0.33849999999999997 0.2035 0.45799999999999996
-4557.72557810139 0.33849999999999997 0.22599999999999998 0.4355
-4535.4255888033085 0.33849999999999997 0.2485 0.413
-4503.197999766713 0.33849999999999997 0.271 0.39049999999999996
-4482.55879500567 0.33849999999999997 0.2935 0.368
-4452.962969769203 0.33849999999999997 0.316 0.3455
-4422.733897348051 0.33849999999999997 0.33849999999999997 0.323
-4398.674049718295 0.33849999999999997 0.361 0.3005
-4365.403473744348 0.33849999999999997 0.3835 0.27799999999999997
-4337.225657295536 0.33849999999999997 0.40599999999999997 0.2555
-4307.58621849365 0.33849999999999997 0.4285 0.23299999999999998
-4280.358594542392 0.33849999999999997 0.45099999999999996 0.21050000000000002
-4249.331120123556 0.33849999999999997 0.4735 0.188
-4220.229529931186 0.33849999999999997 0.496 0.16549999999999998
-4168.988794600161 0.33849999999999997 0.5185 0.14300000000000002
-4161.785846347128 0.33849999999999997 0.541 0.12049999999999994
-4136.421975603348 0.33849999999999997 0.5635 0.09799999999999998
-4091.9261362412176 0.33849999999999997 0.586 0.07550000000000001
-4069.2590702247635 0.33849999999999997 0.6084999999999999 0.05300000000000005
-4036.683710272248 0.33849999999999997 0.631 0.03049999999999997
-4000.5039165063636 0.33849999999999997 0.661 0.0004999999999999449
-4363.990263951722 0.361 0.001 0.638
-4704.443560370056 0.361 0.0235 0.6155
-4713.115885376957 0.361 0.046 0.593
-4712.726409061302 0.361 0.0685 0.5705
-4707.922278102324 0.361 0.091 0.548
-4711.123863181042 0.361 0.11349999999999999 0.5255000000000001
-4706.667173231129 0.361 0.136 0.503
-4710.837102601944 0.361 0.1585 0.48050000000000004
-4696.006444548841 0.361 0.181 0.458
-4672.978372389026 0.361 0.2035 0.4355
-4641.109548098005 0.361 0.22599999999999998 0.41300000000000003
-4621.809831140105 0.361 0.2485 0.3905
-4589.562703402282 0.361 0.271 0.368
-4565.219417165311 0.361 0.2935 0.34550000000000003
-4531.335936699503 0.361 0.316 0.323
-4509.165610582058 0.361 0.33849999999999997 0.30050000000000004
-4475.498616613455 0.361 0.361 0.278
-4458.194976895756 0.361 0.3835 0.2555
-4419.046742751786 0.361 0.40599999999999997 0.23300000000000004
-4390.856096040699 0.361 0.4285 0.21050000000000002
-4365.326441960563 0.361 0.45099999999999996 0.18800000000000006
-4330.464884043934 0.361 0.4735 0.16550000000000004
-4305.678446680024 0.361 0.496 0.14300000000000002
-4273.371506576065 0.361 0.5185 0.12050000000000005
-4241.327250877207 0.361 0.541 0.09799999999999998
-4209.5587959801605 0.361 0.5635 0.07550000000000001
-4186.7891311124695 0.361 0.586 0.05300000000000005
-4152.013543098958 0.361 0.6084999999999999 0.030500000000000083
-4116.138817127269 0.361 0.638 0.0010000000000000009
-4394.289458694233 0.3835 0.001 0.6155
-4794.7838528942 0.3835 0.0235 0.5930000000000001
-4778.0529329073415 0.3835 0.046 0.5705
-4797.567727084397 0.3835 0.0685 0.548
-4793.778690981471 0.3835 0.091 0.5255000000000001
-4796.892921964327 0.3835 0.11349999999999999 0.5030000000000001
-4795.802262113446 0.3835 0.136 0.48050000000000004
-4794.892666043647 0.3835 0.1585 0.4580000000000001
-4783.403111997219 0.3835 0.181 0.43550000000000005
-4746.704029753461 0.3835 0.2035 0.41300000000000003
-4723.784231543637 0.3835 0.22599999999999998 0.39050000000000007
-4698.229252222263 0.3835 0.2485 0.36800000000000005
-4664.9966545050265 0.3835 0.271 0.34550000000000003
-4647.971809900357 0.3835 0.2935 0.32300000000000006
-4616.206871022527 0.3835 0.316 0.30050000000000004
-4587.5983805916 0.3835 0.33849999999999997 0.2780000000000001
-4553.109186818822 0.3835 0.361 0.25550000000000006
-4531.391180174586 0.3835 0.3835 0.23300000000000004
-4496.382118005829 0.3835 0.40599999999999997 0.21050000000000008
-4466.4794436628235 0.3835 0.4285 0.18800000000000006
-4441.824003471628 0.3835 0.45099999999999996 0.1655000000000001
-4415.178110599222 0.3835 0.4735 0.14300000000000007
-4391.236019317931 0.3835 0.496 0.12050000000000005
-4353.337812814875 0.3835 0.5185 0.09800000000000009
-4320.754319207344 0.3835 0.541 0.07550000000000001
-4289.467189048904 0.3835 0.5635 0.05300000000000005
-4259.342602753689 0.3835 0.586 0.030500000000000083
-4223.215952923613 0.3835 0.616 0.000500000000000056
