-4603.776922699104 0.40599999999999997 0.001 0.5930000000000001
-4883.577954748114 0.40599999999999997 0.0235 0.5705000000000001
-4884.540367248377 0.40599999999999997 0.046 0.548
-4886.804228203763 0.40599999999999997 0.0685 0.5255000000000001
-4881.007112585534 0.40599999999999997 0.091 0.5030000000000001
-4890.064622164567 0.40599999999999997 0.11349999999999999 0.4805000000000001
-4881.94209950193 0.40599999999999997 0.136 0.4580000000000001
-4881.46058155929 0.40599999999999997 0.1585 0.4355000000000001
-4863.539427026083 0.40599999999999997 0.181 0.4130000000000001
-4832.976222652527 0.40599999999999997 0.2035 0.39050000000000007
-4804.397675626093 0.40599999999999997 0.22599999999999998 0.3680000000000001
-4781.833331024712 0.40599999999999997 0.2485 0.3455000000000001
-4755.705750057725 0.40599999999999997 0.271 0.32300000000000006
-4725.857760068801 0.40599999999999997 0.2935 0.3005000000000001
-4695.659437025567 0.40599999999999997 0.316 0.2780000000000001
-4668.847460264808 0.40599999999999997 0.33849999999999997 0.2555000000000001
-4642.080588202638 0.40599999999999997 0.361 0.2330000000000001
-4612.227258553065 0.40599999999999997 0.3835 0.21050000000000008
-4589.711902210934 0.40599999999999997 0.40599999999999997 0.1880000000000001
-4552.350122995296 0.40599999999999997 0.4285 0.1655000000000001
-4526.698626118618 0.40599999999999997 0.45099999999999996 0.14300000000000013
-4495.451472381197 0.40599999999999997 0.4735 0.12050000000000011
-4464.2316017261055 0.40599999999999997 0.496 0.09800000000000009
-4442.834551171443 0.40599999999999997 0.5185 0.07550000000000012
-4408.519998032846 0.40599999999999997 0.541 0.05300000000000005
-4379.501596583179 0.40599999999999997 0.5635 0.030500000000000083
-4344.685176625028 0.40599999999999997 0.594 1.1102230246251565e-16
-4743.277990858534 0.4285 0.001 0.5705
-4986.921686478391 0.4285 0.0235 0.548
-4983.700419284738 0.4285 0.046 0.5255
-4977.568204727857 0.4285 0.0685 0.503
-4983.866459146876 0.4285 0.091 0.48050000000000004
-4982.75497165687 0.4285 0.11349999999999999 0.458
-4984.660777122171 0.4285 0.136 0.4355
-4971.306693869316 0.4285 0.1585 0.41300000000000003
-4947.459868556678 0.4285 0.181 0.3905
-4921.573846328828 0.4285 0.2035 0.368
-4891.264481540698 0.4285 0.22599999999999998 0.34550000000000003
-4866.581709409381 0.4285 0.2485 0.323
-4836.646290098266 0.4285 0.271 0.3005
-4807.573848525101 0.4285 0.2935 0.278
-4782.115823639832 0.4285 0.316 0.2555
-4752.645909258432 0.4285 0.33849999999999997 0.23300000000000004
-4729.543656594669 0.4285 0.361 0.21050000000000002
-4709.824534140617 0.4285 0.3835 0.188
-4672.177124687193 0.4285 0.40599999999999997 0.16550000000000004
-4639.757917458924 0.4285 0.4285 0.14300000000000002
-4610.130555226042 0.4285 0.45099999999999996 0.12050000000000005
-4576.714005794126 0.4285 0.4735 0.09800000000000003
-4548.40442183554 0.4285 0.496 0.07550000000000001
-4518.194928247582 0.4285 0.5185 0.05300000000000005
-4493.319697745278 0.4285 0.541 0.03049999999999997
-4454.895993054904 0.4285 0.5710000000000001 0.0004999999999999449
-4928.878626483493 0.45099999999999996 0.001 0.548
-5081.963840136995 0.45099999999999996 0.0235 0.5255000000000001
-5085.230118335429 0.45099999999999996 0.046 0.503
-5090.493079723119 0.45099999999999996 0.0685 0.48050000000000004
-5080.698623839344 0.45099999999999996 0.091 0.4580000000000001
-5082.064453306018 0.45099999999999996 0.11349999999999999 0.43550000000000005
-5076.661106365548 0.45099999999999996 0.136 0.41300000000000003
-5058.782742659373 0.45099999999999996 0.1585 0.39050000000000007
-5035.704813949154 0.45099999999999996 0.181 0.36800000000000005
-5011.760331447208 0.45099999999999996 0.2035 0.34550000000000003
-4984.335142255984 0.45099999999999996 0.22599999999999998 0.32300000000000006
-4954.94049833891 0.45099999999999996 0.2485 0.30050000000000004
-4927.665756550957 0.45099999999999996 0.271 0.278
-4897.0395861864135 0.45099999999999996 0.2935 0.25550000000000006
-4872.861218528623 0.45099999999999996 0.316 0.23300000000000004
-4844.990281193184 0.45099999999999996 0.33849999999999997 0.21050000000000008
-4825.320975705772 0.45099999999999996 0.361 0.18800000000000006
-4792.062288241898 0.45099999999999996 0.3835 0.16550000000000004
-4754.6919628040205 0.45099999999999996 0.40599999999999997 0.14300000000000007
-4731.3093827221755 0.45099999999999996 0.4285 0.12050000000000005
-4708.052071648634 0.45099999999999996 0.45099999999999996 0.09800000000000009
-4663.940116502405 0.45099999999999996 0.4735 0.07550000000000007
-4627.794273011227 0.45099999999999996 0.496 0.05300000000000005
-4608.613529188179 0.45099999999999996 0.5185 0.030500000000000083
-4558.965733931815 0.45099999999999996 0.548 0.0010000000000000009
