-4276.008288779429 0.23629999999999995 0.05 0.7137
-4296.709364852867 0.23629999999999995 0.0707 0.6930000000000001
-4317.683491964726 0.23629999999999995 0.0914 0.6723
-4336.714463777419 0.23629999999999995 0.11209999999999999 0.6516000000000001
-4356.912964565087 0.23629999999999995 0.13279999999999997 0.6309
-4374.247725849034 0.23629999999999995 0.15349999999999997 0.6102000000000001
-4390.362724900809 0.23629999999999995 0.17419999999999997 0.5895000000000001
-4404.087278602044 0.23629999999999995 0.19489999999999996 0.5688000000000001
-4414.203824779017 0.23629999999999995 0.21559999999999996 0.5481
-4415.035550322609 0.23629999999999995 0.23629999999999995 0.5274000000000001
-4414.225585926671 0.23629999999999995 0.25699999999999995 0.5067000000000002
-4410.759067617042 0.23629999999999995 0.27769999999999995 0.4860000000000001
-4405.909212327721 0.23629999999999995 0.29839999999999994 0.4653000000000001
-4401.089463433883 0.23629999999999995 0.31909999999999994 0.4446000000000001
-4393.6965634396765 0.23629999999999995 0.33979999999999994 0.4239000000000001
-4383.379873096897 0.23629999999999995 0.36049999999999993 0.4032000000000001
-4374.4162224360925 0.23629999999999995 0.38119999999999993 0.3825000000000001
-4361.401375698036 0.23629999999999995 0.4018999999999999 0.3618000000000001
-4342.809033048816 0.23629999999999995 0.4225999999999999 0.3411000000000001
-4321.579140243123 0.23629999999999995 0.4432999999999999 0.32040000000000013
-4301.6561964301845 0.23629999999999995 0.4639999999999999 0.29970000000000013
-4277.548089004438 0.23629999999999995 0.4846999999999999 0.27900000000000014
-4253.055582015901 0.23629999999999995 0.5054 0.2583000000000001
-4226.37551071164 0.23629999999999995 0.5260999999999999 0.23760000000000014
-4196.771114957736 0.23629999999999995 0.5468 0.2169000000000001
-4162.401360893181 0.23629999999999995 0.5674999999999999 0.19620000000000015
-4128.158449443638 0.23629999999999995 0.5882 0.1755000000000001
-4091.2820330714544 0.23629999999999995 0.6089 0.15480000000000005
-4051.0006285904587 0.23629999999999995 0.6295999999999999 0.1341000000000001
-4009.0083457340047 0.23629999999999995 0.6502999999999999 0.11340000000000017
-3962.01055156066 0.23629999999999995 0.6709999999999999 0.09270000000000012
-3916.1517339404854 0.23629999999999995 0.6917 0.07200000000000006
-3870.411570482003 0.23629999999999995 0.7123999999999999 0.05130000000000012
-3817.318508176153 0.23629999999999995 0.7330999999999999 0.030600000000000183
-4362.813937791413 0.25699999999999995 0.05 0.6930000000000001
-4383.913722837419 0.25699999999999995 0.0707 0.6723000000000001
-4404.821940897079 0.25699999999999995 0.0914 0.6516000000000001
-4424.1916055146785 0.25699999999999995 0.11209999999999999 0.6309000000000001
-4442.960447146589 0.25699999999999995 0.13279999999999997 0.6102000000000001
-4460.351723079814 0.25699999999999995 0.15349999999999997 0.5895000000000001
-4475.202738448047 0.25699999999999995 0.17419999999999997 0.5688000000000002
-4488.327127806394 0.25699999999999995 0.19489999999999996 0.5481000000000001
-4495.613420650378 0.25699999999999995 0.21559999999999996 0.5274000000000001
-4494.2784902842195 0.25699999999999995 0.23629999999999995 0.5067000000000002
-4493.940807092956 0.25699999999999995 0.25699999999999995 0.48600000000000015
-4489.950082886508 0.25699999999999995 0.27769999999999995 0.46530000000000016
-4483.522739448059 0.25699999999999995 0.29839999999999994 0.44460000000000016
-4478.651342368725 0.25699999999999995 0.31909999999999994 0.42390000000000017
-4469.225199409876 0.25699999999999995 0.33979999999999994 0.40320000000000017
-4460.177105625804 0.25699999999999995 0.36049999999999993 0.3825000000000002
-4447.806554768867 0.25699999999999995 0.38119999999999993 0.3618000000000002
-4433.05105823708 0.25699999999999995 0.4018999999999999 0.3411000000000002
-4414.939744291345 0.25699999999999995 0.4225999999999999 0.3204000000000002
-4394.413064667391 0.25699999999999995 0.4432999999999999 0.2997000000000002
-4374.178383690961 0.25699999999999995 0.4639999999999999 0.2790000000000002
-4349.956523139345 0.25699999999999995 0.4846999999999999 0.2583000000000002
-4323.400705620008 0.25699999999999995 0.5054 0.23760000000000014
-4294.777389754265 0.25699999999999995 0.5260999999999999 0.2169000000000002
-4263.130295842009 0.25699999999999995 0.5468 0.19620000000000015
-4231.438157893638 0.25699999999999995 0.5674999999999999 0.1755000000000002
-4193.723644124263 0.25699999999999995 0.5882 0.15480000000000016
-4155.172155318044 0.25699999999999995 0.6089 0.1341000000000001
-4114.199183758699 0.25699999999999995 0.6295999999999999 0.11340000000000017
-4070.831707081832 0.25699999999999995 0.6502999999999999 0.09270000000000023
-4026.281488850838 0.25699999999999995 0.6709999999999999 0.07200000000000017
-3979.9448402174066 0.25699999999999995 0.6917 0.05130000000000012
-3932.416944118567 0.25699999999999995 0.7123999999999999 0.030600000000000183
-4451.024159346856 0.27769999999999995 0.05 0.6723
-4471.4390563097395 0.27769999999999995 0.0707 0.6516000000000001
-4490.846095448846 0.27769999999999995 0.0914 0.6309
-4510.4651759333055 0.27769999999999995 0.11209999999999999 0.6102000000000001
-4528.974581378119 0.27769999999999995 0.13279999999999997 0.5895000000000001
-4545.88964279871 0.27769999999999995 0.15349999999999997 0.5688000000000001
-4560.101426780178 0.27769999999999995 0.17419999999999997 0.5481
-4572.504561028881 0.27769999999999995 0.19489999999999996 0.5274000000000001
-4576.296297071076 0.27769999999999995 0.21559999999999996 0.5067000000000002
-4574.145426156657 0.27769999999999995 0.23629999999999995 0.4860000000000001
-4572.593463758129 0.27769999999999995 0.25699999999999995 0.4653000000000001
-4567.723598912664 0.27769999999999995 0.27769999999999995 0.4446000000000001
-4562.822168888993 0.27769999999999995 0.29839999999999994 0.4239000000000001
-4554.267368289596 0.27769999999999995 0.31909999999999994 0.4032000000000001
-4545.87370997164 0.27769999999999995 0.33979999999999994 0.3825000000000001
-4535.4701727299 0.27769999999999995 0.36049999999999993 0.3618000000000001
-4523.426386046448 0.27769999999999995 0.38119999999999993 0.3411000000000001
-4506.856250601369 0.27769999999999995 0.4018999999999999 0.32040000000000013
-4487.159856241988 0.27769999999999995 0.4225999999999999 0.29970000000000013
-4468.0025914594635 0.27769999999999995 0.4432999999999999 0.27900000000000014
-4445.677687443763 0.27769999999999995 0.4639999999999999 0.25830000000000014
-4419.437812699165 0.27769999999999995 0.4846999999999999 0.23760000000000014
-4394.426239130154 0.27769999999999995 0.5054 0.2169000000000001
-4363.328426754441 0.27769999999999995 0.5260999999999999 0.19620000000000015
-4332.11305056691 0.27769999999999995 0.5468 0.1755000000000001
-4297.50253157432 0.27769999999999995 0.5674999999999999 0.15480000000000016
-4259.782153089127 0.27769999999999995 0.5882 0.1341000000000001
-4219.91097499816 0.27769999999999995 0.6089 0.11340000000000006
-4178.482462114822 0.27769999999999995 0.6295999999999999 0.09270000000000012
-4135.367780749306 0.27769999999999995 0.6502999999999999 0.07200000000000017
-4089.6038551314 0.27769999999999995 0.6709999999999999 0.05130000000000012
-4041.97000528416 0.27769999999999995 0.6917 0.03060000000000007
