-5323.810102240193 0.4846999999999999 0.05 0.4653000000000001
-5342.1663527105775 0.4846999999999999 0.0707 0.4446000000000001
-5356.466139142135 0.4846999999999999 0.0914 0.4239000000000001
-5373.08022421681 0.4846999999999999 0.11209999999999999 0.4032000000000001
-5384.156513097435 0.4846999999999999 0.13279999999999997 0.3825000000000001
-5390.789607556011 0.4846999999999999 0.15349999999999997 0.3618000000000001
-5391.156109289964 0.4846999999999999 0.17419999999999997 0.3411000000000001
-5384.599763581399 0.4846999999999999 0.19489999999999996 0.32040000000000013
-5383.523033853272 0.4846999999999999 0.21559999999999996 0.29970000000000013
-5370.440521784585 0.4846999999999999 0.23629999999999995 0.27900000000000014
-5357.49290348667 0.4846999999999999 0.25699999999999995 0.25830000000000014
-5347.745696273121 0.4846999999999999 0.27769999999999995 0.23760000000000014
-5333.880403613185 0.4846999999999999 0.29839999999999994 0.21690000000000015
-5322.3368991952875 0.4846999999999999 0.31909999999999994 0.19620000000000015
-5304.486607093037 0.4846999999999999 0.33979999999999994 0.17550000000000016
-5284.763132876112 0.4846999999999999 0.36049999999999993 0.15480000000000016
-5265.402196168423 0.4846999999999999 0.38119999999999993 0.13410000000000016
-5239.136659965278 0.4846999999999999 0.4018999999999999 0.11340000000000017
-5213.2687191558025 0.4846999999999999 0.4225999999999999 0.09270000000000017
-5184.0678845750235 0.4846999999999999 0.4432999999999999 0.07200000000000017
-5153.7541044684285 0.4846999999999999 0.4639999999999999 0.05130000000000018
-5121.826560774113 0.4846999999999999 0.4846999999999999 0.030600000000000183
-5411.803833853847 0.5054 0.05 0.44460000000000005
-5428.086013663771 0.5054 0.0707 0.42390000000000005
-5443.614109998764 0.5054 0.0914 0.40320000000000006
-5457.248065666828 0.5054 0.11209999999999999 0.38250000000000006
-5467.072039888364 0.5054 0.13279999999999997 0.36180000000000007
-5472.837622210773 0.5054 0.15349999999999997 0.34110000000000007
-5471.345833953979 0.5054 0.17419999999999997 0.3204000000000001
-5467.33079291078 0.5054 0.19489999999999996 0.2997000000000001
-5458.928414910177 0.5054 0.21559999999999996 0.2790000000000001
-5447.004394539036 0.5054 0.23629999999999995 0.2583000000000001
-5436.904829337869 0.5054 0.25699999999999995 0.2376000000000001
-5424.123978869039 0.5054 0.27769999999999995 0.2169000000000001
-5411.7714466216585 0.5054 0.29839999999999994 0.1962000000000001
-5398.586742794678 0.5054 0.31909999999999994 0.1755000000000001
-5377.460252229833 0.5054 0.33979999999999994 0.1548000000000001
-5360.207449471772 0.5054 0.36049999999999993 0.1341000000000001
-5336.636637643426 0.5054 0.38119999999999993 0.11340000000000011
-5312.229908613662 0.5054 0.4018999999999999 0.09270000000000012
-5285.845631576381 0.5054 0.4225999999999999 0.07200000000000012
-5253.5758320184195 0.5054 0.4432999999999999 0.05130000000000012
-5223.03372108435 0.5054 0.4639999999999999 0.030600000000000127
-5497.352318395979 0.5260999999999999 0.05 0.4239000000000001
-5515.674459291184 0.5260999999999999 0.0707 0.4032000000000001
-5528.710735342549 0.5260999999999999 0.0914 0.3825000000000001
-5541.934435632208 0.5260999999999999 0.11209999999999999 0.3618000000000001
-5551.895984466931 0.5260999999999999 0.13279999999999997 0.3411000000000001
-5553.605164347314 0.5260999999999999 0.15349999999999997 0.32040000000000013
-5552.887727293456 0.5260999999999999 0.17419999999999997 0.29970000000000013
-5546.772234046907 0.5260999999999999 0.19489999999999996 0.27900000000000014
-5536.820670426137 0.5260999999999999 0.21559999999999996 0.25830000000000014
-5524.642340663898 0.5260999999999999 0.23629999999999995 0.23760000000000014
-5512.392144581007 0.5260999999999999 0.25699999999999995 0.21690000000000015
-5503.341943221476 0.5260999999999999 0.27769999999999995 0.19620000000000015
-5487.179200658452 0.5260999999999999 0.29839999999999994 0.17550000000000016
-5473.569580192345 0.5260999999999999 0.31909999999999994 0.15480000000000016
-5454.576286431435 0.5260999999999999 0.33979999999999994 0.13410000000000016
-5433.356488864359 0.5260999999999999 0.36049999999999993 0.11340000000000017
-5411.7501767040885 0.5260999999999999 0.38119999999999993 0.09270000000000017
-5383.764743440373 0.5260999999999999 0.4018999999999999 0.07200000000000017
-5355.2241646715465 0.5260999999999999 0.4225999999999999 0.05130000000000018
-5324.0617848087995 0.5260999999999999 0.4432999999999999 0.030600000000000183
