-6098.530914763701 0.6709999999999999 0.05 0.2790000000000001
-6111.815584180377 0.6709999999999999 0.0707 0.2583000000000001
-6122.471968060531 0.6709999999999999 0.0914 0.2376000000000001
-6124.126952336215 0.6709999999999999 0.11209999999999999 0.2169000000000001
-6119.914840300226 0.6709999999999999 0.13279999999999997 0.1962000000000001
-6110.714514906716 0.6709999999999999 0.15349999999999997 0.1755000000000001
-6101.137712384065 0.6709999999999999 0.17419999999999997 0.1548000000000001
-6089.700610506514 0.6709999999999999 0.19489999999999996 0.1341000000000001
-6077.588835644766 0.6709999999999999 0.21559999999999996 0.11340000000000011
-6065.280834435974 0.6709999999999999 0.23629999999999995 0.09270000000000012
-6051.128479432492 0.6709999999999999 0.25699999999999995 0.07200000000000012
-6037.276553192826 0.6709999999999999 0.27769999999999995 0.05130000000000012
-6017.142635966677 0.6709999999999999 0.29839999999999994 0.030600000000000127
-6182.997138309609 0.6917 0.05 0.25830000000000003
-6198.067817159248 0.6917 0.0707 0.23760000000000003
-6204.466431322635 0.6917 0.0914 0.21690000000000004
-6205.982452434031 0.6917 0.11209999999999999 0.19620000000000004
-6198.3375471744275 0.6917 0.13279999999999997 0.17550000000000004
-6188.466159127399 0.6917 0.15349999999999997 0.15480000000000005
-6178.680398693923 0.6917 0.17419999999999997 0.13410000000000005
-6166.047313394242 0.6917 0.19489999999999996 0.11340000000000006
-6154.84204184089 0.6917 0.21559999999999996 0.09270000000000006
-6139.688022990403 0.6917 0.23629999999999995 0.07200000000000006
-6126.921213224024 0.6917 0.25699999999999995 0.05130000000000007
-6113.5167444807075 0.6917 0.27769999999999995 0.03060000000000007
-6269.512209439418 0.7123999999999999 0.05 0.2376000000000001
-6281.475176713227 0.7123999999999999 0.0707 0.2169000000000001
-6287.827700742652 0.7123999999999999 0.0914 0.1962000000000001
-6285.535997219765 0.7123999999999999 0.11209999999999999 0.1755000000000001
-6275.722439832267 0.7123999999999999 0.13279999999999997 0.1548000000000001
-6267.415584525446 0.7123999999999999 0.15349999999999997 0.1341000000000001
-6255.7479921806735 0.7123999999999999 0.17419999999999997 0.11340000000000011
-6243.6670427624595 0.7123999999999999 0.19489999999999996 0.09270000000000012
-6230.32433563991 0.7123999999999999 0.21559999999999996 0.07200000000000012
-6215.108812227085 0.7123999999999999 0.23629999999999995 0.05130000000000012
-6203.603613249062 0.7123999999999999 0.25699999999999995 0.030600000000000127
