-6353.409041720708 0.7330999999999999 0.05 0.21690000000000015
-6366.779330164052 0.7330999999999999 0.0707 0.19620000000000015
-6367.888366298738 0.7330999999999999 0.0914 0.17550000000000016
-6363.731505850401 0.7330999999999999 0.11209999999999999 0.15480000000000016
-6354.876070806368 0.7330999999999999 0.13279999999999997 0.13410000000000016
-6345.184846058196 0.7330999999999999 0.15349999999999997 0.11340000000000017
-6334.478324196589 0.7330999999999999 0.17419999999999997 0.09270000000000017
-6319.616467352655 0.7330999999999999 0.19489999999999996 0.07200000000000017
-6306.858168967292 0.7330999999999999 0.21559999999999996 0.05130000000000018
-6291.867530468588 0.7330999999999999 0.23629999999999995 0.030600000000000183
-6439.90234715765 0.7537999999999999 0.05 0.1962000000000001
-6449.466882523192 0.7537999999999999 0.0707 0.1755000000000001
-6448.4590814897065 0.7537999999999999 0.0914 0.1548000000000001
-6444.305827383891 0.7537999999999999 0.11209999999999999 0.1341000000000001
-6431.86079080009 0.7537999999999999 0.13279999999999997 0.11340000000000011
-6422.100311517336 0.7537999999999999 0.15349999999999997 0.09270000000000012
-6409.827801907814 0.7537999999999999 0.17419999999999997 0.07200000000000012
-6394.582763755896 0.7537999999999999 0.19489999999999996 0.05130000000000012
-6383.076055647767 0.7537999999999999 0.21559999999999996 0.030600000000000127
-6523.955827014379 0.7745 0.05 0.17550000000000004
-6530.972564024065 0.7745 0.0707 0.15480000000000005
-6529.401597769475 0.7745 0.0914 0.13410000000000005
-6521.202869086666 0.7745 0.11209999999999999 0.11340000000000004
-6510.627750561912 0.7745 0.13279999999999997 0.09270000000000006
-6499.12563801651 0.7745 0.15349999999999997 0.07200000000000006
-6486.081105502296 0.7745 0.17419999999999997 0.05130000000000007
-6472.19707629999 0.7745 0.19489999999999996 0.03060000000000007
