-5748.98592253896 0.6089 0.05 0.3411
-5733.886781157998 0.6089 0.0707 0.3204
-5718.165074473507 0.6089 0.0914 0.2997
-5702.548824721172 0.6089 0.11209999999999999 0.279
-5684.427382407506 0.6089 0.13279999999999997 0.25830000000000003
-5670.158697231141 0.6089 0.15349999999999997 0.23760000000000003
-5654.666832365425 0.6089 0.17419999999999997 0.21690000000000004
-5636.311823589519 0.6089 0.19489999999999996 0.19620000000000004
-5617.3465579492195 0.6089 0.21559999999999996 0.17550000000000004
-5596.174840497743 0.6089 0.23629999999999995 0.15480000000000005
-5578.6525366291635 0.6089 0.25699999999999995 0.13410000000000005
-5559.529316491997 0.6089 0.27769999999999995 0.11340000000000006
-5538.991952833092 0.6089 0.29839999999999994 0.09270000000000006
-5516.927108027655 0.6089 0.31909999999999994 0.07200000000000006
-5492.403168957764 0.6089 0.33979999999999994 0.05130000000000007
-5471.817166713152 0.6089 0.36049999999999993 0.03060000000000007
-5835.492348458722 0.6295999999999999 0.05 0.3204000000000001
-5822.149231519513 0.6295999999999999 0.0707 0.2997000000000001
-5804.205087771904 0.6295999999999999 0.0914 0.2790000000000001
-5788.35387128749 0.6295999999999999 0.11209999999999999 0.2583000000000001
-5772.351713941295 0.6295999999999999 0.13279999999999997 0.2376000000000001
-5755.72204926025 0.6295999999999999 0.15349999999999997 0.2169000000000001
-5741.552680240585 0.6295999999999999 0.17419999999999997 0.1962000000000001
-5720.555962953921 0.6295999999999999 0.19489999999999996 0.1755000000000001
-5701.888341378849 0.6295999999999999 0.21559999999999996 0.1548000000000001
-5682.289230146063 0.6295999999999999 0.23629999999999995 0.1341000000000001
-5663.200153863935 0.6295999999999999 0.25699999999999995 0.11340000000000011
-5644.923921660045 0.6295999999999999 0.27769999999999995 0.09270000000000012
-5620.6614314129965 0.6295999999999999 0.29839999999999994 0.07200000000000012
-5598.4630756843135 0.6295999999999999 0.31909999999999994 0.05130000000000012
-5575.873035596703 0.6295999999999999 0.33979999999999994 0.030600000000000127
-5925.529623843066 0.6502999999999999 0.05 0.29970000000000013
-5907.73608783112 0.6502999999999999 0.0707 0.27900000000000014
-5889.719814575748 0.6502999999999999 0.0914 0.25830000000000014
-5876.67504743867 0.6502999999999999 0.11209999999999999 0.23760000000000014
-5858.6438586431195 0.6502999999999999 0.13279999999999997 0.21690000000000015
-5843.717757926389 0.6502999999999999 0.15349999999999997 0.19620000000000015
-5826.372170446881 0.6502999999999999 0.17419999999999997 0.17550000000000016
-5804.688375217767 0.6502999999999999 0.19489999999999996 0.15480000000000016
-5788.182250142039 0.6502999999999999 0.21559999999999996 0.13410000000000016
-5766.307998921339 0.6502999999999999 0.23629999999999995 0.11340000000000017
-5749.108529802727 0.6502999999999999 0.25699999999999995 0.09270000000000017
-5727.984921177712 0.6502999999999999 0.27769999999999995 0.07200000000000017
-5703.368500919988 0.6502999999999999 0.29839999999999994 0.05130000000000018
-5682.770849972565 0.6502999999999999 0.31909999999999994 0.030600000000000183
