-6011.905768525346 0.6709999999999999 0.05 0.2790000000000001
-5993.982853971236 0.6709999999999999 0.0707 0.2583000000000001
-5977.341149245538 0.6709999999999999 0.0914 0.2376000000000001
-5962.222813455673 0.6709999999999999 0.11209999999999999 0.2169000000000001
-5945.161138432994 0.6709999999999999 0.13279999999999997 0.1962000000000001
-5929.320110299744 0.6709999999999999 0.15349999999999997 0.1755000000000001
-5910.726573827029 0.6709999999999999 0.17419999999999997 0.1548000000000001
-5891.297082373713 0.6709999999999999 0.19489999999999996 0.1341000000000001
-5872.278378274617 0.6709999999999999 0.21559999999999996 0.11340000000000011
-5852.553148919957 0.6709999999999999 0.23629999999999995 0.09270000000000012
-5831.224434514982 0.6709999999999999 0.25699999999999995 0.07200000000000012
-5809.352690420501 0.6709999999999999 0.27769999999999995 0.05130000000000012
-5786.867653440745 0.6709999999999999 0.29839999999999994 0.030600000000000127
-6095.090442496568 0.6917 0.05 0.25830000000000003
-6080.765612025636 0.6917 0.0707 0.23760000000000003
-6063.894222790484 0.6917 0.0914 0.21690000000000004
-6050.685063572894 0.6917 0.11209999999999999 0.19620000000000004
-6031.883265348859 0.6917 0.13279999999999997 0.17550000000000004
-6013.9639137003915 0.6917 0.15349999999999997 0.15480000000000005
-5996.741825630452 0.6917 0.17419999999999997 0.13410000000000005
-5976.006874454069 0.6917 0.19489999999999996 0.11340000000000006
-5958.655227143235 0.6917 0.21559999999999996 0.09270000000000006
-5935.97323937957 0.6917 0.23629999999999995 0.07200000000000006
-5914.13350344648 0.6917 0.25699999999999995 0.05130000000000007
-5893.911895684794 0.6917 0.27769999999999995 0.03060000000000007
-6183.762631669575 0.7123999999999999 0.05 0.2376000000000001
-6167.5640035171555 0.7123999999999999 0.0707 0.2169000000000001
-6151.247546791152 0.7123999999999999 0.0914 0.1962000000000001
-6136.883899409938 0.7123999999999999 0.11209999999999999 0.1755000000000001
-6117.005128228342 0.7123999999999999 0.13279999999999997 0.1548000000000001
-6099.93725768442 0.7123999999999999 0.15349999999999997 0.1341000000000001
-6081.619506550634 0.7123999999999999 0.17419999999999997 0.11340000000000011
-6061.838071049306 0.7123999999999999 0.19489999999999996 0.09270000000000012
-6042.370085241591 0.7123999999999999 0.21559999999999996 0.07200000000000012
-6017.892945828743 0.7123999999999999 0.23629999999999995 0.05130000000000012
-5997.781783571508 0.7123999999999999 0.25699999999999995 0.030600000000000127
