-3390.923104219441 0.05 0.05 0.8999999999999999
-3379.395438580931 0.05 0.0707 0.8793
-3367.531298887464 0.05 0.0914 0.8585999999999999
-3355.984476369147 0.05 0.11209999999999999 0.8379
-3343.7226267833107 0.05 0.13279999999999997 0.8171999999999999
-3330.901792015283 0.05 0.15349999999999997 0.7965
-3318.76296195891 0.05 0.17419999999999997 0.7758
-3306.542864405574 0.05 0.19489999999999996 0.7551
-3290.9102057365662 0.05 0.21559999999999996 0.7343999999999999
-3274.1277386066968 0.05 0.23629999999999995 0.7137
-3257.8245566259166 0.05 0.25699999999999995 0.6930000000000001
-3242.163988655795 0.05 0.27769999999999995 0.6723
-3224.159758723863 0.05 0.29839999999999994 0.6516
-3208.5808754101845 0.05 0.31909999999999994 0.6309
-3192.880676599439 0.05 0.33979999999999994 0.6102000000000001
-3175.1741155623254 0.05 0.36049999999999993 0.5895
-3159.890814828598 0.05 0.38119999999999993 0.5688
-3142.760228385722 0.05 0.4018999999999999 0.5481
-3127.7921266452913 0.05 0.4225999999999999 0.5274000000000001
-3111.4755687819165 0.05 0.4432999999999999 0.5067
-3092.1667317811416 0.05 0.4639999999999999 0.48600000000000004
-3073.1178284969155 0.05 0.4846999999999999 0.46530000000000005
-3052.72030288461 0.05 0.5054 0.4446
-3034.1088324492257 0.05 0.5260999999999999 0.42390000000000005
-3014.5167702328927 0.05 0.5468 0.4032
-2995.609558164922 0.05 0.5674999999999999 0.38250000000000006
-2976.3806077625118 0.05 0.5882 0.3618
-2956.7079758309383 0.05 0.6089 0.34109999999999996
-2936.928732095766 0.05 0.6295999999999999 0.3204
-2917.4388269081587 0.05 0.6502999999999999 0.2997000000000001
-2897.699934400871 0.05 0.6709999999999999 0.279
-2878.0306691295345 0.05 0.6917 0.2583
-2856.314412348198 0.05 0.7123999999999999 0.23760000000000003
-2834.2891778975286 0.05 0.7330999999999999 0.2169000000000001
-2811.032972178416 0.05 0.7537999999999999 0.19620000000000004
-2788.1256954591504 0.05 0.7745 0.1755
-2765.8721029607455 0.05 0.7951999999999999 0.15480000000000005
-2742.4355746566607 0.05 0.8158999999999998 0.1341000000000001
-2721.8549043117405 0.05 0.8365999999999999 0.11340000000000006
-2698.420119757756 0.05 0.8573 0.0927
-2675.618241733072 0.05 0.8779999999999999 0.07200000000000006
-2653.30063070754 0.05 0.8986999999999998 0.05130000000000012
-2630.1531857368605 0.05 0.9193999999999999 0.03060000000000007
-3478.2368077284927 0.0707 0.05 0.8793
-3467.139250490588 0.0707 0.0707 0.8586
-3454.828622584343 0.0707 0.0914 0.8379
-3443.6327693585968 0.0707 0.11209999999999999 0.8172
-3431.909734634747 0.0707 0.13279999999999997 0.7965
-3419.8003129985345 0.0707 0.15349999999999997 0.7758
-3408.800908083307 0.0707 0.17419999999999997 0.7551000000000001
-3391.376451613664 0.0707 0.19489999999999996 0.7344
-3375.925969186165 0.0707 0.21559999999999996 0.7137
-3359.1128349238043 0.0707 0.23629999999999995 0.6930000000000001
-3343.17445935814 0.0707 0.25699999999999995 0.6723000000000001
-3327.5231486499883 0.0707 0.27769999999999995 0.6516000000000001
-3311.4760999010155 0.0707 0.29839999999999994 0.6309
-3295.0336575791234 0.0707 0.31909999999999994 0.6102000000000001
-3276.82463037985 0.0707 0.33979999999999994 0.5895000000000001
-3262.184677528905 0.0707 0.36049999999999993 0.5688000000000001
-3245.7868941613287 0.0707 0.38119999999999993 0.5481
-3229.468514177338 0.0707 0.4018999999999999 0.5274000000000001
-3213.6233228777096 0.0707 0.4225999999999999 0.5067000000000002
-3192.6046371772977 0.0707 0.4432999999999999 0.4860000000000001
-3175.0351519266605 0.0707 0.4639999999999999 0.4653000000000001
-3154.8184567405924 0.0707 0.4846999999999999 0.4446000000000001
-3137.1484273287447 0.0707 0.5054 0.42390000000000005
-3117.525236850859 0.0707 0.5260999999999999 0.4032000000000001
-3097.3325177299403 0.0707 0.5468 0.38250000000000006
-3078.9227019046543 0.0707 0.5674999999999999 0.3618000000000001
-3059.2857373228167 0.0707 0.5882 0.34110000000000007
-3039.894036643584 0.0707 0.6089 0.3204
-3020.0353158820867 0.0707 0.6295999999999999 0.2997000000000001
-3000.5414448446713 0.0707 0.6502999999999999 0.27900000000000014
-2980.8363122111173 0.0707 0.6709999999999999 0.2583000000000001
-2959.3698522201266 0.0707 0.6917 0.23760000000000003
-2937.546763198315 0.0707 0.7123999999999999 0.2169000000000001
-2913.5267022065937 0.0707 0.7330999999999999 0.19620000000000015
-2891.7498055707 0.0707 0.7537999999999999 0.1755000000000001
-2868.080708443986 0.0707 0.7745 0.15480000000000005
-2845.4320379065134 0.0707 0.7951999999999999 0.1341000000000001
-2824.6549650915554 0.0707 0.8158999999999998 0.11340000000000017
-2801.169166210209 0.0707 0.8365999999999999 0.09270000000000012
-2778.374894358417 0.0707 0.8573 0.07200000000000006
-2756.3661894610573 0.0707 0.8779999999999999 0.05130000000000012
-2733.246716553933 0.0707 0.8986999999999998 0.030600000000000183
-3566.274048642716 0.0914 0.05 0.8585999999999999
-3556.322710549357 0.0914 0.0707 0.8379
-3544.6882909373053 0.0914 0.0914 0.8171999999999999
-3533.591808704021 0.0914 0.11209999999999999 0.7965
-3520.0170682939624 0.0914 0.13279999999999997 0.7758
-3511.0688078805365 0.0914 0.15349999999999997 0.7551
-3495.5429066219026 0.0914 0.17419999999999997 0.7343999999999999
-3477.7166567771465 0.0914 0.19489999999999996 0.7137
-3462.2218480079036 0.0914 0.21559999999999996 0.6930000000000001
-3446.8862838131317 0.0914 0.23629999999999995 0.6723
-3431.2059684584387 0.0914 0.25699999999999995 0.6516
-3415.4333148126243 0.0914 0.27769999999999995 0.6309
-3398.779949691972 0.0914 0.29839999999999994 0.6102000000000001
-3382.356999267075 0.0914 0.31909999999999994 0.5895
-3366.2080153172355 0.0914 0.33979999999999994 0.5688
-3349.479727227688 0.0914 0.36049999999999993 0.5481
-3333.0596899202064 0.0914 0.38119999999999993 0.5274000000000001
-3317.466868463153 0.0914 0.4018999999999999 0.5067
-3298.851956038563 0.0914 0.4225999999999999 0.48600000000000004
-3278.678598485608 0.0914 0.4432999999999999 0.46530000000000005
-3259.194462269637 0.0914 0.4639999999999999 0.44460000000000005
-3242.4652179730992 0.0914 0.4846999999999999 0.42390000000000005
-3222.8583289536173 0.0914 0.5054 0.4032
-3202.1746626694503 0.0914 0.5260999999999999 0.38250000000000006
-3183.033779000613 0.0914 0.5468 0.3618
-3163.4453667413127 0.0914 0.5674999999999999 0.34110000000000007
-3144.2210491858373 0.0914 0.5882 0.3204
-3124.9023200969186 0.0914 0.6089 0.29969999999999997
-3105.505974453545 0.0914 0.6295999999999999 0.279
-3085.6199225063424 0.0914 0.6502999999999999 0.2583000000000001
-3064.793639077478 0.0914 0.6709999999999999 0.23760000000000003
-3041.772397687178 0.0914 0.6917 0.21689999999999998
-3018.331379711328 0.0914 0.7123999999999999 0.19620000000000004
-2995.7842449826126 0.0914 0.7330999999999999 0.1755000000000001
-2976.1161073785547 0.0914 0.7537999999999999 0.15480000000000005
-2953.194937790331 0.0914 0.7745 0.1341
-2930.775856232976 0.0914 0.7951999999999999 0.11340000000000006
-2907.4098353088993 0.0914 0.8158999999999998 0.09270000000000012
-2885.317514500132 0.0914 0.8365999999999999 0.07200000000000006
-2862.7092128782106 0.0914 0.8573 0.05130000000000001
-2838.62673871554 0.0914 0.8779999999999999 0.03060000000000007
