-3386.197633749773 0.05 0.05 0.8999999999999999
-3372.200552391556 0.05 0.0707 0.8793
-3357.3384700997317 0.05 0.0914 0.8585999999999999
-3343.544781930214 0.05 0.11209999999999999 0.8379
-3329.497895206951 0.05 0.13279999999999997 0.8171999999999999
-3315.2880303546576 0.05 0.15349999999999997 0.7965
-3300.4710357493223 0.05 0.17419999999999997 0.7758
-3285.79802393673 0.05 0.19489999999999996 0.7551
-3270.7237063636444 0.05 0.21559999999999996 0.7343999999999999
-3255.6899780034264 0.05 0.23629999999999995 0.7137
-3239.927645594732 0.05 0.25699999999999995 0.6930000000000001
-3223.0757195090596 0.05 0.27769999999999995 0.6723
-3206.475825032576 0.05 0.29839999999999994 0.6516
-3191.3228647309847 0.05 0.31909999999999994 0.6309
-3174.052487879521 0.05 0.33979999999999994 0.6102000000000001
-3157.658090148403 0.05 0.36049999999999993 0.5895
-3141.9824518349437 0.05 0.38119999999999993 0.5688
-3124.9873460168947 0.05 0.4018999999999999 0.5481
-3108.9399261548824 0.05 0.4225999999999999 0.5274000000000001
-3091.3870910282167 0.05 0.4432999999999999 0.5067
-3074.423247451976 0.05 0.4639999999999999 0.48600000000000004
-3056.8484248849954 0.05 0.4846999999999999 0.46530000000000005
-3038.4406155924344 0.05 0.5054 0.4446
-3020.932627640617 0.05 0.5260999999999999 0.42390000000000005
-3001.605307770071 0.05 0.5468 0.4032
-2983.394313677197 0.05 0.5674999999999999 0.38250000000000006
-2964.9460527064857 0.05 0.5882 0.3618
-2945.866384426846 0.05 0.6089 0.34109999999999996
-2928.47929737907 0.05 0.6295999999999999 0.3204
-2908.966655216231 0.05 0.6502999999999999 0.2997000000000001
-2889.359599420624 0.05 0.6709999999999999 0.279
-2869.538148867152 0.05 0.6917 0.2583
-2850.4245739326943 0.05 0.7123999999999999 0.23760000000000003
-2830.222897016169 0.05 0.7330999999999999 0.2169000000000001
-2809.2216562466274 0.05 0.7537999999999999 0.19620000000000004
-2788.5645346080073 0.05 0.7745 0.1755
-2767.1402445059607 0.05 0.7951999999999999 0.15480000000000005
-2745.5557124582087 0.05 0.8158999999999998 0.1341000000000001
-2724.0863711773354 0.05 0.8365999999999999 0.11340000000000006
-2702.357946407948 0.05 0.8573 0.0927
-2681.0881728248705 0.05 0.8779999999999999 0.07200000000000006
-2659.8733457625594 0.05 0.8986999999999998 0.05130000000000012
-2638.1049608380868 0.05 0.9193999999999999 0.03060000000000007
-3472.6470296207553 0.0707 0.05 0.8793
-3458.626529103619 0.0707 0.0707 0.8586
-3444.083356682563 0.0707 0.0914 0.8379
-3429.8957352699304 0.0707 0.11209999999999999 0.8172
-3415.955095781655 0.0707 0.13279999999999997 0.7965
-3400.10232521838 0.0707 0.15349999999999997 0.7758
-3386.366766751208 0.0707 0.17419999999999997 0.7551000000000001
-3370.9081001350746 0.0707 0.19489999999999996 0.7344
-3357.412992682067 0.0707 0.21559999999999996 0.7137
-3340.2183871763864 0.0707 0.23629999999999995 0.6930000000000001
-3325.2413742851404 0.0707 0.25699999999999995 0.6723000000000001
-3308.786705281863 0.0707 0.27769999999999995 0.6516000000000001
-3292.1348594503693 0.0707 0.29839999999999994 0.6309
-3276.9889007610896 0.0707 0.31909999999999994 0.6102000000000001
-3259.5142866564324 0.0707 0.33979999999999994 0.5895000000000001
-3243.171669157256 0.0707 0.36049999999999993 0.5688000000000001
-3226.6725526687137 0.0707 0.38119999999999993 0.5481
-3209.9195926541483 0.0707 0.4018999999999999 0.5274000000000001
-3193.1760453935517 0.0707 0.4225999999999999 0.5067000000000002
-3176.089450621667 0.0707 0.4432999999999999 0.4860000000000001
-3158.5979600387964 0.0707 0.4639999999999999 0.4653000000000001
-3140.9160038742325 0.0707 0.4846999999999999 0.4446000000000001
-3122.975269913425 0.0707 0.5054 0.42390000000000005
-3104.1695465692555 0.0707 0.5260999999999999 0.4032000000000001
-3085.7046395576945 0.0707 0.5468 0.38250000000000006
-3067.329289364073 0.0707 0.5674999999999999 0.3618000000000001
-3047.9845474140766 0.0707 0.5882 0.34110000000000007
-3030.5191121158796 0.0707 0.6089 0.3204
-3010.790689262112 0.0707 0.6295999999999999 0.2997000000000001
-2992.4086412293996 0.0707 0.6502999999999999 0.27900000000000014
-2972.87071800826 0.0707 0.6709999999999999 0.2583000000000001
-2953.1161415378388 0.0707 0.6917 0.23760000000000003
-2932.8688352648087 0.0707 0.7123999999999999 0.2169000000000001
-2911.9013820684863 0.0707 0.7330999999999999 0.19620000000000015
-2891.3231070919333 0.0707 0.7537999999999999 0.1755000000000001
-2870.4624756382414 0.0707 0.7745 0.15480000000000005
-2848.8740895583164 0.0707 0.7951999999999999 0.1341000000000001
-2827.3712517416416 0.0707 0.8158999999999998 0.11340000000000017
-2805.7023578770086 0.0707 0.8365999999999999 0.09270000000000012
-2784.194921751046 0.0707 0.8573 0.07200000000000006
-2762.9754650028162 0.0707 0.8779999999999999 0.05130000000000012
-2741.267901479267 0.0707 0.8986999999999998 0.030600000000000183
-3561.103516372299 0.0914 0.05 0.8585999999999999
-3547.135055626241 0.0914 0.0707 0.8379
-3532.138635223224 0.0914 0.0914 0.8171999999999999
-3518.7775523407513 0.0914 0.11209999999999999 0.7965
-3504.4925893434784 0.0914 0.13279999999999997 0.7758
-3488.660839204146 0.0914 0.15349999999999997 0.7551
-3474.5376774560227 0.0914 0.17419999999999997 0.7343999999999999
-3460.064641415254 0.0914 0.19489999999999996 0.7137
-3442.9153674284807 0.0914 0.21559999999999996 0.6930000000000001
-3427.2785429342075 0.0914 0.23629999999999995 0.6723
-3411.680914521815 0.0914 0.25699999999999995 0.6516
-3395.8622954746543 0.0914 0.27769999999999995 0.6309
-3379.1998728992644 0.0914 0.29839999999999994 0.6102000000000001
-3363.7451989195615 0.0914 0.31909999999999994 0.5895
-3346.705349265386 0.0914 0.33979999999999994 0.5688
-3331.0065686010016 0.0914 0.36049999999999993 0.5481
-3313.9708040755017 0.0914 0.38119999999999993 0.5274000000000001
-3297.1764552009076 0.0914 0.4018999999999999 0.5067
-3280.143585354107 0.0914 0.4225999999999999 0.48600000000000004
-3262.4267899763654 0.0914 0.4432999999999999 0.46530000000000005
-3245.418040563048 0.0914 0.4639999999999999 0.44460000000000005
-3228.4416723196764 0.0914 0.4846999999999999 0.42390000000000005
-3209.228004975907 0.0914 0.5054 0.4032
-3190.8302740832223 0.0914 0.5260999999999999 0.38250000000000006
-3172.0340342802097 0.0914 0.5468 0.3618
-3153.339213389687 0.0914 0.5674999999999999 0.34110000000000007
-3135.8365583257887 0.0914 0.5882 0.3204
-3115.718174582916 0.0914 0.6089 0.29969999999999997
-3097.393187803341 0.0914 0.6295999999999999 0.279
-3077.8314978272806 0.0914 0.6502999999999999 0.2583000000000001
-3059.7735918180756 0.0914 0.6709999999999999 0.23760000000000003
-3038.205350589518 0.0914 0.6917 0.21689999999999998
-3017.8589890700246 0.0914 0.7123999999999999 0.19620000000000004
-2996.650280390755 0.0914 0.7330999999999999 0.1755000000000001
-2975.6685680398614 0.0914 0.7537999999999999 0.15480000000000005
-2954.021928566446 0.0914 0.7745 0.1341
-2932.814675681944 0.0914 0.7951999999999999 0.11340000000000006
-2911.3006490693215 0.0914 0.8158999999999998 0.09270000000000012
-2890.0336890128233 0.0914 0.8365999999999999 0.07200000000000006
-2868.7926757478613 0.0914 0.8573 0.05130000000000001
-2846.892264447026 0.0914 0.8779999999999999 0.03060000000000007
