-4689.973689156839 0.36049999999999993 0.05 0.5895
-4676.409609554009 0.36049999999999993 0.0707 0.5688000000000001
-4661.109929371382 0.36049999999999993 0.0914 0.5481
-4647.140324112894 0.36049999999999993 0.11209999999999999 0.5274000000000001
-4632.501767572714 0.36049999999999993 0.13279999999999997 0.5067000000000002
-4616.46471434306 0.36049999999999993 0.15349999999999997 0.4860000000000001
-4601.196891633509 0.36049999999999993 0.17419999999999997 0.4653000000000001
-4584.808998309663 0.36049999999999993 0.19489999999999996 0.4446000000000001
-4568.809078361689 0.36049999999999993 0.21559999999999996 0.4239000000000001
-4552.598106516389 0.36049999999999993 0.23629999999999995 0.4032000000000001
-4536.424643230308 0.36049999999999993 0.25699999999999995 0.3825000000000001
-4519.890970801895 0.36049999999999993 0.27769999999999995 0.3618000000000001
-4502.621416571256 0.36049999999999993 0.29839999999999994 0.3411000000000001
-4485.560180550784 0.36049999999999993 0.31909999999999994 0.32040000000000013
-4467.224988719685 0.36049999999999993 0.33979999999999994 0.29970000000000013
-4449.243205535203 0.36049999999999993 0.36049999999999993 0.27900000000000014
-4430.824797394658 0.36049999999999993 0.38119999999999993 0.25830000000000014
-4412.179397681731 0.36049999999999993 0.4018999999999999 0.23760000000000014
-4393.435793667713 0.36049999999999993 0.4225999999999999 0.21690000000000015
-4374.689041692749 0.36049999999999993 0.4432999999999999 0.19620000000000015
-4356.126469204907 0.36049999999999993 0.4639999999999999 0.17550000000000016
-4335.9519049045375 0.36049999999999993 0.4846999999999999 0.15480000000000016
-4315.57519695978 0.36049999999999993 0.5054 0.1341000000000001
-4294.285875342346 0.36049999999999993 0.5260999999999999 0.11340000000000017
-4272.615628706918 0.36049999999999993 0.5468 0.09270000000000012
-4251.91248831168 0.36049999999999993 0.5674999999999999 0.07200000000000017
-4230.372496744343 0.36049999999999993 0.5882 0.05130000000000012
-4208.586079512879 0.36049999999999993 0.6089 0.03060000000000007
-4776.8990492192115 0.38119999999999993 0.05 0.5688
-4762.088741968957 0.38119999999999993 0.0707 0.5481
-4747.922909191447 0.38119999999999993 0.0914 0.5274
-4733.29952548748 0.38119999999999993 0.11209999999999999 0.5067
-4718.656876425798 0.38119999999999993 0.13279999999999997 0.48600000000000004
-4703.2432086154995 0.38119999999999993 0.15349999999999997 0.46530000000000005
-4687.239863138355 0.38119999999999993 0.17419999999999997 0.44460000000000005
-4670.796322682155 0.38119999999999993 0.19489999999999996 0.42390000000000005
-4655.046470861411 0.38119999999999993 0.21559999999999996 0.40320000000000006
-4638.567991964664 0.38119999999999993 0.23629999999999995 0.38250000000000006
-4622.396470076412 0.38119999999999993 0.25699999999999995 0.36180000000000007
-4608.365748834281 0.38119999999999993 0.27769999999999995 0.34110000000000007
-4587.884816803936 0.38119999999999993 0.29839999999999994 0.3204000000000001
-4572.5512598321575 0.38119999999999993 0.31909999999999994 0.2997000000000001
-4552.271092854807 0.38119999999999993 0.33979999999999994 0.2790000000000001
-4534.637057775183 0.38119999999999993 0.36049999999999993 0.2583000000000001
-4517.458518622952 0.38119999999999993 0.38119999999999993 0.2376000000000001
-4496.975501015555 0.38119999999999993 0.4018999999999999 0.2169000000000001
-4477.997101308363 0.38119999999999993 0.4225999999999999 0.1962000000000001
-4459.374376863398 0.38119999999999993 0.4432999999999999 0.1755000000000001
-4439.226568627843 0.38119999999999993 0.4639999999999999 0.1548000000000001
-4419.1913904017965 0.38119999999999993 0.4846999999999999 0.1341000000000001
-4398.254004598048 0.38119999999999993 0.5054 0.11340000000000006
-4376.7419856712195 0.38119999999999993 0.5260999999999999 0.09270000000000012
-4355.768953269682 0.38119999999999993 0.5468 0.07200000000000006
-4333.942708866554 0.38119999999999993 0.5674999999999999 0.05130000000000012
-4312.427032707516 0.38119999999999993 0.5882 0.03060000000000007
-4865.237891541767 0.4018999999999999 0.05 0.5481
-4850.8537806783825 0.4018999999999999 0.0707 0.5274000000000001
-4835.969065403438 0.4018999999999999 0.0914 0.5067
-4822.301145706799 0.4018999999999999 0.11209999999999999 0.4860000000000001
-4806.490202855268 0.4018999999999999 0.13279999999999997 0.4653000000000001
-4791.78007914314 0.4018999999999999 0.15349999999999997 0.4446000000000001
-4775.558450969292 0.4018999999999999 0.17419999999999997 0.4239000000000001
-4758.82058868991 0.4018999999999999 0.19489999999999996 0.4032000000000001
-4742.733808093981 0.4018999999999999 0.21559999999999996 0.3825000000000001
-4724.041819839694 0.4018999999999999 0.23629999999999995 0.3618000000000001
-4709.757810843292 0.4018999999999999 0.25699999999999995 0.3411000000000001
-4694.1048004530285 0.4018999999999999 0.27769999999999995 0.32040000000000013
-4675.515781686017 0.4018999999999999 0.29839999999999994 0.29970000000000013
-4657.514043538579 0.4018999999999999 0.31909999999999994 0.27900000000000014
-4636.993832720121 0.4018999999999999 0.33979999999999994 0.25830000000000014
-4620.8906079471835 0.4018999999999999 0.36049999999999993 0.23760000000000014
-4602.616088689847 0.4018999999999999 0.38119999999999993 0.21690000000000015
-4583.570839953366 0.4018999999999999 0.4018999999999999 0.19620000000000015
-4564.803598399471 0.4018999999999999 0.4225999999999999 0.17550000000000016
-4545.395370724526 0.4018999999999999 0.4432999999999999 0.15480000000000016
-4526.063910556878 0.4018999999999999 0.4639999999999999 0.13410000000000016
-4505.3086397852385 0.4018999999999999 0.4846999999999999 0.11340000000000017
-4483.320983104627 0.4018999999999999 0.5054 0.09270000000000012
-4461.87656284293 0.4018999999999999 0.5260999999999999 0.07200000000000017
-4440.727214161793 0.4018999999999999 0.5468 0.05130000000000012
-4418.66887726627 0.4018999999999999 0.5674999999999999 0.030600000000000183
