-5736.874413444976 0.6089 0.05 0.3411
-5722.93935723028 0.6089 0.0707 0.3204
-5706.920686109245 0.6089 0.0914 0.2997
-5691.263015887397 0.6089 0.11209999999999999 0.279
-5672.656890375807 0.6089 0.13279999999999997 0.25830000000000003
-5658.745973427467 0.6089 0.15349999999999997 0.23760000000000003
-5642.474223219782 0.6089 0.17419999999999997 0.21690000000000004
-5624.928876289819 0.6089 0.19489999999999996 0.19620000000000004
-5606.988156091331 0.6089 0.21559999999999996 0.17550000000000004
-5585.89823390136 0.6089 0.23629999999999995 0.15480000000000005
-5569.599997797775 0.6089 0.25699999999999995 0.13410000000000005
-5551.210744105451 0.6089 0.27769999999999995 0.11340000000000006
-5531.4048750714355 0.6089 0.29839999999999994 0.09270000000000006
-5510.239041871008 0.6089 0.31909999999999994 0.07200000000000006
-5487.1346781402735 0.6089 0.33979999999999994 0.05130000000000007
-5467.7471781354025 0.6089 0.36049999999999993 0.03060000000000007
-5823.010076253873 0.6295999999999999 0.05 0.3204000000000001
-5810.975113563396 0.6295999999999999 0.0707 0.2997000000000001
-5792.878349946909 0.6295999999999999 0.0914 0.2790000000000001
-5777.4805621326705 0.6295999999999999 0.11209999999999999 0.2583000000000001
-5760.963763322741 0.6295999999999999 0.13279999999999997 0.2376000000000001
-5744.903103105062 0.6295999999999999 0.15349999999999997 0.2169000000000001
-5730.287193019516 0.6295999999999999 0.17419999999999997 0.1962000000000001
-5709.597737137501 0.6295999999999999 0.19489999999999996 0.1755000000000001
-5691.317579264297 0.6295999999999999 0.21559999999999996 0.1548000000000001
-5672.637489867534 0.6295999999999999 0.23629999999999995 0.1341000000000001
-5653.938794073747 0.6295999999999999 0.25699999999999995 0.11340000000000011
-5637.440986161239 0.6295999999999999 0.27769999999999995 0.09270000000000012
-5614.544582445956 0.6295999999999999 0.29839999999999994 0.07200000000000012
-5593.192691182207 0.6295999999999999 0.31909999999999994 0.05130000000000012
-5571.625505063554 0.6295999999999999 0.33979999999999994 0.030600000000000127
-5911.230347439099 0.6502999999999999 0.05 0.29970000000000013
-5897.281080012744 0.6502999999999999 0.0707 0.27900000000000014
-5878.947980286493 0.6502999999999999 0.0914 0.25830000000000014
-5865.201876837096 0.6502999999999999 0.11209999999999999 0.23760000000000014
-5846.41971414487 0.6502999999999999 0.13279999999999997 0.21690000000000015
-5832.460070600764 0.6502999999999999 0.15349999999999997 0.19620000000000015
-5815.392277684939 0.6502999999999999 0.17419999999999997 0.17550000000000016
-5794.618362516876 0.6502999999999999 0.19489999999999996 0.15480000000000016
-5778.371645846146 0.6502999999999999 0.21559999999999996 0.13410000000000016
-5757.576298874082 0.6502999999999999 0.23629999999999995 0.11340000000000017
-5740.527535847212 0.6502999999999999 0.25699999999999995 0.09270000000000017
-5720.565607008517 0.6502999999999999 0.27769999999999995 0.07200000000000017
-5696.980451745748 0.6502999999999999 0.29839999999999994 0.05130000000000018
-5677.940711381171 0.6502999999999999 0.31909999999999994 0.030600000000000183
