-4431.149324421829 0.29839999999999994 0.05 0.6516
-4415.768493420651 0.29839999999999994 0.0707 0.6309
-4399.92811937817 0.29839999999999994 0.0914 0.6102
-4386.271379048412 0.29839999999999994 0.11209999999999999 0.5895
-4371.825769441289 0.29839999999999994 0.13279999999999997 0.5688
-4356.245287346097 0.29839999999999994 0.15349999999999997 0.5481
-4341.785765247749 0.29839999999999994 0.17419999999999997 0.5274000000000001
-4325.141324925921 0.29839999999999994 0.19489999999999996 0.5067
-4308.8774906501785 0.29839999999999994 0.21559999999999996 0.48600000000000004
-4292.877412184164 0.29839999999999994 0.23629999999999995 0.46530000000000005
-4276.679840448068 0.29839999999999994 0.25699999999999995 0.44460000000000005
-4260.384567209462 0.29839999999999994 0.27769999999999995 0.42390000000000005
-4244.0995377913705 0.29839999999999994 0.29839999999999994 0.40320000000000006
-4226.734406375182 0.29839999999999994 0.31909999999999994 0.38250000000000006
-4209.403135050639 0.29839999999999994 0.33979999999999994 0.36180000000000007
-4191.858223413281 0.29839999999999994 0.36049999999999993 0.34110000000000007
-4173.960793075989 0.29839999999999994 0.38119999999999993 0.3204000000000001
-4155.849128545487 0.29839999999999994 0.4018999999999999 0.2997000000000001
-4137.686157224488 0.29839999999999994 0.4225999999999999 0.2790000000000001
-4118.703834011092 0.29839999999999994 0.4432999999999999 0.2583000000000001
-4099.96142973996 0.29839999999999994 0.4639999999999999 0.2376000000000001
-4080.8622748592443 0.29839999999999994 0.4846999999999999 0.2169000000000001
-4062.025944113686 0.29839999999999994 0.5054 0.19620000000000004
-4042.615977845519 0.29839999999999994 0.5260999999999999 0.1755000000000001
-4021.8424609293697 0.29839999999999994 0.5468 0.15480000000000005
-4001.7598172482326 0.29839999999999994 0.5674999999999999 0.1341000000000001
-3980.719810428136 0.29839999999999994 0.5882 0.11340000000000006
-3958.7909874462975 0.29839999999999994 0.6089 0.0927
-3937.3484764314094 0.29839999999999994 0.6295999999999999 0.07200000000000006
-3916.2724362973117 0.29839999999999994 0.6502999999999999 0.05130000000000012
-3894.1274691417966 0.29839999999999994 0.6709999999999999 0.03060000000000007
-4516.445446997323 0.31909999999999994 0.05 0.6309
-4501.046355866664 0.31909999999999994 0.0707 0.6102000000000001
-4485.969899897933 0.31909999999999994 0.0914 0.5895
-4472.425872304032 0.31909999999999994 0.11209999999999999 0.5688000000000001
-4458.358954974698 0.31909999999999994 0.13279999999999997 0.5481
-4442.475852897967 0.31909999999999994 0.15349999999999997 0.5274000000000001
-4427.024230335065 0.31909999999999994 0.17419999999999997 0.5067000000000002
-4410.961829477017 0.31909999999999994 0.19489999999999996 0.4860000000000001
-4394.971189240512 0.31909999999999994 0.21559999999999996 0.4653000000000001
-4378.440467376468 0.31909999999999994 0.23629999999999995 0.4446000000000001
-4362.717805178841 0.31909999999999994 0.25699999999999995 0.4239000000000001
-4346.434318626778 0.31909999999999994 0.27769999999999995 0.4032000000000001
-4329.344589626255 0.31909999999999994 0.29839999999999994 0.3825000000000001
-4312.764836720708 0.31909999999999994 0.31909999999999994 0.3618000000000001
-4295.089045077919 0.31909999999999994 0.33979999999999994 0.3411000000000001
-4277.428074816217 0.31909999999999994 0.36049999999999993 0.32040000000000013
-4258.782806005976 0.31909999999999994 0.38119999999999993 0.29970000000000013
-4240.531834987857 0.31909999999999994 0.4018999999999999 0.27900000000000014
-4222.611840175034 0.31909999999999994 0.4225999999999999 0.25830000000000014
-4203.012214199828 0.31909999999999994 0.4432999999999999 0.23760000000000014
-4184.834373678539 0.31909999999999994 0.4639999999999999 0.21690000000000015
-4165.185692222798 0.31909999999999994 0.4846999999999999 0.19620000000000015
-4146.326668524349 0.31909999999999994 0.5054 0.1755000000000001
-4125.990789692342 0.31909999999999994 0.5260999999999999 0.15480000000000016
-4105.66567772318 0.31909999999999994 0.5468 0.1341000000000001
-4084.4091756456146 0.31909999999999994 0.5674999999999999 0.11340000000000017
-4062.411850599531 0.31909999999999994 0.5882 0.09270000000000012
-4041.2694439448355 0.31909999999999994 0.6089 0.07200000000000006
-4020.3135283180122 0.31909999999999994 0.6295999999999999 0.05130000000000012
-3998.3659269148584 0.31909999999999994 0.6502999999999999 0.030600000000000183
-4603.644591006649 0.33979999999999994 0.05 0.6102000000000001
-4589.712941092834 0.33979999999999994 0.0707 0.5895000000000001
-4574.6493079255115 0.33979999999999994 0.0914 0.5688000000000001
-4561.217328014004 0.33979999999999994 0.11209999999999999 0.5481000000000001
-4545.962549238276 0.33979999999999994 0.13279999999999997 0.5274000000000001
-4530.680659981245 0.33979999999999994 0.15349999999999997 0.5067000000000002
-4515.884618183074 0.33979999999999994 0.17419999999999997 0.48600000000000015
-4499.183217600986 0.33979999999999994 0.19489999999999996 0.46530000000000016
-4483.121008918309 0.33979999999999994 0.21559999999999996 0.44460000000000016
-4466.530087705639 0.33979999999999994 0.23629999999999995 0.42390000000000017
-4450.669780563118 0.33979999999999994 0.25699999999999995 0.40320000000000017
-4434.514889190165 0.33979999999999994 0.27769999999999995 0.3825000000000002
-4417.215527980923 0.33979999999999994 0.29839999999999994 0.3618000000000002
-4399.870318787508 0.33979999999999994 0.31909999999999994 0.3411000000000002
-4380.245736165924 0.33979999999999994 0.33979999999999994 0.3204000000000002
-4364.358344759587 0.33979999999999994 0.36049999999999993 0.2997000000000002
-4345.968495282665 0.33979999999999994 0.38119999999999993 0.2790000000000002
-4327.602811528293 0.33979999999999994 0.4018999999999999 0.2583000000000002
-4309.201282726602 0.33979999999999994 0.4225999999999999 0.2376000000000002
-4290.615502118163 0.33979999999999994 0.4432999999999999 0.2169000000000002
-4270.975607718089 0.33979999999999994 0.4639999999999999 0.1962000000000002
-4252.12321208548 0.33979999999999994 0.4846999999999999 0.1755000000000002
-4232.3688499299315 0.33979999999999994 0.5054 0.15480000000000016
-4211.462422769921 0.33979999999999994 0.5260999999999999 0.13410000000000022
-4190.032184748132 0.33979999999999994 0.5468 0.11340000000000017
-4168.9434444345425 0.33979999999999994 0.5674999999999999 0.09270000000000023
-4147.5756906991755 0.33979999999999994 0.5882 0.07200000000000017
-4126.3203140862515 0.33979999999999994 0.6089 0.05130000000000012
-4102.063702216376 0.33979999999999994 0.6295999999999999 0.030600000000000183
