-6265.687042278095 0.7330999999999999 0.05 0.21690000000000015
-6254.295049890266 0.7330999999999999 0.0707 0.19620000000000015
-6236.6987245937335 0.7330999999999999 0.0914 0.17550000000000016
-6220.941868382006 0.7330999999999999 0.11209999999999999 0.15480000000000016
-6203.08005368954 0.7330999999999999 0.13279999999999997 0.13410000000000016
-6184.616996875112 0.7330999999999999 0.15349999999999997 0.11340000000000017
-6167.698883675182 0.7330999999999999 0.17419999999999997 0.09270000000000017
-6145.790528621468 0.7330999999999999 0.19489999999999996 0.07200000000000017
-6124.180829246041 0.7330999999999999 0.21559999999999996 0.05130000000000018
-6101.19130986076 0.7330999999999999 0.23629999999999995 0.030600000000000183
-6354.091662360127 0.7537999999999999 0.05 0.1962000000000001
-6340.093846804442 0.7537999999999999 0.0707 0.1755000000000001
-6321.908169448223 0.7537999999999999 0.0914 0.1548000000000001
-6308.318248805539 0.7537999999999999 0.11209999999999999 0.1341000000000001
-6287.139691563133 0.7537999999999999 0.13279999999999997 0.11340000000000011
-6270.437771885588 0.7537999999999999 0.15349999999999997 0.09270000000000012
-6252.066976445844 0.7537999999999999 0.17419999999999997 0.07200000000000012
-6228.670225492083 0.7537999999999999 0.19489999999999996 0.05130000000000012
-6208.511799202229 0.7537999999999999 0.21559999999999996 0.030600000000000127
-6440.395396207532 0.7745 0.05 0.17550000000000004
-6426.721062692135 0.7745 0.0707 0.15480000000000005
-6410.457430572121 0.7745 0.0914 0.13410000000000005
-6392.668680710203 0.7745 0.11209999999999999 0.11340000000000004
-6373.736871061382 0.7745 0.13279999999999997 0.09270000000000006
-6355.05878330847 0.7745 0.15349999999999997 0.07200000000000006
-6334.774314455605 0.7745 0.17419999999999997 0.05130000000000007
-6312.286076546006 0.7745 0.19489999999999996 0.03060000000000007
