-6007.648637347116 0.6709999999999999 0.05 0.2790000000000001
-5992.81252588792 0.6709999999999999 0.0707 0.2583000000000001
-5976.910142396673 0.6709999999999999 0.0914 0.2376000000000001
-5961.195662521888 0.6709999999999999 0.11209999999999999 0.2169000000000001
-5945.348733923249 0.6709999999999999 0.13279999999999997 0.1962000000000001
-5928.788110835845 0.6709999999999999 0.15349999999999997 0.1755000000000001
-5910.110828328959 0.6709999999999999 0.17419999999999997 0.1548000000000001
-5890.702427806407 0.6709999999999999 0.19489999999999996 0.1341000000000001
-5871.878025417274 0.6709999999999999 0.21559999999999996 0.11340000000000011
-5852.09021248077 0.6709999999999999 0.23629999999999995 0.09270000000000012
-5831.20444974348 0.6709999999999999 0.25699999999999995 0.07200000000000012
-5809.3769621943175 0.6709999999999999 0.27769999999999995 0.05130000000000012
-5786.660494280014 0.6709999999999999 0.29839999999999994 0.030600000000000127
-6093.877534662591 0.6917 0.05 0.25830000000000003
-6080.553867950731 0.6917 0.0707 0.23760000000000003
-6062.61960717785 0.6917 0.0914 0.21690000000000004
-6049.118348443356 0.6917 0.11209999999999999 0.19620000000000004
-6031.394542502829 0.6917 0.13279999999999997 0.17550000000000004
-6013.19960496291 0.6917 0.15349999999999997 0.15480000000000005
-5997.078159651146 0.6917 0.17419999999999997 0.13410000000000005
-5975.41560063365 0.6917 0.19489999999999996 0.11340000000000006
-5958.462780425807 0.6917 0.21559999999999996 0.09270000000000006
-5935.534955209676 0.6917 0.23629999999999995 0.07200000000000006
-5913.685245133929 0.6917 0.25699999999999995 0.05130000000000007
-5893.862823717139 0.6917 0.27769999999999995 0.03060000000000007
-6181.062002443845 0.7123999999999999 0.05 0.2376000000000001
-6166.612999782866 0.7123999999999999 0.0707 0.2169000000000001
-6150.247479550622 0.7123999999999999 0.0914 0.1962000000000001
-6135.3175267660035 0.7123999999999999 0.11209999999999999 0.1755000000000001
-6115.597983147927 0.7123999999999999 0.13279999999999997 0.1548000000000001
-6099.49119486673 0.7123999999999999 0.15349999999999997 0.1341000000000001
-6080.4906669508455 0.7123999999999999 0.17419999999999997 0.11340000000000011
-6061.331470495334 0.7123999999999999 0.19489999999999996 0.09270000000000012
-6041.929777041888 0.7123999999999999 0.21559999999999996 0.07200000000000012
-6017.624564130973 0.7123999999999999 0.23629999999999995 0.05130000000000012
-5997.747522277391 0.7123999999999999 0.25699999999999995 0.030600000000000127
