-3653.7026031891005 0.11209999999999999 0.05 0.8379
-3642.457256451174 0.11209999999999999 0.0707 0.8172
-3630.4465079898314 0.11209999999999999 0.0914 0.7965
-3619.7608948365705 0.11209999999999999 0.11209999999999999 0.7758
-3608.8924111684632 0.11209999999999999 0.13279999999999997 0.7551000000000001
-3592.8861501082038 0.11209999999999999 0.15349999999999997 0.7344
-3577.6983650612356 0.11209999999999999 0.17419999999999997 0.7137
-3561.3327794280685 0.11209999999999999 0.19489999999999996 0.6930000000000001
-3545.7554027931437 0.11209999999999999 0.21559999999999996 0.6723000000000001
-3529.6071270328985 0.11209999999999999 0.23629999999999995 0.6516000000000001
-3514.584519843334 0.11209999999999999 0.25699999999999995 0.6309
-3500.794464986891 0.11209999999999999 0.27769999999999995 0.6102000000000001
-3483.0545540990356 0.11209999999999999 0.29839999999999994 0.5895000000000001
-3468.222860044078 0.11209999999999999 0.31909999999999994 0.5688000000000001
-3451.8073002094793 0.11209999999999999 0.33979999999999994 0.5481
-3435.828157382546 0.11209999999999999 0.36049999999999993 0.5274000000000001
-3418.971092808657 0.11209999999999999 0.38119999999999993 0.5067000000000002
-3400.782163648011 0.11209999999999999 0.4018999999999999 0.4860000000000001
-3381.1806836715136 0.11209999999999999 0.4225999999999999 0.4653000000000001
-3362.8370832600067 0.11209999999999999 0.4432999999999999 0.4446000000000001
-3344.2653175546507 0.11209999999999999 0.4639999999999999 0.4239000000000001
-3325.802710547447 0.11209999999999999 0.4846999999999999 0.4032000000000001
-3306.400192387266 0.11209999999999999 0.5054 0.38250000000000006
-3287.177403266297 0.11209999999999999 0.5260999999999999 0.3618000000000001
-3267.1869049532374 0.11209999999999999 0.5468 0.34110000000000007
-3249.157647740257 0.11209999999999999 0.5674999999999999 0.32040000000000013
-3228.8624347048067 0.11209999999999999 0.5882 0.2997000000000001
-3209.868216280752 0.11209999999999999 0.6089 0.279
-3189.7918602750146 0.11209999999999999 0.6295999999999999 0.2583000000000001
-3168.2043950140305 0.11209999999999999 0.6502999999999999 0.23760000000000014
-3146.283995896172 0.11209999999999999 0.6709999999999999 0.2169000000000001
-3123.3578206758284 0.11209999999999999 0.6917 0.19620000000000004
-3102.0761762981006 0.11209999999999999 0.7123999999999999 0.1755000000000001
-3081.6867658571423 0.11209999999999999 0.7330999999999999 0.15480000000000016
-3058.122787602388 0.11209999999999999 0.7537999999999999 0.1341000000000001
-3035.517103049535 0.11209999999999999 0.7745 0.11340000000000006
-3011.8829808433093 0.11209999999999999 0.7951999999999999 0.09270000000000012
-2989.9469759785325 0.11209999999999999 0.8158999999999998 0.07200000000000017
-2967.347375533292 0.11209999999999999 0.8365999999999999 0.05130000000000012
-2944.3997731809277 0.11209999999999999 0.8573 0.03060000000000007
-3743.1815009341094 0.13279999999999997 0.05 0.8171999999999999
-3731.630265923794 0.13279999999999997 0.0707 0.7965
-3719.7714046151996 0.13279999999999997 0.0914 0.7757999999999999
-3709.5973858328293 0.13279999999999997 0.11209999999999999 0.7551
-3693.9899134670773 0.13279999999999997 0.13279999999999997 0.7343999999999999
-3679.1945818140107 0.13279999999999997 0.15349999999999997 0.7137
-3664.2537557989613 0.13279999999999997 0.17419999999999997 0.6930000000000001
-3648.899605178772 0.13279999999999997 0.19489999999999996 0.6723
-3631.0316681407703 0.13279999999999997 0.21559999999999996 0.6516
-3617.855602334509 0.13279999999999997 0.23629999999999995 0.6309
-3602.837492275705 0.13279999999999997 0.25699999999999995 0.6102000000000001
-3587.446824474768 0.13279999999999997 0.27769999999999995 0.5895
-3569.770324659875 0.13279999999999997 0.29839999999999994 0.5688
-3555.994231043525 0.13279999999999997 0.31909999999999994 0.5481
-3539.2526260639124 0.13279999999999997 0.33979999999999994 0.5274000000000001
-3524.380839008416 0.13279999999999997 0.36049999999999993 0.5067
-3505.9458887555475 0.13279999999999997 0.38119999999999993 0.48600000000000004
-3485.878659645812 0.13279999999999997 0.4018999999999999 0.46530000000000005
-3467.5028345702817 0.13279999999999997 0.4225999999999999 0.44460000000000005
-3448.1997331380117 0.13279999999999997 0.4432999999999999 0.42390000000000005
-3430.644749840358 0.13279999999999997 0.4639999999999999 0.40320000000000006
-3410.757419840432 0.13279999999999997 0.4846999999999999 0.38250000000000006
-3392.4249380519595 0.13279999999999997 0.5054 0.3618
-3372.2752637119193 0.13279999999999997 0.5260999999999999 0.34110000000000007
-3352.587531705639 0.13279999999999997 0.5468 0.3204
-3332.767078324951 0.13279999999999997 0.5674999999999999 0.2997000000000001
-3314.193423343313 0.13279999999999997 0.5882 0.279
-3294.06697955053 0.13279999999999997 0.6089 0.2583
-3274.317395003276 0.13279999999999997 0.6295999999999999 0.23760000000000003
-3251.040578755883 0.13279999999999997 0.6502999999999999 0.2169000000000001
-3232.217562970124 0.13279999999999997 0.6709999999999999 0.19620000000000004
-3209.931358931983 0.13279999999999997 0.6917 0.1755
-3187.449218850633 0.13279999999999997 0.7123999999999999 0.15480000000000005
-3165.262471650343 0.13279999999999997 0.7330999999999999 0.1341000000000001
-3142.545131291287 0.13279999999999997 0.7537999999999999 0.11340000000000006
-3119.3836185496143 0.13279999999999997 0.7745 0.0927
-3096.3204926305343 0.13279999999999997 0.7951999999999999 0.07200000000000006
-3074.190151808111 0.13279999999999997 0.8158999999999998 0.05130000000000012
-3050.6804491868097 0.13279999999999997 0.8365999999999999 0.03060000000000007
-3829.1211658032694 0.15349999999999997 0.05 0.7965
-3817.6903470804928 0.15349999999999997 0.0707 0.7758
-3805.3228424831864 0.15349999999999997 0.0914 0.7551
-3793.9596607174612 0.15349999999999997 0.11209999999999999 0.7344
-3777.82864452042 0.15349999999999997 0.13279999999999997 0.7137
-3765.1353594772663 0.15349999999999997 0.15349999999999997 0.6930000000000001
-3749.5123707340304 0.15349999999999997 0.17419999999999997 0.6723000000000001
-3734.17572339748 0.15349999999999997 0.19489999999999996 0.6516000000000001
-3718.2052118335764 0.15349999999999997 0.21559999999999996 0.6309
-3701.4268277826823 0.15349999999999997 0.23629999999999995 0.6102000000000001
-3687.619305440393 0.15349999999999997 0.25699999999999995 0.5895000000000001
-3672.017706083352 0.15349999999999997 0.27769999999999995 0.5688000000000001
-3651.521635182313 0.15349999999999997 0.29839999999999994 0.5481
-3640.073504647658 0.15349999999999997 0.31909999999999994 0.5274000000000001
-3623.5660564961763 0.15349999999999997 0.33979999999999994 0.5067000000000002
-3607.856222213519 0.15349999999999997 0.36049999999999993 0.4860000000000001
-3587.824004225731 0.15349999999999997 0.38119999999999993 0.4653000000000001
-3569.498955565644 0.15349999999999997 0.4018999999999999 0.4446000000000001
-3552.053857041462 0.15349999999999997 0.4225999999999999 0.4239000000000001
-3533.6854821737365 0.15349999999999997 0.4432999999999999 0.4032000000000001
-3514.3435900125914 0.15349999999999997 0.4639999999999999 0.3825000000000001
-3495.4190078936635 0.15349999999999997 0.4846999999999999 0.3618000000000001
-3475.2850715494105 0.15349999999999997 0.5054 0.34110000000000007
-3455.650147762269 0.15349999999999997 0.5260999999999999 0.32040000000000013
-3436.3584736198245 0.15349999999999997 0.5468 0.2997000000000001
-3416.950355075174 0.15349999999999997 0.5674999999999999 0.27900000000000014
-3399.141870236297 0.15349999999999997 0.5882 0.2583000000000001
-3376.204237971717 0.15349999999999997 0.6089 0.23760000000000003
-3359.339694987157 0.15349999999999997 0.6295999999999999 0.2169000000000001
-3336.7338767900637 0.15349999999999997 0.6502999999999999 0.19620000000000015
-3314.6177321288583 0.15349999999999997 0.6709999999999999 0.1755000000000001
-3292.3315161943096 0.15349999999999997 0.6917 0.15480000000000005
-3269.8339147794873 0.15349999999999997 0.7123999999999999 0.1341000000000001
-3246.568343230831 0.15349999999999997 0.7330999999999999 0.11340000000000017
-3223.855365160229 0.15349999999999997 0.7537999999999999 0.09270000000000012
-3201.3939392984707 0.15349999999999997 0.7745 0.07200000000000006
-3178.434607275052 0.15349999999999997 0.7951999999999999 0.05130000000000012
-3155.9752446505195 0.15349999999999997 0.8158999999999998 0.030600000000000183
