-3389.8069303663387 0.05 0.05 0.8999999999999999
-3378.1828566207773 0.05 0.0707 0.8793
-3366.248100952199 0.05 0.0914 0.8585999999999999
-3354.1968751361674 0.05 0.11209999999999999 0.8379
-3341.756732454479 0.05 0.13279999999999997 0.8171999999999999
-3329.73657624761 0.05 0.15349999999999997 0.7965
-3316.602508289307 0.05 0.17419999999999997 0.7758
-3302.9112214963357 0.05 0.19489999999999996 0.7551
-3288.681123399004 0.05 0.21559999999999996 0.7343999999999999
-3272.3854415434303 0.05 0.23629999999999995 0.7137
-3256.1423024076844 0.05 0.25699999999999995 0.6930000000000001
-3240.5244656561904 0.05 0.27769999999999995 0.6723
-3224.4611489633276 0.05 0.29839999999999994 0.6516
-3208.3056695109804 0.05 0.31909999999999994 0.6309
-3192.1728921535328 0.05 0.33979999999999994 0.6102000000000001
-3174.170613187901 0.05 0.36049999999999993 0.5895
-3159.05120396289 0.05 0.38119999999999993 0.5688
-3142.7025360524303 0.05 0.4018999999999999 0.5481
-3127.2394316994623 0.05 0.4225999999999999 0.5274000000000001
-3111.5135200855093 0.05 0.4432999999999999 0.5067
-3092.5866369628498 0.05 0.4639999999999999 0.48600000000000004
-3073.420683416012 0.05 0.4846999999999999 0.46530000000000005
-3052.932958222006 0.05 0.5054 0.4446
-3034.378232876184 0.05 0.5260999999999999 0.42390000000000005
-3015.673139608824 0.05 0.5468 0.4032
-2996.391272304875 0.05 0.5674999999999999 0.38250000000000006
-2976.3392126958925 0.05 0.5882 0.3618
-2956.7144661514894 0.05 0.6089 0.34109999999999996
-2937.3806427962254 0.05 0.6295999999999999 0.3204
-2917.917071249371 0.05 0.6502999999999999 0.2997000000000001
-2898.5123340009686 0.05 0.6709999999999999 0.279
-2878.7037745505245 0.05 0.6917 0.2583
-2857.9759852244483 0.05 0.7123999999999999 0.23760000000000003
-2835.4690825891407 0.05 0.7330999999999999 0.2169000000000001
-2811.6356732714853 0.05 0.7537999999999999 0.19620000000000004
-2789.1017936109865 0.05 0.7745 0.1755
-2766.43901940696 0.05 0.7951999999999999 0.15480000000000005
-2743.0954647671188 0.05 0.8158999999999998 0.1341000000000001
-2722.264440182649 0.05 0.8365999999999999 0.11340000000000006
-2699.162261027133 0.05 0.8573 0.0927
-2677.0289006591274 0.05 0.8779999999999999 0.07200000000000006
-2654.3226179710564 0.05 0.8986999999999998 0.05130000000000012
-2631.53395337083 0.05 0.9193999999999999 0.03060000000000007
-3476.928869448542 0.0707 0.05 0.8793
-3465.315197010644 0.0707 0.0707 0.8586
-3453.794018866926 0.0707 0.0914 0.8379
-3442.174523569797 0.0707 0.11209999999999999 0.8172
-3428.5440236827776 0.0707 0.13279999999999997 0.7965
-3417.878058537164 0.0707 0.15349999999999997 0.7758
-3406.8864582191604 0.0707 0.17419999999999997 0.7551000000000001
-3390.6264665918666 0.0707 0.19489999999999996 0.7344
-3373.995353518591 0.0707 0.21559999999999996 0.7137
-3357.4839797350314 0.0707 0.23629999999999995 0.6930000000000001
-3342.513616124853 0.0707 0.25699999999999995 0.6723000000000001
-3325.268061656386 0.0707 0.27769999999999995 0.6516000000000001
-3309.4926488141746 0.0707 0.29839999999999994 0.6309
-3294.5064945434438 0.0707 0.31909999999999994 0.6102000000000001
-3277.829804635432 0.0707 0.33979999999999994 0.5895000000000001
-3261.6161419925593 0.0707 0.36049999999999993 0.5688000000000001
-3244.8954454736313 0.0707 0.38119999999999993 0.5481
-3228.5348843274664 0.0707 0.4018999999999999 0.5274000000000001
-3213.9708690358675 0.0707 0.4225999999999999 0.5067000000000002
-3194.890462919859 0.0707 0.4432999999999999 0.4860000000000001
-3175.13674198427 0.0707 0.4639999999999999 0.4653000000000001
-3155.8249456363205 0.0707 0.4846999999999999 0.4446000000000001
-3136.1485404237424 0.0707 0.5054 0.42390000000000005
-3116.7445256865685 0.0707 0.5260999999999999 0.4032000000000001
-3099.5153420759952 0.0707 0.5468 0.38250000000000006
-3079.1722269387787 0.0707 0.5674999999999999 0.3618000000000001
-3058.8563626011005 0.0707 0.5882 0.34110000000000007
-3040.433671445349 0.0707 0.6089 0.3204
-3021.082364742832 0.0707 0.6295999999999999 0.2997000000000001
-3001.8390603898238 0.0707 0.6502999999999999 0.27900000000000014
-2982.0014280228293 0.0707 0.6709999999999999 0.2583000000000001
-2960.1154852242753 0.0707 0.6917 0.23760000000000003
-2938.5706505531207 0.0707 0.7123999999999999 0.2169000000000001
-2913.9667162152205 0.0707 0.7330999999999999 0.19620000000000015
-2892.040925813447 0.0707 0.7537999999999999 0.1755000000000001
-2870.6654825064984 0.0707 0.7745 0.15480000000000005
-2846.1730067047597 0.0707 0.7951999999999999 0.1341000000000001
-2825.244463941104 0.0707 0.8158999999999998 0.11340000000000017
-2802.20324176301 0.0707 0.8365999999999999 0.09270000000000012
-2779.5953842896934 0.0707 0.8573 0.07200000000000006
-2757.0880628084005 0.0707 0.8779999999999999 0.05130000000000012
-2733.5786327307324 0.0707 0.8986999999999998 0.030600000000000183
-3566.159514875885 0.0914 0.05 0.8585999999999999
-3554.5874693916253 0.0914 0.0707 0.8379
-3543.418690451637 0.0914 0.0914 0.8171999999999999
-3531.668209863822 0.0914 0.11209999999999999 0.7965
-3519.7482537908613 0.0914 0.13279999999999997 0.7758
-3509.281655002902 0.0914 0.15349999999999997 0.7551
-3494.0311965109076 0.0914 0.17419999999999997 0.7343999999999999
-3476.3912713707987 0.0914 0.19489999999999996 0.7137
-3462.2606114794958 0.0914 0.21559999999999996 0.6930000000000001
-3446.296193661152 0.0914 0.23629999999999995 0.6723
-3430.36294299088 0.0914 0.25699999999999995 0.6516
-3413.580208562477 0.0914 0.27769999999999995 0.6309
-3398.3136843312054 0.0914 0.29839999999999994 0.6102000000000001
-3382.5522297579105 0.0914 0.31909999999999994 0.5895
-3365.534430052924 0.0914 0.33979999999999994 0.5688
-3349.752326209981 0.0914 0.36049999999999993 0.5481
-3334.1561526050277 0.0914 0.38119999999999993 0.5274000000000001
-3318.2543584548725 0.0914 0.4018999999999999 0.5067
-3299.108909928812 0.0914 0.4225999999999999 0.48600000000000004
-3278.9732742710817 0.0914 0.4432999999999999 0.46530000000000005
-3259.5857722746 0.0914 0.4639999999999999 0.44460000000000005
-3242.193526613093 0.0914 0.4846999999999999 0.42390000000000005
-3222.2223725165677 0.0914 0.5054 0.4032
-3203.1384887023596 0.0914 0.5260999999999999 0.38250000000000006
-3183.691725849891 0.0914 0.5468 0.3618
-3164.8801144016443 0.0914 0.5674999999999999 0.34110000000000007
-3144.2805553570342 0.0914 0.5882 0.3204
-3125.8241535944057 0.0914 0.6089 0.29969999999999997
-3107.310933213214 0.0914 0.6295999999999999 0.279
-3086.8463129771017 0.0914 0.6502999999999999 0.2583000000000001
-3065.7259736609603 0.0914 0.6709999999999999 0.23760000000000003
-3043.2233387285146 0.0914 0.6917 0.21689999999999998
-3019.714003085863 0.0914 0.7123999999999999 0.19620000000000004
-2997.1326559205604 0.0914 0.7330999999999999 0.1755000000000001
-2977.1944884849604 0.0914 0.7537999999999999 0.15480000000000005
-2954.162635314437 0.0914 0.7745 0.1341
-2931.6174253997983 0.0914 0.7951999999999999 0.11340000000000006
-2908.832379300909 0.0914 0.8158999999999998 0.09270000000000012
-2886.3295117310627 0.0914 0.8365999999999999 0.07200000000000006
-2863.7164987486985 0.0914 0.8573 0.05130000000000001
-2840.431494001707 0.0914 0.8779999999999999 0.03060000000000007
