-4965.735379807786 0.4225999999999999 0.05 0.5274000000000001
-4952.557081093042 0.4225999999999999 0.0707 0.5067000000000002
-4937.363040069439 0.4225999999999999 0.0914 0.48600000000000015
-4919.6842254170815 0.4225999999999999 0.11209999999999999 0.46530000000000016
-4905.061692890991 0.4225999999999999 0.13279999999999997 0.44460000000000016
-4889.298990149988 0.4225999999999999 0.15349999999999997 0.42390000000000017
-4875.330884896194 0.4225999999999999 0.17419999999999997 0.40320000000000017
-4856.922760551921 0.4225999999999999 0.19489999999999996 0.3825000000000002
-4840.767263570175 0.4225999999999999 0.21559999999999996 0.3618000000000002
-4825.1807513880085 0.4225999999999999 0.23629999999999995 0.3411000000000002
-4808.5906665509 0.4225999999999999 0.25699999999999995 0.3204000000000002
-4792.516917032673 0.4225999999999999 0.27769999999999995 0.2997000000000002
-4771.431005772702 0.4225999999999999 0.29839999999999994 0.2790000000000002
-4754.0092356896375 0.4225999999999999 0.31909999999999994 0.2583000000000002
-4734.288726053476 0.4225999999999999 0.33979999999999994 0.2376000000000002
-4715.445874206595 0.4225999999999999 0.36049999999999993 0.2169000000000002
-4697.993947546863 0.4225999999999999 0.38119999999999993 0.1962000000000002
-4675.998280004891 0.4225999999999999 0.4018999999999999 0.1755000000000002
-4657.485855669953 0.4225999999999999 0.4225999999999999 0.15480000000000022
-4636.155788903219 0.4225999999999999 0.4432999999999999 0.13410000000000022
-4613.669926897032 0.4225999999999999 0.4639999999999999 0.11340000000000022
-4591.484954470293 0.4225999999999999 0.4846999999999999 0.09270000000000023
-4568.529436352807 0.4225999999999999 0.5054 0.07200000000000017
-4546.195048561072 0.4225999999999999 0.5260999999999999 0.051300000000000234
-4523.1686182955245 0.4225999999999999 0.5468 0.030600000000000183
-5052.539394882191 0.4432999999999999 0.05 0.5067
-5041.108289327485 0.4432999999999999 0.0707 0.4860000000000001
-5023.80688890067 0.4432999999999999 0.0914 0.4653000000000001
-5007.817687114469 0.4432999999999999 0.11209999999999999 0.4446000000000001
-4990.129151845115 0.4432999999999999 0.13279999999999997 0.4239000000000001
-4977.367919953227 0.4432999999999999 0.15349999999999997 0.4032000000000001
-4961.295346430776 0.4432999999999999 0.17419999999999997 0.3825000000000001
-4942.673786707938 0.4432999999999999 0.19489999999999996 0.3618000000000001
-4928.669675468066 0.4432999999999999 0.21559999999999996 0.3411000000000001
-4910.153256700525 0.4432999999999999 0.23629999999999995 0.32040000000000013
-4895.552404733413 0.4432999999999999 0.25699999999999995 0.29970000000000013
-4878.023825825365 0.4432999999999999 0.27769999999999995 0.27900000000000014
-4857.789773913406 0.4432999999999999 0.29839999999999994 0.25830000000000014
-4841.029131986088 0.4432999999999999 0.31909999999999994 0.23760000000000014
-4819.2125364651465 0.4432999999999999 0.33979999999999994 0.21690000000000015
-4801.3929216343095 0.4432999999999999 0.36049999999999993 0.19620000000000015
-4782.265441771426 0.4432999999999999 0.38119999999999993 0.17550000000000016
-4760.587692546621 0.4432999999999999 0.4018999999999999 0.15480000000000016
-4742.94059246755 0.4432999999999999 0.4225999999999999 0.13410000000000016
-4718.378437606987 0.4432999999999999 0.4432999999999999 0.11340000000000017
-4698.288514923462 0.4432999999999999 0.4639999999999999 0.09270000000000017
-4675.818642364664 0.4432999999999999 0.4846999999999999 0.07200000000000017
-4653.489149796935 0.4432999999999999 0.5054 0.05130000000000012
-4630.419861308089 0.4432999999999999 0.5260999999999999 0.030600000000000183
-5140.798994659219 0.4639999999999999 0.05 0.48600000000000004
-5124.144819374434 0.4639999999999999 0.0707 0.46530000000000005
-5109.149719444566 0.4639999999999999 0.0914 0.44460000000000005
-5093.772287478568 0.4639999999999999 0.11209999999999999 0.42390000000000005
-5078.329000384703 0.4639999999999999 0.13279999999999997 0.40320000000000006
-5063.236702230657 0.4639999999999999 0.15349999999999997 0.38250000000000006
-5046.426117296592 0.4639999999999999 0.17419999999999997 0.36180000000000007
-5030.528284205069 0.4639999999999999 0.19489999999999996 0.34110000000000007
-5014.312266838278 0.4639999999999999 0.21559999999999996 0.3204000000000001
-4998.867454452305 0.4639999999999999 0.23629999999999995 0.2997000000000001
-4981.6661025730855 0.4639999999999999 0.25699999999999995 0.2790000000000001
-4962.678809431355 0.4639999999999999 0.27769999999999995 0.2583000000000001
-4944.30850326788 0.4639999999999999 0.29839999999999994 0.2376000000000001
-4924.160668191946 0.4639999999999999 0.31909999999999994 0.2169000000000001
-4905.218461588863 0.4639999999999999 0.33979999999999994 0.1962000000000001
-4885.497987615156 0.4639999999999999 0.36049999999999993 0.1755000000000001
-4866.440597420934 0.4639999999999999 0.38119999999999993 0.1548000000000001
-4846.832765336717 0.4639999999999999 0.4018999999999999 0.1341000000000001
-4824.386376841539 0.4639999999999999 0.4225999999999999 0.11340000000000011
-4802.328638321597 0.4639999999999999 0.4432999999999999 0.09270000000000012
-4779.966511696873 0.4639999999999999 0.4639999999999999 0.07200000000000012
-4757.087754829074 0.4639999999999999 0.4846999999999999 0.05130000000000012
-4734.178417610933 0.4639999999999999 0.5054 0.03060000000000007
