-4963.130410990714 0.4225999999999999 0.05 0.5274000000000001
-4956.255577363484 0.4225999999999999 0.0707 0.5067000000000002
-4963.768514254379 0.4225999999999999 0.0914 0.48600000000000015
-4958.378708667931 0.4225999999999999 0.11209999999999999 0.46530000000000016
-4964.948406647669 0.4225999999999999 0.13279999999999997 0.44460000000000016
-4931.937996775051 0.4225999999999999 0.15349999999999997 0.42390000000000017
-4940.277817993091 0.4225999999999999 0.17419999999999997 0.40320000000000017
-4902.64294868226 0.4225999999999999 0.19489999999999996 0.3825000000000002
-4889.113388202677 0.4225999999999999 0.21559999999999996 0.3618000000000002
-4863.049566887138 0.4225999999999999 0.23629999999999995 0.3411000000000002
-4837.562692764011 0.4225999999999999 0.25699999999999995 0.3204000000000002
-4814.567681353786 0.4225999999999999 0.27769999999999995 0.2997000000000002
-4781.828162995512 0.4225999999999999 0.29839999999999994 0.2790000000000002
-4761.169400274544 0.4225999999999999 0.31909999999999994 0.2583000000000002
-4736.178629219554 0.4225999999999999 0.33979999999999994 0.2376000000000002
-4705.561338366894 0.4225999999999999 0.36049999999999993 0.2169000000000002
-4675.906298242644 0.4225999999999999 0.38119999999999993 0.1962000000000002
-4659.053202076583 0.4225999999999999 0.4018999999999999 0.1755000000000002
-4635.967972647255 0.4225999999999999 0.4225999999999999 0.15480000000000022
-4599.606883265759 0.4225999999999999 0.4432999999999999 0.13410000000000022
-4573.673506178158 0.4225999999999999 0.4639999999999999 0.11340000000000022
-4552.743656428655 0.4225999999999999 0.4846999999999999 0.09270000000000023
-4518.256725761675 0.4225999999999999 0.5054 0.07200000000000017
-4495.431664509998 0.4225999999999999 0.5260999999999999 0.051300000000000234
-4464.970184258124 0.4225999999999999 0.5468 0.030600000000000183
-5043.652828135668 0.4432999999999999 0.05 0.5067
-5042.892173074225 0.4432999999999999 0.0707 0.4860000000000001
-5052.9079747114265 0.4432999999999999 0.0914 0.4653000000000001
-5037.749906837179 0.4432999999999999 0.11209999999999999 0.4446000000000001
-5031.39653203268 0.4432999999999999 0.13279999999999997 0.4239000000000001
-5027.512494672081 0.4432999999999999 0.15349999999999997 0.4032000000000001
-5023.56702262019 0.4432999999999999 0.17419999999999997 0.3825000000000001
-4984.733756017712 0.4432999999999999 0.19489999999999996 0.3618000000000001
-4959.801789864658 0.4432999999999999 0.21559999999999996 0.3411000000000001
-4933.865835314382 0.4432999999999999 0.23629999999999995 0.32040000000000013
-4909.156517150807 0.4432999999999999 0.25699999999999995 0.29970000000000013
-4887.928295272188 0.4432999999999999 0.27769999999999995 0.27900000000000014
-4859.800579277909 0.4432999999999999 0.29839999999999994 0.25830000000000014
-4834.480855612011 0.4432999999999999 0.31909999999999994 0.23760000000000014
-4808.4754168073305 0.4432999999999999 0.33979999999999994 0.21690000000000015
-4782.621124251026 0.4432999999999999 0.36049999999999993 0.19620000000000015
-4755.147687520756 0.4432999999999999 0.38119999999999993 0.17550000000000016
-4721.474436621769 0.4432999999999999 0.4018999999999999 0.15480000000000016
-4698.007229569267 0.4432999999999999 0.4225999999999999 0.13410000000000016
-4679.501959384099 0.4432999999999999 0.4432999999999999 0.11340000000000017
-4643.880095122206 0.4432999999999999 0.4639999999999999 0.09270000000000017
-4625.482548512105 0.4432999999999999 0.4846999999999999 0.07200000000000017
-4592.117640804899 0.4432999999999999 0.5054 0.05130000000000012
-4566.694814474476 0.4432999999999999 0.5260999999999999 0.030600000000000183
-5143.886622197745 0.4639999999999999 0.05 0.48600000000000004
-5137.3639357356515 0.4639999999999999 0.0707 0.46530000000000005
-5139.4450947475525 0.4639999999999999 0.0914 0.44460000000000005
-5128.954845679682 0.4639999999999999 0.11209999999999999 0.42390000000000005
-5127.600412596137 0.4639999999999999 0.13279999999999997 0.40320000000000006
-5114.377421164293 0.4639999999999999 0.15349999999999997 0.38250000000000006
-5085.467537506478 0.4639999999999999 0.17419999999999997 0.36180000000000007
-5063.775333562979 0.4639999999999999 0.19489999999999996 0.34110000000000007
-5040.891915784179 0.4639999999999999 0.21559999999999996 0.3204000000000001
-5016.337437790382 0.4639999999999999 0.23629999999999995 0.2997000000000001
-4993.583100216665 0.4639999999999999 0.25699999999999995 0.2790000000000001
-4967.957612722609 0.4639999999999999 0.27769999999999995 0.2583000000000001
-4944.971500177131 0.4639999999999999 0.29839999999999994 0.2376000000000001
-4917.481403363215 0.4639999999999999 0.31909999999999994 0.2169000000000001
-4884.7990888104505 0.4639999999999999 0.33979999999999994 0.1962000000000001
-4859.923736880276 0.4639999999999999 0.36049999999999993 0.1755000000000001
-4834.241494113769 0.4639999999999999 0.38119999999999993 0.1548000000000001
-4811.031084632068 0.4639999999999999 0.4018999999999999 0.1341000000000001
-4779.850573305376 0.4639999999999999 0.4225999999999999 0.11340000000000011
-4741.951511686476 0.4639999999999999 0.4432999999999999 0.09270000000000012
-4724.492360168088 0.4639999999999999 0.4639999999999999 0.07200000000000012
-4707.094445742233 0.4639999999999999 0.4846999999999999 0.05130000000000012
-4676.540860398938 0.4639999999999999 0.5054 0.03060000000000007
