-4708.208078123215 0.36049999999999993 0.05 0.5895
-4708.322459584931 0.36049999999999993 0.0707 0.5688000000000001
-4709.657916602645 0.36049999999999993 0.0914 0.5481
-4704.721901966323 0.36049999999999993 0.11209999999999999 0.5274000000000001
-4711.445986909227 0.36049999999999993 0.13279999999999997 0.5067000000000002
-4701.858630866179 0.36049999999999993 0.15349999999999997 0.4860000000000001
-4698.036675023023 0.36049999999999993 0.17419999999999997 0.4653000000000001
-4677.874786771772 0.36049999999999993 0.19489999999999996 0.4446000000000001
-4650.986434665484 0.36049999999999993 0.21559999999999996 0.4239000000000001
-4631.849000701261 0.36049999999999993 0.23629999999999995 0.4032000000000001
-4603.975102677203 0.36049999999999993 0.25699999999999995 0.3825000000000001
-4581.420190080718 0.36049999999999993 0.27769999999999995 0.3618000000000001
-4553.589146125493 0.36049999999999993 0.29839999999999994 0.3411000000000001
-4530.852332214106 0.36049999999999993 0.31909999999999994 0.32040000000000013
-4502.5583194377605 0.36049999999999993 0.33979999999999994 0.29970000000000013
-4473.606313081023 0.36049999999999993 0.36049999999999993 0.27900000000000014
-4448.609987265718 0.36049999999999993 0.38119999999999993 0.25830000000000014
-4427.363317002895 0.36049999999999993 0.4018999999999999 0.23760000000000014
-4393.762349956522 0.36049999999999993 0.4225999999999999 0.21690000000000015
-4372.077227930637 0.36049999999999993 0.4432999999999999 0.19620000000000015
-4341.937721725098 0.36049999999999993 0.4639999999999999 0.17550000000000016
-4313.53956501484 0.36049999999999993 0.4846999999999999 0.15480000000000016
-4293.470052937386 0.36049999999999993 0.5054 0.1341000000000001
-4266.8031409374125 0.36049999999999993 0.5260999999999999 0.11340000000000017
-4227.63166917055 0.36049999999999993 0.5468 0.09270000000000012
-4210.634788616915 0.36049999999999993 0.5674999999999999 0.07200000000000017
-4178.135215605745 0.36049999999999993 0.5882 0.05130000000000012
-4146.624694018841 0.36049999999999993 0.6089 0.03060000000000007
-4783.257011805792 0.38119999999999993 0.05 0.5688
-4787.275080067076 0.38119999999999993 0.0707 0.5481
-4788.224845266553 0.38119999999999993 0.0914 0.5274
-4784.6136154809265 0.38119999999999993 0.11209999999999999 0.5067
-4781.007001392765 0.38119999999999993 0.13279999999999997 0.48600000000000004
-4777.635650081402 0.38119999999999993 0.15349999999999997 0.46530000000000005
-4778.711403866631 0.38119999999999993 0.17419999999999997 0.44460000000000005
-4753.903827935122 0.38119999999999993 0.19489999999999996 0.42390000000000005
-4731.347573205147 0.38119999999999993 0.21559999999999996 0.40320000000000006
-4700.1738054934 0.38119999999999993 0.23629999999999995 0.38250000000000006
-4680.9823485180605 0.38119999999999993 0.25699999999999995 0.36180000000000007
-4654.197888338426 0.38119999999999993 0.27769999999999995 0.34110000000000007
-4623.602485874255 0.38119999999999993 0.29839999999999994 0.3204000000000001
-4607.314546001149 0.38119999999999993 0.31909999999999994 0.2997000000000001
-4576.799953534656 0.38119999999999993 0.33979999999999994 0.2790000000000001
-4568.379575899557 0.38119999999999993 0.36049999999999993 0.2583000000000001
-4529.296542716408 0.38119999999999993 0.38119999999999993 0.2376000000000001
-4500.989583309116 0.38119999999999993 0.4018999999999999 0.2169000000000001
-4471.193977611 0.38119999999999993 0.4225999999999999 0.1962000000000001
-4443.6919351764745 0.38119999999999993 0.4432999999999999 0.1755000000000001
-4412.571874278413 0.38119999999999993 0.4639999999999999 0.1548000000000001
-4390.123273540681 0.38119999999999993 0.4846999999999999 0.1341000000000001
-4360.581711998623 0.38119999999999993 0.5054 0.11340000000000006
-4329.965290130469 0.38119999999999993 0.5260999999999999 0.09270000000000012
-4308.656045656796 0.38119999999999993 0.5468 0.07200000000000006
-4279.828479209738 0.38119999999999993 0.5674999999999999 0.05130000000000012
-4250.200035412703 0.38119999999999993 0.5882 0.03060000000000007
-4878.932321315363 0.4018999999999999 0.05 0.5481
-4880.690636446459 0.4018999999999999 0.0707 0.5274000000000001
-4877.624814680822 0.4018999999999999 0.0914 0.5067
-4878.204830253377 0.4018999999999999 0.11209999999999999 0.4860000000000001
-4877.632980048952 0.4018999999999999 0.13279999999999997 0.4653000000000001
-4869.238337890606 0.4018999999999999 0.15349999999999997 0.4446000000000001
-4854.43332032932 0.4018999999999999 0.17419999999999997 0.4239000000000001
-4829.719955626913 0.4018999999999999 0.19489999999999996 0.4032000000000001
-4812.918983098024 0.4018999999999999 0.21559999999999996 0.3825000000000001
-4784.937648024386 0.4018999999999999 0.23629999999999995 0.3618000000000001
-4757.812208148239 0.4018999999999999 0.25699999999999995 0.3411000000000001
-4734.314354583742 0.4018999999999999 0.27769999999999995 0.32040000000000013
-4713.082845728683 0.4018999999999999 0.29839999999999994 0.29970000000000013
-4682.067309395244 0.4018999999999999 0.31909999999999994 0.27900000000000014
-4661.6515433941095 0.4018999999999999 0.33979999999999994 0.25830000000000014
-4629.548218088416 0.4018999999999999 0.36049999999999993 0.23760000000000014
-4610.170481156926 0.4018999999999999 0.38119999999999993 0.21690000000000015
-4579.2620829168 0.4018999999999999 0.4018999999999999 0.19620000000000015
-4549.281722081023 0.4018999999999999 0.4225999999999999 0.17550000000000016
-4533.052102735365 0.4018999999999999 0.4432999999999999 0.15480000000000016
-4498.751306163341 0.4018999999999999 0.4639999999999999 0.13410000000000016
-4466.709250582203 0.4018999999999999 0.4846999999999999 0.11340000000000017
-4444.358134053251 0.4018999999999999 0.5054 0.09270000000000012
-4416.618366475296 0.4018999999999999 0.5260999999999999 0.07200000000000017
-4391.107959784425 0.4018999999999999 0.5468 0.05130000000000012
-4352.284597014603 0.4018999999999999 0.5674999999999999 0.030600000000000183
