-4194.177738718661 0.23629999999999995 0.05 0.7137
-4199.358739767659 0.23629999999999995 0.0707 0.6930000000000001
-4201.584471790277 0.23629999999999995 0.0914 0.6723
-4206.368582861805 0.23629999999999995 0.11209999999999999 0.6516000000000001
-4206.5379426068575 0.23629999999999995 0.13279999999999997 0.6309
-4201.839619316886 0.23629999999999995 0.15349999999999997 0.6102000000000001
-4206.220860451485 0.23629999999999995 0.17419999999999997 0.5895000000000001
-4203.428683856771 0.23629999999999995 0.19489999999999996 0.5688000000000001
-4201.076129061206 0.23629999999999995 0.21559999999999996 0.5481
-4167.023054740179 0.23629999999999995 0.23629999999999995 0.5274000000000001
-4147.560777131198 0.23629999999999995 0.25699999999999995 0.5067000000000002
-4123.580615315296 0.23629999999999995 0.27769999999999995 0.4860000000000001
-4099.794097069732 0.23629999999999995 0.29839999999999994 0.4653000000000001
-4070.0929944669183 0.23629999999999995 0.31909999999999994 0.4446000000000001
-4044.9439847601257 0.23629999999999995 0.33979999999999994 0.4239000000000001
-4023.361833496657 0.23629999999999995 0.36049999999999993 0.4032000000000001
-3993.210395329552 0.23629999999999995 0.38119999999999993 0.3825000000000001
-3967.865537488212 0.23629999999999995 0.4018999999999999 0.3618000000000001
-3944.903874297303 0.23629999999999995 0.4225999999999999 0.3411000000000001
-3916.120605005375 0.23629999999999995 0.4432999999999999 0.32040000000000013
-3891.238735401666 0.23629999999999995 0.4639999999999999 0.29970000000000013
-3863.7764557200517 0.23629999999999995 0.4846999999999999 0.27900000000000014
-3838.136708231423 0.23629999999999995 0.5054 0.2583000000000001
-3811.0185510827137 0.23629999999999995 0.5260999999999999 0.23760000000000014
-3778.1185307015753 0.23629999999999995 0.5468 0.2169000000000001
-3756.2855600425714 0.23629999999999995 0.5674999999999999 0.19620000000000015
-3729.0779294621007 0.23629999999999995 0.5882 0.1755000000000001
-3701.6591454931713 0.23629999999999995 0.6089 0.15480000000000005
-3667.1330523938746 0.23629999999999995 0.6295999999999999 0.1341000000000001
-3643.2884223674578 0.23629999999999995 0.6502999999999999 0.11340000000000017
-3615.906338027516 0.23629999999999995 0.6709999999999999 0.09270000000000012
-3593.9603497635635 0.23629999999999995 0.6917 0.07200000000000006
-3564.3191874483114 0.23629999999999995 0.7123999999999999 0.05130000000000012
-3531.732960673798 0.23629999999999995 0.7330999999999999 0.030600000000000183
-4267.258936911495 0.25699999999999995 0.05 0.6930000000000001
-4274.532903182924 0.25699999999999995 0.0707 0.6723000000000001
-4271.123347787614 0.25699999999999995 0.0914 0.6516000000000001
-4285.082077148363 0.25699999999999995 0.11209999999999999 0.6309000000000001
-4286.378712424735 0.25699999999999995 0.13279999999999997 0.6102000000000001
-4278.057896558842 0.25699999999999995 0.15349999999999997 0.5895000000000001
-4278.317340320498 0.25699999999999995 0.17419999999999997 0.5688000000000002
-4279.391103012699 0.25699999999999995 0.19489999999999996 0.5481000000000001
-4265.891772091694 0.25699999999999995 0.21559999999999996 0.5274000000000001
-4243.974542926335 0.25699999999999995 0.23629999999999995 0.5067000000000002
-4215.3702767101895 0.25699999999999995 0.25699999999999995 0.48600000000000015
-4192.370343513881 0.25699999999999995 0.27769999999999995 0.46530000000000016
-4167.450460507408 0.25699999999999995 0.29839999999999994 0.44460000000000016
-4140.501706086766 0.25699999999999995 0.31909999999999994 0.42390000000000017
-4115.268610207202 0.25699999999999995 0.33979999999999994 0.40320000000000017
-4087.7310015845565 0.25699999999999995 0.36049999999999993 0.3825000000000002
-4061.4601220686586 0.25699999999999995 0.38119999999999993 0.3618000000000002
-4038.648972400023 0.25699999999999995 0.4018999999999999 0.3411000000000002
-4014.167987311562 0.25699999999999995 0.4225999999999999 0.3204000000000002
-3988.8605293357255 0.25699999999999995 0.4432999999999999 0.2997000000000002
-3956.4659047421424 0.25699999999999995 0.4639999999999999 0.2790000000000002
-3932.6803553342615 0.25699999999999995 0.4846999999999999 0.2583000000000002
-3904.5608457717226 0.25699999999999995 0.5054 0.23760000000000014
-3879.7476553927045 0.25699999999999995 0.5260999999999999 0.2169000000000002
-3855.7837510402346 0.25699999999999995 0.5468 0.19620000000000015
-3829.0301445963432 0.25699999999999995 0.5674999999999999 0.1755000000000002
-3791.606930062051 0.25699999999999995 0.5882 0.15480000000000016
-3769.426956499517 0.25699999999999995 0.6089 0.1341000000000001
-3745.401193265266 0.25699999999999995 0.6295999999999999 0.11340000000000017
-3709.616561430752 0.25699999999999995 0.6502999999999999 0.09270000000000023
-3691.4961197511066 0.25699999999999995 0.6709999999999999 0.07200000000000017
-3660.121143921685 0.25699999999999995 0.6917 0.05130000000000012
-3633.361068065099 0.25699999999999995 0.7123999999999999 0.030600000000000183
-4365.861110743178 0.27769999999999995 0.05 0.6723
-4372.124554404313 0.27769999999999995 0.0707 0.6516000000000001
-4370.852447721292 0.27769999999999995 0.0914 0.6309
-4368.15685089489 0.27769999999999995 0.11209999999999999 0.6102000000000001
-4366.069688451287 0.27769999999999995 0.13279999999999997 0.5895000000000001
-4364.839526814386 0.27769999999999995 0.15349999999999997 0.5688000000000001
-4368.346262179767 0.27769999999999995 0.17419999999999997 0.5481
-4360.254611511847 0.27769999999999995 0.19489999999999996 0.5274000000000001
-4343.179470846238 0.27769999999999995 0.21559999999999996 0.5067000000000002
-4320.660767060941 0.27769999999999995 0.23629999999999995 0.4860000000000001
-4290.526666494099 0.27769999999999995 0.25699999999999995 0.4653000000000001
-4272.271744618888 0.27769999999999995 0.27769999999999995 0.4446000000000001
-4246.543827557683 0.27769999999999995 0.29839999999999994 0.4239000000000001
-4228.7542184286385 0.27769999999999995 0.31909999999999994 0.4032000000000001
-4194.355092641826 0.27769999999999995 0.33979999999999994 0.3825000000000001
-4166.284604443347 0.27769999999999995 0.36049999999999993 0.3618000000000001
-4138.97540001027 0.27769999999999995 0.38119999999999993 0.3411000000000001
-4120.29992447801 0.27769999999999995 0.4018999999999999 0.32040000000000013
-4090.146805593477 0.27769999999999995 0.4225999999999999 0.29970000000000013
-4063.6004289443736 0.27769999999999995 0.4432999999999999 0.27900000000000014
-4040.1596083927334 0.27769999999999995 0.4639999999999999 0.25830000000000014
-4009.5350917954624 0.27769999999999995 0.4846999999999999 0.23760000000000014
-3987.984624210163 0.27769999999999995 0.5054 0.2169000000000001
-3956.5854824311605 0.27769999999999995 0.5260999999999999 0.19620000000000015
-3932.7493448791456 0.27769999999999995 0.5468 0.1755000000000001
-3901.965442033408 0.27769999999999995 0.5674999999999999 0.15480000000000016
-3876.9457177950776 0.27769999999999995 0.5882 0.1341000000000001
-3847.8164101926054 0.27769999999999995 0.6089 0.11340000000000006
-3833.119918554196 0.27769999999999995 0.6295999999999999 0.09270000000000012
-3798.4146042547864 0.27769999999999995 0.6502999999999999 0.07200000000000017
-3767.5398897963414 0.27769999999999995 0.6709999999999999 0.05130000000000012
-3738.0421099518016 0.27769999999999995 0.6917 0.03060000000000007
