-3910.891886335895 0.17419999999999997 0.05 0.7758
-3944.2251243384267 0.17419999999999997 0.0707 0.7551000000000001
-3943.2507610096036 0.17419999999999997 0.0914 0.7344
-3916.295739937539 0.17419999999999997 0.11209999999999999 0.7137000000000001
-3956.0290889335733 0.17419999999999997 0.13279999999999997 0.6930000000000001
-3954.4831950377475 0.17419999999999997 0.15349999999999997 0.6723000000000001
-3961.4438988839133 0.17419999999999997 0.17419999999999997 0.6516000000000002
-3959.47853002497 0.17419999999999997 0.19489999999999996 0.6309000000000001
-3954.884897768304 0.17419999999999997 0.21559999999999996 0.6102000000000001
-3947.1827630119337 0.17419999999999997 0.23629999999999995 0.5895000000000001
-3916.9925371767745 0.17419999999999997 0.25699999999999995 0.5688000000000002
-3892.20611289073 0.17419999999999997 0.27769999999999995 0.5481000000000001
-3870.6938772676226 0.17419999999999997 0.29839999999999994 0.5274000000000001
-3845.09404144081 0.17419999999999997 0.31909999999999994 0.5067000000000002
-3822.0039285554785 0.17419999999999997 0.33979999999999994 0.48600000000000015
-3793.8467972689373 0.17419999999999997 0.36049999999999993 0.46530000000000016
-3767.873418224492 0.17419999999999997 0.38119999999999993 0.44460000000000016
-3740.972211419135 0.17419999999999997 0.4018999999999999 0.42390000000000017
-3714.975070714547 0.17419999999999997 0.4225999999999999 0.40320000000000017
-3688.8396164084866 0.17419999999999997 0.4432999999999999 0.3825000000000002
-3661.8431442513192 0.17419999999999997 0.4639999999999999 0.3618000000000002
-3644.094019270685 0.17419999999999997 0.4846999999999999 0.3411000000000002
-3613.6401513597066 0.17419999999999997 0.5054 0.32040000000000013
-3586.2781131470856 0.17419999999999997 0.5260999999999999 0.2997000000000002
-3557.979602967496 0.17419999999999997 0.5468 0.27900000000000014
-3531.0097816782827 0.17419999999999997 0.5674999999999999 0.2583000000000002
-3504.54718813956 0.17419999999999997 0.5882 0.23760000000000014
-3476.5730196345107 0.17419999999999997 0.6089 0.2169000000000001
-3450.3705714870284 0.17419999999999997 0.6295999999999999 0.19620000000000015
-3420.592373313208 0.17419999999999997 0.6502999999999999 0.1755000000000002
-3395.3653746945884 0.17419999999999997 0.6709999999999999 0.15480000000000016
-3367.785111565785 0.17419999999999997 0.6917 0.1341000000000001
-3339.7461834048504 0.17419999999999997 0.7123999999999999 0.11340000000000017
-3311.651810967855 0.17419999999999997 0.7330999999999999 0.09270000000000023
-3285.856963208927 0.17419999999999997 0.7537999999999999 0.07200000000000017
-3256.422756699071 0.17419999999999997 0.7745 0.05130000000000012
-3225.336207651998 0.17419999999999997 0.7951999999999999 0.030600000000000183
-4015.1706011520628 0.19489999999999996 0.05 0.7551
-4024.1185677339963 0.19489999999999996 0.0707 0.7344
-4012.488898108299 0.19489999999999996 0.0914 0.7137
-4024.9072269523253 0.19489999999999996 0.11209999999999999 0.6930000000000001
-4030.552673203074 0.19489999999999996 0.13279999999999997 0.6723000000000001
-4031.5329979176468 0.19489999999999996 0.15349999999999997 0.6516000000000001
-4031.1485946273915 0.19489999999999996 0.17419999999999997 0.6309
-4033.0643547538134 0.19489999999999996 0.19489999999999996 0.6102000000000001
-4031.5159008212413 0.19489999999999996 0.21559999999999996 0.5895000000000001
-4016.450677452834 0.19489999999999996 0.23629999999999995 0.5688000000000001
-3989.6131678438373 0.19489999999999996 0.25699999999999995 0.5481
-3966.3509578276116 0.19489999999999996 0.27769999999999995 0.5274000000000001
-3939.4315732578734 0.19489999999999996 0.29839999999999994 0.5067000000000002
-3919.6890312123046 0.19489999999999996 0.31909999999999994 0.4860000000000001
-3889.1720984947883 0.19489999999999996 0.33979999999999994 0.4653000000000001
-3864.6749637769117 0.19489999999999996 0.36049999999999993 0.4446000000000001
-3843.831637519448 0.19489999999999996 0.38119999999999993 0.4239000000000001
-3808.8870690907806 0.19489999999999996 0.4018999999999999 0.4032000000000001
-3786.9624796378944 0.19489999999999996 0.4225999999999999 0.3825000000000001
-3764.7723462592194 0.19489999999999996 0.4432999999999999 0.3618000000000001
-3734.113089059464 0.19489999999999996 0.4639999999999999 0.3411000000000001
-3708.2857444456363 0.19489999999999996 0.4846999999999999 0.32040000000000013
-3680.957765475118 0.19489999999999996 0.5054 0.2997000000000001
-3656.5301119058818 0.19489999999999996 0.5260999999999999 0.27900000000000014
-3631.23086185362 0.19489999999999996 0.5468 0.2583000000000001
-3598.8115403223023 0.19489999999999996 0.5674999999999999 0.23760000000000014
-3574.9269564604533 0.19489999999999996 0.5882 0.2169000000000001
-3543.752684915802 0.19489999999999996 0.6089 0.19620000000000004
-3519.9459796269434 0.19489999999999996 0.6295999999999999 0.1755000000000001
-3490.306118945677 0.19489999999999996 0.6502999999999999 0.15480000000000016
-3464.9419371017116 0.19489999999999996 0.6709999999999999 0.1341000000000001
-3434.066648026662 0.19489999999999996 0.6917 0.11340000000000006
-3409.125368439943 0.19489999999999996 0.7123999999999999 0.09270000000000012
-3380.2698098367655 0.19489999999999996 0.7330999999999999 0.07200000000000017
-3354.9707427875446 0.19489999999999996 0.7537999999999999 0.05130000000000012
-3326.878126490437 0.19489999999999996 0.7745 0.03060000000000007
-4107.176474015464 0.21559999999999996 0.05 0.7343999999999999
-4108.324066016712 0.21559999999999996 0.0707 0.7137
-4112.074476494889 0.21559999999999996 0.0914 0.693
-4113.503197143892 0.21559999999999996 0.11209999999999999 0.6723
-4114.834768413208 0.21559999999999996 0.13279999999999997 0.6516
-4118.442091151861 0.21559999999999996 0.15349999999999997 0.6309
-4116.582559754069 0.21559999999999996 0.17419999999999997 0.6102000000000001
-4116.037692396507 0.21559999999999996 0.19489999999999996 0.5895
-4112.760716330015 0.21559999999999996 0.21559999999999996 0.5688
-4090.927728024546 0.21559999999999996 0.23629999999999995 0.5481
-4062.5175462001107 0.21559999999999996 0.25699999999999995 0.5274000000000001
-4044.342005121245 0.21559999999999996 0.27769999999999995 0.5067
-4016.7138715341366 0.21559999999999996 0.29839999999999994 0.48600000000000004
-3994.6320943201476 0.21559999999999996 0.31909999999999994 0.46530000000000005
-3968.1694378389857 0.21559999999999996 0.33979999999999994 0.44460000000000005
-3941.805767276281 0.21559999999999996 0.36049999999999993 0.42390000000000005
-3918.3348500975344 0.21559999999999996 0.38119999999999993 0.40320000000000006
-3892.4558556729694 0.21559999999999996 0.4018999999999999 0.38250000000000006
-3863.6694097799723 0.21559999999999996 0.4225999999999999 0.36180000000000007
-3839.11219750021 0.21559999999999996 0.4432999999999999 0.34110000000000007
-3813.3852937240663 0.21559999999999996 0.4639999999999999 0.3204000000000001
-3781.978255779221 0.21559999999999996 0.4846999999999999 0.2997000000000001
-3757.150680497877 0.21559999999999996 0.5054 0.279
-3732.705548021329 0.21559999999999996 0.5260999999999999 0.2583000000000001
-3705.536904126622 0.21559999999999996 0.5468 0.23760000000000003
-3682.191128511493 0.21559999999999996 0.5674999999999999 0.2169000000000001
-3655.685030014573 0.21559999999999996 0.5882 0.19620000000000004
-3620.5034709355537 0.21559999999999996 0.6089 0.1755
-3592.835407333096 0.21559999999999996 0.6295999999999999 0.15480000000000005
-3563.965886817991 0.21559999999999996 0.6502999999999999 0.1341000000000001
-3549.8840462917565 0.21559999999999996 0.6709999999999999 0.11340000000000006
-3512.4677359156226 0.21559999999999996 0.6917 0.0927
-3486.3932333069315 0.21559999999999996 0.7123999999999999 0.07200000000000006
-3458.880686633957 0.21559999999999996 0.7330999999999999 0.05130000000000012
-3425.664486487875 0.21559999999999996 0.7537999999999999 0.03060000000000007
