-3389.7989100525488 0.05 0.05 0.8999999999999999
-3378.584727255073 0.05 0.0707 0.8793
-3366.5482302397077 0.05 0.0914 0.8585999999999999
-3354.9556941148826 0.05 0.11209999999999999 0.8379
-3342.704807636102 0.05 0.13279999999999997 0.8171999999999999
-3330.199560009945 0.05 0.15349999999999997 0.7965
-3317.87914339282 0.05 0.17419999999999997 0.7758
-3305.8621185137567 0.05 0.19489999999999996 0.7551
-3289.9637509118693 0.05 0.21559999999999996 0.7343999999999999
-3272.6247515334267 0.05 0.23629999999999995 0.7137
-3256.9318438748437 0.05 0.25699999999999995 0.6930000000000001
-3241.0933760938246 0.05 0.27769999999999995 0.6723
-3224.3209943811908 0.05 0.29839999999999994 0.6516
-3207.4234001459004 0.05 0.31909999999999994 0.6309
-3192.829156168769 0.05 0.33979999999999994 0.6102000000000001
-3176.5106801921884 0.05 0.36049999999999993 0.5895
-3159.7699105486495 0.05 0.38119999999999993 0.5688
-3143.597729149732 0.05 0.4018999999999999 0.5481
-3128.4473709779827 0.05 0.4225999999999999 0.5274000000000001
-3110.8308127003324 0.05 0.4432999999999999 0.5067
-3092.98568347463 0.05 0.4639999999999999 0.48600000000000004
-3073.7722321322476 0.05 0.4846999999999999 0.46530000000000005
-3053.881240569776 0.05 0.5054 0.4446
-3034.8529563689153 0.05 0.5260999999999999 0.42390000000000005
-3015.234042215682 0.05 0.5468 0.4032
-2996.367206674693 0.05 0.5674999999999999 0.38250000000000006
-2977.566792606514 0.05 0.5882 0.3618
-2957.406838500875 0.05 0.6089 0.34109999999999996
-2937.9336430470726 0.05 0.6295999999999999 0.3204
-2917.9024233125156 0.05 0.6502999999999999 0.2997000000000001
-2898.4560627335995 0.05 0.6709999999999999 0.279
-2878.550063372406 0.05 0.6917 0.2583
-2858.1290780404993 0.05 0.7123999999999999 0.23760000000000003
-2834.613286455849 0.05 0.7330999999999999 0.2169000000000001
-2811.3042118427734 0.05 0.7537999999999999 0.19620000000000004
-2788.5592957209396 0.05 0.7745 0.1755
-2765.731774758829 0.05 0.7951999999999999 0.15480000000000005
-2742.967291716415 0.05 0.8158999999999998 0.1341000000000001
-2722.2691236719975 0.05 0.8365999999999999 0.11340000000000006
-2698.768395716115 0.05 0.8573 0.0927
-2675.931211401653 0.05 0.8779999999999999 0.07200000000000006
-2653.7451385436084 0.05 0.8986999999999998 0.05130000000000012
-2630.4599676257862 0.05 0.9193999999999999 0.03060000000000007
-3477.314903730152 0.0707 0.05 0.8793
-3465.8738260282425 0.0707 0.0707 0.8586
-3454.208653968715 0.0707 0.0914 0.8379
-3442.487143139219 0.0707 0.11209999999999999 0.8172
-3430.471450458495 0.0707 0.13279999999999997 0.7965
-3418.6544961083787 0.0707 0.15349999999999997 0.7758
-3407.2564872602943 0.0707 0.17419999999999997 0.7551000000000001
-3391.353178138308 0.0707 0.19489999999999996 0.7344
-3374.840813659028 0.0707 0.21559999999999996 0.7137
-3358.743234727232 0.0707 0.23629999999999995 0.6930000000000001
-3343.083369259863 0.0707 0.25699999999999995 0.6723000000000001
-3326.888046718733 0.0707 0.27769999999999995 0.6516000000000001
-3311.0746455982867 0.0707 0.29839999999999994 0.6309
-3294.9397595992077 0.0707 0.31909999999999994 0.6102000000000001
-3278.5799253652594 0.0707 0.33979999999999994 0.5895000000000001
-3262.0410124452924 0.0707 0.36049999999999993 0.5688000000000001
-3246.1296706529356 0.0707 0.38119999999999993 0.5481
-3229.993742233521 0.0707 0.4018999999999999 0.5274000000000001
-3210.60117910706 0.0707 0.4225999999999999 0.5067000000000002
-3194.4131717673117 0.0707 0.4432999999999999 0.4860000000000001
-3175.834214291593 0.0707 0.4639999999999999 0.4653000000000001
-3155.6160712580945 0.0707 0.4846999999999999 0.4446000000000001
-3138.1656215641574 0.0707 0.5054 0.42390000000000005
-3115.44796164333 0.0707 0.5260999999999999 0.4032000000000001
-3097.8252577822427 0.0707 0.5468 0.38250000000000006
-3079.6132512410704 0.0707 0.5674999999999999 0.3618000000000001
-3060.339778475147 0.0707 0.5882 0.34110000000000007
-3040.562968162116 0.0707 0.6089 0.3204
-3020.980598251045 0.0707 0.6295999999999999 0.2997000000000001
-3001.7698824904537 0.0707 0.6502999999999999 0.27900000000000014
-2982.967544639012 0.0707 0.6709999999999999 0.2583000000000001
-2959.70227892474 0.0707 0.6917 0.23760000000000003
-2938.067506051723 0.0707 0.7123999999999999 0.2169000000000001
-2914.4942860775154 0.0707 0.7330999999999999 0.19620000000000015
-2892.129503263939 0.0707 0.7537999999999999 0.1755000000000001
-2868.867364760247 0.0707 0.7745 0.15480000000000005
-2845.239634874612 0.0707 0.7951999999999999 0.1341000000000001
-2824.193803423239 0.0707 0.8158999999999998 0.11340000000000017
-2801.4835996352826 0.0707 0.8365999999999999 0.09270000000000012
-2778.518970316223 0.0707 0.8573 0.07200000000000006
-2755.644809984867 0.0707 0.8779999999999999 0.05130000000000012
-2732.705487100456 0.0707 0.8986999999999998 0.030600000000000183
-3566.553495995053 0.0914 0.05 0.8585999999999999
-3555.5172265801834 0.0914 0.0707 0.8379
-3543.4844920792034 0.0914 0.0914 0.8171999999999999
-3532.543258787424 0.0914 0.11209999999999999 0.7965
-3520.4341668006573 0.0914 0.13279999999999997 0.7758
-3509.003214187861 0.0914 0.15349999999999997 0.7551
-3494.0373507881104 0.0914 0.17419999999999997 0.7343999999999999
-3476.1725752191082 0.0914 0.19489999999999996 0.7137
-3462.028110245415 0.0914 0.21559999999999996 0.6930000000000001
-3445.855955251869 0.0914 0.23629999999999995 0.6723
-3429.418123363552 0.0914 0.25699999999999995 0.6516
-3414.5874713783583 0.0914 0.27769999999999995 0.6309
-3397.4956174073145 0.0914 0.29839999999999994 0.6102000000000001
-3382.767123525244 0.0914 0.31909999999999994 0.5895
-3366.3624826058153 0.0914 0.33979999999999994 0.5688
-3349.644618585527 0.0914 0.36049999999999993 0.5481
-3333.4891669244003 0.0914 0.38119999999999993 0.5274000000000001
-3318.030603968276 0.0914 0.4018999999999999 0.5067
-3298.9316076449322 0.0914 0.4225999999999999 0.48600000000000004
-3279.074709334828 0.0914 0.4432999999999999 0.46530000000000005
-3259.5843359886003 0.0914 0.4639999999999999 0.44460000000000005
-3242.1176860113887 0.0914 0.4846999999999999 0.42390000000000005
-3223.7554926172966 0.0914 0.5054 0.4032
-3204.395535161485 0.0914 0.5260999999999999 0.38250000000000006
-3184.0695217137772 0.0914 0.5468 0.3618
-3164.8718747791704 0.0914 0.5674999999999999 0.34110000000000007
-3144.9794154722645 0.0914 0.5882 0.3204
-3125.476762379868 0.0914 0.6089 0.29969999999999997
-3106.0895439927176 0.0914 0.6295999999999999 0.279
-3084.6315913191625 0.0914 0.6502999999999999 0.2583000000000001
-3064.0594880831864 0.0914 0.6709999999999999 0.23760000000000003
-3041.880635301992 0.0914 0.6917 0.21689999999999998
-3019.170533334503 0.0914 0.7123999999999999 0.19620000000000004
-2996.3585213722204 0.0914 0.7330999999999999 0.1755000000000001
-2976.922205935877 0.0914 0.7537999999999999 0.15480000000000005
-2954.349468989663 0.0914 0.7745 0.1341
-2931.335343606209 0.0914 0.7951999999999999 0.11340000000000006
-2907.921572390339 0.0914 0.8158999999999998 0.09270000000000012
-2885.64831613947 0.0914 0.8365999999999999 0.07200000000000006
-2862.188819267582 0.0914 0.8573 0.05130000000000001
-2839.4607520080067 0.0914 0.8779999999999999 0.03060000000000007
