-4965.7670228027 0.4225999999999999 0.05 0.5274000000000001
-4948.885135818388 0.4225999999999999 0.0707 0.5067000000000002
-4938.59717533658 0.4225999999999999 0.0914 0.48600000000000015
-4923.067519095264 0.4225999999999999 0.11209999999999999 0.46530000000000016
-4904.729592542 0.4225999999999999 0.13279999999999997 0.44460000000000016
-4889.485153742113 0.4225999999999999 0.15349999999999997 0.42390000000000017
-4875.659037808292 0.4225999999999999 0.17419999999999997 0.40320000000000017
-4857.727246059503 0.4225999999999999 0.19489999999999996 0.3825000000000002
-4841.00845693684 0.4225999999999999 0.21559999999999996 0.3618000000000002
-4825.687163507321 0.4225999999999999 0.23629999999999995 0.3411000000000002
-4809.3497016452475 0.4225999999999999 0.25699999999999995 0.3204000000000002
-4794.563747659918 0.4225999999999999 0.27769999999999995 0.2997000000000002
-4774.535386765609 0.4225999999999999 0.29839999999999994 0.2790000000000002
-4755.5689460707235 0.4225999999999999 0.31909999999999994 0.2583000000000002
-4735.739985025835 0.4225999999999999 0.33979999999999994 0.2376000000000002
-4715.996304719525 0.4225999999999999 0.36049999999999993 0.2169000000000002
-4698.112257646142 0.4225999999999999 0.38119999999999993 0.1962000000000002
-4676.519953241179 0.4225999999999999 0.4018999999999999 0.1755000000000002
-4656.6953980705875 0.4225999999999999 0.4225999999999999 0.15480000000000022
-4635.830786697493 0.4225999999999999 0.4432999999999999 0.13410000000000022
-4613.859277820481 0.4225999999999999 0.4639999999999999 0.11340000000000022
-4590.9692818810345 0.4225999999999999 0.4846999999999999 0.09270000000000023
-4568.2452468933025 0.4225999999999999 0.5054 0.07200000000000017
-4545.608181641995 0.4225999999999999 0.5260999999999999 0.051300000000000234
-4522.01197760043 0.4225999999999999 0.5468 0.030600000000000183
-5052.643316368544 0.4432999999999999 0.05 0.5067
-5041.975220450956 0.4432999999999999 0.0707 0.4860000000000001
-5026.247271556314 0.4432999999999999 0.0914 0.4653000000000001
-5010.894090743506 0.4432999999999999 0.11209999999999999 0.4446000000000001
-4991.071930195122 0.4432999999999999 0.13279999999999997 0.4239000000000001
-4977.6672660442055 0.4432999999999999 0.15349999999999997 0.4032000000000001
-4961.1274461387075 0.4432999999999999 0.17419999999999997 0.3825000000000001
-4943.3741803624025 0.4432999999999999 0.19489999999999996 0.3618000000000001
-4929.050269485795 0.4432999999999999 0.21559999999999996 0.3411000000000001
-4910.877195482924 0.4432999999999999 0.23629999999999995 0.32040000000000013
-4896.492568416996 0.4432999999999999 0.25699999999999995 0.29970000000000013
-4878.968231839435 0.4432999999999999 0.27769999999999995 0.27900000000000014
-4858.408356968663 0.4432999999999999 0.29839999999999994 0.25830000000000014
-4841.214522315082 0.4432999999999999 0.31909999999999994 0.23760000000000014
-4819.981467165924 0.4432999999999999 0.33979999999999994 0.21690000000000015
-4802.299329134253 0.4432999999999999 0.36049999999999993 0.19620000000000015
-4782.897476585837 0.4432999999999999 0.38119999999999993 0.17550000000000016
-4760.509035199456 0.4432999999999999 0.4018999999999999 0.15480000000000016
-4743.018594341642 0.4432999999999999 0.4225999999999999 0.13410000000000016
-4718.427317315576 0.4432999999999999 0.4432999999999999 0.11340000000000017
-4697.994452548988 0.4432999999999999 0.4639999999999999 0.09270000000000017
-4675.556629014836 0.4432999999999999 0.4846999999999999 0.07200000000000017
-4653.142980798255 0.4432999999999999 0.5054 0.05130000000000012
-4629.772988548012 0.4432999999999999 0.5260999999999999 0.030600000000000183
-5141.211043010921 0.4639999999999999 0.05 0.48600000000000004
-5127.571814133395 0.4639999999999999 0.0707 0.46530000000000005
-5109.763201976647 0.4639999999999999 0.0914 0.44460000000000005
-5093.338526172759 0.4639999999999999 0.11209999999999999 0.42390000000000005
-5078.71757538962 0.4639999999999999 0.13279999999999997 0.40320000000000006
-5063.513295194799 0.4639999999999999 0.15349999999999997 0.38250000000000006
-5047.032745373108 0.4639999999999999 0.17419999999999997 0.36180000000000007
-5031.475540582134 0.4639999999999999 0.19489999999999996 0.34110000000000007
-5015.681179032595 0.4639999999999999 0.21559999999999996 0.3204000000000001
-4999.055642874026 0.4639999999999999 0.23629999999999995 0.2997000000000001
-4981.55354694801 0.4639999999999999 0.25699999999999995 0.2790000000000001
-4963.954236556552 0.4639999999999999 0.27769999999999995 0.2583000000000001
-4944.672316394335 0.4639999999999999 0.29839999999999994 0.2376000000000001
-4925.418999114393 0.4639999999999999 0.31909999999999994 0.2169000000000001
-4905.612266921376 0.4639999999999999 0.33979999999999994 0.1962000000000001
-4886.072388624331 0.4639999999999999 0.36049999999999993 0.1755000000000001
-4866.497756146661 0.4639999999999999 0.38119999999999993 0.1548000000000001
-4846.863920894934 0.4639999999999999 0.4018999999999999 0.1341000000000001
-4824.8777857527 0.4639999999999999 0.4225999999999999 0.11340000000000011
-4802.295602690877 0.4639999999999999 0.4432999999999999 0.09270000000000012
-4779.713570911819 0.4639999999999999 0.4639999999999999 0.07200000000000012
-4756.7892516266265 0.4639999999999999 0.4846999999999999 0.05130000000000012
-4733.631028045189 0.4639999999999999 0.5054 0.03060000000000007
