-3916.820751544798 0.17419999999999997 0.05 0.7758
-3904.9169306372746 0.17419999999999997 0.0707 0.7551000000000001
-3893.457345604304 0.17419999999999997 0.0914 0.7344
-3880.0376081449376 0.17419999999999997 0.11209999999999999 0.7137000000000001
-3865.8554747277976 0.17419999999999997 0.13279999999999997 0.6930000000000001
-3849.3578672273657 0.17419999999999997 0.15349999999999997 0.6723000000000001
-3834.056710570221 0.17419999999999997 0.17419999999999997 0.6516000000000002
-3819.378470149104 0.17419999999999997 0.19489999999999996 0.6309000000000001
-3801.9441425245263 0.17419999999999997 0.21559999999999996 0.6102000000000001
-3787.3388495458325 0.17419999999999997 0.23629999999999995 0.5895000000000001
-3772.106657951124 0.17419999999999997 0.25699999999999995 0.5688000000000002
-3756.381895927254 0.17419999999999997 0.27769999999999995 0.5481000000000001
-3738.813154984929 0.17419999999999997 0.29839999999999994 0.5274000000000001
-3725.627801049433 0.17419999999999997 0.31909999999999994 0.5067000000000002
-3707.0047665169227 0.17419999999999997 0.33979999999999994 0.48600000000000015
-3688.4442225465677 0.17419999999999997 0.36049999999999993 0.46530000000000016
-3673.610248937497 0.17419999999999997 0.38119999999999993 0.44460000000000016
-3655.2886081865854 0.17419999999999997 0.4018999999999999 0.42390000000000017
-3636.657743351152 0.17419999999999997 0.4225999999999999 0.40320000000000017
-3617.6227071704807 0.17419999999999997 0.4432999999999999 0.3825000000000002
-3598.2783654566733 0.17419999999999997 0.4639999999999999 0.3618000000000002
-3578.1377187585044 0.17419999999999997 0.4846999999999999 0.3411000000000002
-3558.846912359587 0.17419999999999997 0.5054 0.32040000000000013
-3538.7863289987804 0.17419999999999997 0.5260999999999999 0.2997000000000002
-3519.4433910833154 0.17419999999999997 0.5468 0.27900000000000014
-3501.6688930150185 0.17419999999999997 0.5674999999999999 0.2583000000000002
-3481.169636913702 0.17419999999999997 0.5882 0.23760000000000014
-3461.8657357201914 0.17419999999999997 0.6089 0.2169000000000001
-3439.505457522151 0.17419999999999997 0.6295999999999999 0.19620000000000015
-3417.566005136943 0.17419999999999997 0.6502999999999999 0.1755000000000002
-3395.3956377565455 0.17419999999999997 0.6709999999999999 0.15480000000000016
-3372.852442443716 0.17419999999999997 0.6917 0.1341000000000001
-3349.8504353547232 0.17419999999999997 0.7123999999999999 0.11340000000000017
-3327.1842399354323 0.17419999999999997 0.7330999999999999 0.09270000000000023
-3304.2870424135854 0.17419999999999997 0.7537999999999999 0.07200000000000017
-3281.6282023571675 0.17419999999999997 0.7745 0.05130000000000012
-3258.1569644684387 0.17419999999999997 0.7951999999999999 0.030600000000000183
-4008.746055952022 0.19489999999999996 0.05 0.7551
-3994.8304208524783 0.19489999999999996 0.0707 0.7344
-3981.3178625372802 0.19489999999999996 0.0914 0.7137
-3968.081035800086 0.19489999999999996 0.11209999999999999 0.6930000000000001
-3950.819897348772 0.19489999999999996 0.13279999999999997 0.6723000000000001
-3937.654365199947 0.19489999999999996 0.15349999999999997 0.6516000000000001
-3922.315660210891 0.19489999999999996 0.17419999999999997 0.6309
-3905.6901659292325 0.19489999999999996 0.19489999999999996 0.6102000000000001
-3887.7771138974 0.19489999999999996 0.21559999999999996 0.5895000000000001
-3874.2819275156658 0.19489999999999996 0.23629999999999995 0.5688000000000001
-3857.7369192100996 0.19489999999999996 0.25699999999999995 0.5481
-3843.337712927384 0.19489999999999996 0.27769999999999995 0.5274000000000001
-3827.567891186257 0.19489999999999996 0.29839999999999994 0.5067000000000002
-3809.879033379364 0.19489999999999996 0.31909999999999994 0.4860000000000001
-3794.6131649967847 0.19489999999999996 0.33979999999999994 0.4653000000000001
-3778.567437988313 0.19489999999999996 0.36049999999999993 0.4446000000000001
-3761.4521959029416 0.19489999999999996 0.38119999999999993 0.4239000000000001
-3742.4114824825556 0.19489999999999996 0.4018999999999999 0.4032000000000001
-3723.6593692006045 0.19489999999999996 0.4225999999999999 0.3825000000000001
-3704.1242514092637 0.19489999999999996 0.4432999999999999 0.3618000000000001
-3684.4183044278907 0.19489999999999996 0.4639999999999999 0.3411000000000001
-3664.2848478745227 0.19489999999999996 0.4846999999999999 0.32040000000000013
-3644.376063095766 0.19489999999999996 0.5054 0.2997000000000001
-3626.3497624945217 0.19489999999999996 0.5260999999999999 0.27900000000000014
-3607.013597761766 0.19489999999999996 0.5468 0.2583000000000001
-3587.4521656755855 0.19489999999999996 0.5674999999999999 0.23760000000000014
-3568.5045966601374 0.19489999999999996 0.5882 0.2169000000000001
-3548.1374896573407 0.19489999999999996 0.6089 0.19620000000000004
-3526.154356252458 0.19489999999999996 0.6295999999999999 0.1755000000000001
-3504.134949685092 0.19489999999999996 0.6502999999999999 0.15480000000000016
-3480.0612023719546 0.19489999999999996 0.6709999999999999 0.1341000000000001
-3457.8220572200607 0.19489999999999996 0.6917 0.11340000000000006
-3434.8076220995845 0.19489999999999996 0.7123999999999999 0.09270000000000012
-3411.835293286215 0.19489999999999996 0.7330999999999999 0.07200000000000017
-3389.0284102592063 0.19489999999999996 0.7537999999999999 0.05130000000000012
-3365.8675950660027 0.19489999999999996 0.7745 0.03060000000000007
-4091.961959952689 0.21559999999999996 0.05 0.7343999999999999
-4080.4275553246853 0.21559999999999996 0.0707 0.7137
-4067.282326627708 0.21559999999999996 0.0914 0.693
-4052.913847546791 0.21559999999999996 0.11209999999999999 0.6723
-4038.055559265832 0.21559999999999996 0.13279999999999997 0.6516
-4022.7480823796504 0.21559999999999996 0.15349999999999997 0.6309
-4007.12379801779 0.21559999999999996 0.17419999999999997 0.6102000000000001
-3990.6720109851235 0.21559999999999996 0.19489999999999996 0.5895
-3975.089426561509 0.21559999999999996 0.21559999999999996 0.5688
-3959.385074819896 0.21559999999999996 0.23629999999999995 0.5481
-3943.7983738410103 0.21559999999999996 0.25699999999999995 0.5274000000000001
-3925.283149431955 0.21559999999999996 0.27769999999999995 0.5067
-3911.54699487634 0.21559999999999996 0.29839999999999994 0.48600000000000004
-3896.853136186266 0.21559999999999996 0.31909999999999994 0.46530000000000005
-3880.067472837089 0.21559999999999996 0.33979999999999994 0.44460000000000005
-3862.790334345836 0.21559999999999996 0.36049999999999993 0.42390000000000005
-3844.3350391362505 0.21559999999999996 0.38119999999999993 0.40320000000000006
-3825.9586537276446 0.21559999999999996 0.4018999999999999 0.38250000000000006
-3806.0178536080607 0.21559999999999996 0.4225999999999999 0.36180000000000007
-3786.9999504872385 0.21559999999999996 0.4432999999999999 0.34110000000000007
-3769.394929187946 0.21559999999999996 0.4639999999999999 0.3204000000000001
-3749.6758367182492 0.21559999999999996 0.4846999999999999 0.2997000000000001
-3730.033813316668 0.21559999999999996 0.5054 0.279
-3710.2342315614046 0.21559999999999996 0.5260999999999999 0.2583000000000001
-3690.714261105077 0.21559999999999996 0.5468 0.23760000000000003
-3671.370051467261 0.21559999999999996 0.5674999999999999 0.2169000000000001
-3650.553052446852 0.21559999999999996 0.5882 0.19620000000000004
-3628.4655507925368 0.21559999999999996 0.6089 0.1755
-3607.034162896997 0.21559999999999996 0.6295999999999999 0.15480000000000005
-3584.3458019658383 0.21559999999999996 0.6502999999999999 0.1341000000000001
-3560.949140152118 0.21559999999999996 0.6709999999999999 0.11340000000000006
-3538.241418229858 0.21559999999999996 0.6917 0.0927
-3515.5094831474325 0.21559999999999996 0.7123999999999999 0.07200000000000006
-3492.8892364677627 0.21559999999999996 0.7330999999999999 0.05130000000000012
-3469.487905678078 0.21559999999999996 0.7537999999999999 0.03060000000000007
