-5227.718235741379 0.4846999999999999 0.05 0.4653000000000001
-5210.966030777153 0.4846999999999999 0.0707 0.4446000000000001
-5197.95646147361 0.4846999999999999 0.0914 0.4239000000000001
-5182.193159810869 0.4846999999999999 0.11209999999999999 0.4032000000000001
-5164.914336157858 0.4846999999999999 0.13279999999999997 0.3825000000000001
-5149.518371826832 0.4846999999999999 0.15349999999999997 0.3618000000000001
-5135.562665845485 0.4846999999999999 0.17419999999999997 0.3411000000000001
-5117.254289140167 0.4846999999999999 0.19489999999999996 0.32040000000000013
-5103.854067743269 0.4846999999999999 0.21559999999999996 0.29970000000000013
-5084.149912334439 0.4846999999999999 0.23629999999999995 0.27900000000000014
-5066.723379049557 0.4846999999999999 0.25699999999999995 0.25830000000000014
-5050.437047534351 0.4846999999999999 0.27769999999999995 0.23760000000000014
-5028.853222452293 0.4846999999999999 0.29839999999999994 0.21690000000000015
-5011.553732703409 0.4846999999999999 0.31909999999999994 0.19620000000000015
-4989.839050612442 0.4846999999999999 0.33979999999999994 0.17550000000000016
-4970.700227417259 0.4846999999999999 0.36049999999999993 0.15480000000000016
-4953.050958647069 0.4846999999999999 0.38119999999999993 0.13410000000000016
-4928.772096365739 0.4846999999999999 0.4018999999999999 0.11340000000000017
-4908.739832384779 0.4846999999999999 0.4225999999999999 0.09270000000000017
-4883.835190242653 0.4846999999999999 0.4432999999999999 0.07200000000000017
-4861.219951184527 0.4846999999999999 0.4639999999999999 0.05130000000000018
-4840.1373062713155 0.4846999999999999 0.4846999999999999 0.030600000000000183
-5313.331826973154 0.5054 0.05 0.44460000000000005
-5298.552718653315 0.5054 0.0707 0.42390000000000005
-5283.668323144291 0.5054 0.0914 0.40320000000000006
-5268.736131988448 0.5054 0.11209999999999999 0.38250000000000006
-5251.180176815128 0.5054 0.13279999999999997 0.36180000000000007
-5236.571786977706 0.5054 0.15349999999999997 0.34110000000000007
-5220.876771695065 0.5054 0.17419999999999997 0.3204000000000001
-5205.169730892839 0.5054 0.19489999999999996 0.2997000000000001
-5188.577391439532 0.5054 0.21559999999999996 0.2790000000000001
-5169.286773239396 0.5054 0.23629999999999995 0.2583000000000001
-5153.497901432053 0.5054 0.25699999999999995 0.2376000000000001
-5134.582339664157 0.5054 0.27769999999999995 0.2169000000000001
-5114.999418475217 0.5054 0.29839999999999994 0.1962000000000001
-5095.507205380195 0.5054 0.31909999999999994 0.1755000000000001
-5073.48965528191 0.5054 0.33979999999999994 0.1548000000000001
-5056.760672273723 0.5054 0.36049999999999993 0.1341000000000001
-5035.810068220202 0.5054 0.38119999999999993 0.11340000000000011
-5013.457487544042 0.5054 0.4018999999999999 0.09270000000000012
-4990.977129742491 0.5054 0.4225999999999999 0.07200000000000012
-4965.780500046847 0.5054 0.4432999999999999 0.05130000000000012
-4945.287270169866 0.5054 0.4639999999999999 0.030600000000000127
-5402.986540009089 0.5260999999999999 0.05 0.4239000000000001
-5386.9634632505595 0.5260999999999999 0.0707 0.4032000000000001
-5370.181269251205 0.5260999999999999 0.0914 0.3825000000000001
-5354.325209808055 0.5260999999999999 0.11209999999999999 0.3618000000000001
-5337.86150341499 0.5260999999999999 0.13279999999999997 0.3411000000000001
-5322.950617141434 0.5260999999999999 0.15349999999999997 0.32040000000000013
-5309.243959577733 0.5260999999999999 0.17419999999999997 0.29970000000000013
-5291.026861866975 0.5260999999999999 0.19489999999999996 0.27900000000000014
-5273.810500716848 0.5260999999999999 0.21559999999999996 0.25830000000000014
-5256.659469799964 0.5260999999999999 0.23629999999999995 0.23760000000000014
-5237.908689661386 0.5260999999999999 0.25699999999999995 0.21690000000000015
-5220.56765542123 0.5260999999999999 0.27769999999999995 0.19620000000000015
-5199.158192871424 0.5260999999999999 0.29839999999999994 0.17550000000000016
-5179.632425398723 0.5260999999999999 0.31909999999999994 0.15480000000000016
-5160.087550624368 0.5260999999999999 0.33979999999999994 0.13410000000000016
-5139.276823046664 0.5260999999999999 0.36049999999999993 0.11340000000000017
-5119.232676335465 0.5260999999999999 0.38119999999999993 0.09270000000000017
-5094.756494089312 0.5260999999999999 0.4018999999999999 0.07200000000000017
-5072.001136438927 0.5260999999999999 0.4225999999999999 0.05130000000000018
-5048.638864078155 0.5260999999999999 0.4432999999999999 0.030600000000000183
