-6008.114489763213 0.6709999999999999 0.05 0.2790000000000001
-5992.919507447073 0.6709999999999999 0.0707 0.2583000000000001
-5977.888808843374 0.6709999999999999 0.0914 0.2376000000000001
-5961.60811116766 0.6709999999999999 0.11209999999999999 0.2169000000000001
-5945.90098082389 0.6709999999999999 0.13279999999999997 0.1962000000000001
-5929.300798588549 0.6709999999999999 0.15349999999999997 0.1755000000000001
-5910.809900827527 0.6709999999999999 0.17419999999999997 0.1548000000000001
-5890.740932446688 0.6709999999999999 0.19489999999999996 0.1341000000000001
-5871.992291827556 0.6709999999999999 0.21559999999999996 0.11340000000000011
-5852.316052549851 0.6709999999999999 0.23629999999999995 0.09270000000000012
-5831.157864800001 0.6709999999999999 0.25699999999999995 0.07200000000000012
-5809.183660661536 0.6709999999999999 0.27769999999999995 0.05130000000000012
-5786.363950306652 0.6709999999999999 0.29839999999999994 0.030600000000000127
-6093.444147879187 0.6917 0.05 0.25830000000000003
-6081.057663197346 0.6917 0.0707 0.23760000000000003
-6063.064804832822 0.6917 0.0914 0.21690000000000004
-6050.453233375553 0.6917 0.11209999999999999 0.19620000000000004
-6032.1115949115465 0.6917 0.13279999999999997 0.17550000000000004
-6013.986272817485 0.6917 0.15349999999999997 0.15480000000000005
-5997.210680220413 0.6917 0.17419999999999997 0.13410000000000005
-5975.727625826704 0.6917 0.19489999999999996 0.11340000000000006
-5958.690923566831 0.6917 0.21559999999999996 0.09270000000000006
-5935.556587735808 0.6917 0.23629999999999995 0.07200000000000006
-5913.473099401589 0.6917 0.25699999999999995 0.05130000000000007
-5893.670716125972 0.6917 0.27769999999999995 0.03060000000000007
-6182.434455041295 0.7123999999999999 0.05 0.2376000000000001
-6166.990817887832 0.7123999999999999 0.0707 0.2169000000000001
-6151.121528018021 0.7123999999999999 0.0914 0.1962000000000001
-6135.752548318671 0.7123999999999999 0.11209999999999999 0.1755000000000001
-6116.888926616949 0.7123999999999999 0.13279999999999997 0.1548000000000001
-6099.96307711029 0.7123999999999999 0.15349999999999997 0.1341000000000001
-6080.800996641396 0.7123999999999999 0.17419999999999997 0.11340000000000011
-6061.442845978879 0.7123999999999999 0.19489999999999996 0.09270000000000012
-6041.998930838596 0.7123999999999999 0.21559999999999996 0.07200000000000012
-6017.418053683901 0.7123999999999999 0.23629999999999995 0.05130000000000012
-5997.490790111179 0.7123999999999999 0.25699999999999995 0.030600000000000127
