-4440.874020944477 0.29839999999999994 0.05 0.6516
-4424.169212287878 0.29839999999999994 0.0707 0.6309
-4414.167236772435 0.29839999999999994 0.0914 0.6102
-4398.368745687163 0.29839999999999994 0.11209999999999999 0.5895
-4385.847972886566 0.29839999999999994 0.13279999999999997 0.5688
-4371.563793021604 0.29839999999999994 0.15349999999999997 0.5481
-4349.914110149561 0.29839999999999994 0.17419999999999997 0.5274000000000001
-4338.840554812128 0.29839999999999994 0.19489999999999996 0.5067
-4323.2585423346345 0.29839999999999994 0.21559999999999996 0.48600000000000004
-4307.263473851982 0.29839999999999994 0.23629999999999995 0.46530000000000005
-4290.244468673547 0.29839999999999994 0.25699999999999995 0.44460000000000005
-4273.252206301068 0.29839999999999994 0.27769999999999995 0.42390000000000005
-4258.278422770882 0.29839999999999994 0.29839999999999994 0.40320000000000006
-4242.136033902943 0.29839999999999994 0.31909999999999994 0.38250000000000006
-4223.672159531345 0.29839999999999994 0.33979999999999994 0.36180000000000007
-4206.078158800283 0.29839999999999994 0.36049999999999993 0.34110000000000007
-4186.198820977773 0.29839999999999994 0.38119999999999993 0.3204000000000001
-4166.9063501783585 0.29839999999999994 0.4018999999999999 0.2997000000000001
-4146.898749944904 0.29839999999999994 0.4225999999999999 0.2790000000000001
-4128.297065001665 0.29839999999999994 0.4432999999999999 0.2583000000000001
-4108.459528832499 0.29839999999999994 0.4639999999999999 0.2376000000000001
-4088.8098816092865 0.29839999999999994 0.4846999999999999 0.2169000000000001
-4069.803261797121 0.29839999999999994 0.5054 0.19620000000000004
-4050.627475406038 0.29839999999999994 0.5260999999999999 0.1755000000000001
-4027.7774019504022 0.29839999999999994 0.5468 0.15480000000000005
-4005.8131353843 0.29839999999999994 0.5674999999999999 0.1341000000000001
-3983.8603233732633 0.29839999999999994 0.5882 0.11340000000000006
-3960.6476809393 0.29839999999999994 0.6089 0.0927
-3937.8827130324103 0.29839999999999994 0.6295999999999999 0.07200000000000006
-3915.1063222947573 0.29839999999999994 0.6502999999999999 0.05130000000000012
-3891.403649991976 0.29839999999999994 0.6709999999999999 0.03060000000000007
-4527.309560333382 0.31909999999999994 0.05 0.6309
-4515.470428185285 0.31909999999999994 0.0707 0.6102000000000001
-4497.766288616882 0.31909999999999994 0.0914 0.5895
-4488.115114495775 0.31909999999999994 0.11209999999999999 0.5688000000000001
-4466.148727355309 0.31909999999999994 0.13279999999999997 0.5481
-4456.441422865142 0.31909999999999994 0.15349999999999997 0.5274000000000001
-4441.879102769489 0.31909999999999994 0.17419999999999997 0.5067000000000002
-4425.612296968867 0.31909999999999994 0.19489999999999996 0.4860000000000001
-4407.614323259559 0.31909999999999994 0.21559999999999996 0.4653000000000001
-4393.057050595554 0.31909999999999994 0.23629999999999995 0.4446000000000001
-4375.326132716861 0.31909999999999994 0.25699999999999995 0.4239000000000001
-4359.091170724381 0.31909999999999994 0.27769999999999995 0.4032000000000001
-4343.162077064906 0.31909999999999994 0.29839999999999994 0.3825000000000001
-4326.631432270843 0.31909999999999994 0.31909999999999994 0.3618000000000001
-4307.94424031806 0.31909999999999994 0.33979999999999994 0.3411000000000001
-4289.351722220431 0.31909999999999994 0.36049999999999993 0.32040000000000013
-4271.095376568443 0.31909999999999994 0.38119999999999993 0.29970000000000013
-4251.482991968583 0.31909999999999994 0.4018999999999999 0.27900000000000014
-4231.919614940357 0.31909999999999994 0.4225999999999999 0.25830000000000014
-4211.756239174587 0.31909999999999994 0.4432999999999999 0.23760000000000014
-4192.084289144848 0.31909999999999994 0.4639999999999999 0.21690000000000015
-4172.516976031206 0.31909999999999994 0.4846999999999999 0.19620000000000015
-4151.80880195227 0.31909999999999994 0.5054 0.1755000000000001
-4131.789621425729 0.31909999999999994 0.5260999999999999 0.15480000000000016
-4108.446331943002 0.31909999999999994 0.5468 0.1341000000000001
-4087.1378834842453 0.31909999999999994 0.5674999999999999 0.11340000000000017
-4063.4370756962194 0.31909999999999994 0.5882 0.09270000000000012
-4041.3250837273554 0.31909999999999994 0.6089 0.07200000000000006
-4018.6796586507576 0.31909999999999994 0.6295999999999999 0.05130000000000012
-3995.263457575407 0.31909999999999994 0.6502999999999999 0.030600000000000183
-4616.012863396694 0.33979999999999994 0.05 0.6102000000000001
-4603.698538880977 0.33979999999999994 0.0707 0.5895000000000001
-4584.618048213579 0.33979999999999994 0.0914 0.5688000000000001
-4575.908181436615 0.33979999999999994 0.11209999999999999 0.5481000000000001
-4560.723073389463 0.33979999999999994 0.13279999999999997 0.5274000000000001
-4545.105309094338 0.33979999999999994 0.15349999999999997 0.5067000000000002
-4526.169251932604 0.33979999999999994 0.17419999999999997 0.48600000000000015
-4513.155920188334 0.33979999999999994 0.19489999999999996 0.46530000000000016
-4495.437573954399 0.33979999999999994 0.21559999999999996 0.44460000000000016
-4479.151327703894 0.33979999999999994 0.23629999999999995 0.42390000000000017
-4462.92787307936 0.33979999999999994 0.25699999999999995 0.40320000000000017
-4447.825864544481 0.33979999999999994 0.27769999999999995 0.3825000000000002
-4430.429567302914 0.33979999999999994 0.29839999999999994 0.3618000000000002
-4413.324587015528 0.33979999999999994 0.31909999999999994 0.3411000000000002
-4394.157935574965 0.33979999999999994 0.33979999999999994 0.3204000000000002
-4376.137065042658 0.33979999999999994 0.36049999999999993 0.2997000000000002
-4357.750418239698 0.33979999999999994 0.38119999999999993 0.2790000000000002
-4338.241891969039 0.33979999999999994 0.4018999999999999 0.2583000000000002
-4318.491562575146 0.33979999999999994 0.4225999999999999 0.2376000000000002
-4298.8403582605415 0.33979999999999994 0.4432999999999999 0.2169000000000002
-4279.012724057347 0.33979999999999994 0.4639999999999999 0.1962000000000002
-4260.06246906289 0.33979999999999994 0.4846999999999999 0.1755000000000002
-4237.920777887225 0.33979999999999994 0.5054 0.15480000000000016
-4216.460393751093 0.33979999999999994 0.5260999999999999 0.13410000000000022
-4194.619897046083 0.33979999999999994 0.5468 0.11340000000000017
-4171.056144552026 0.33979999999999994 0.5674999999999999 0.09270000000000023
-4148.588199215993 0.33979999999999994 0.5882 0.07200000000000017
-4125.898080365307 0.33979999999999994 0.6089 0.05130000000000012
-4102.466320855983 0.33979999999999994 0.6295999999999999 0.030600000000000183
