-4702.902550945994 0.36049999999999993 0.05 0.5895
-4688.461822095848 0.36049999999999993 0.0707 0.5688000000000001
-4675.806890178728 0.36049999999999993 0.0914 0.5481
-4660.560205243556 0.36049999999999993 0.11209999999999999 0.5274000000000001
-4646.318765744044 0.36049999999999993 0.13279999999999997 0.5067000000000002
-4627.139168586464 0.36049999999999993 0.15349999999999997 0.4860000000000001
-4615.37051194824 0.36049999999999993 0.17419999999999997 0.4653000000000001
-4597.489409884432 0.36049999999999993 0.19489999999999996 0.4446000000000001
-4581.115158958663 0.36049999999999993 0.21559999999999996 0.4239000000000001
-4564.881253529739 0.36049999999999993 0.23629999999999995 0.4032000000000001
-4549.479873868701 0.36049999999999993 0.25699999999999995 0.3825000000000001
-4532.772388855776 0.36049999999999993 0.27769999999999995 0.3618000000000001
-4516.121985550907 0.36049999999999993 0.29839999999999994 0.3411000000000001
-4499.065987828022 0.36049999999999993 0.31909999999999994 0.32040000000000013
-4479.303419650211 0.36049999999999993 0.33979999999999994 0.29970000000000013
-4460.864291595673 0.36049999999999993 0.36049999999999993 0.27900000000000014
-4440.897192037967 0.36049999999999993 0.38119999999999993 0.25830000000000014
-4420.991946631265 0.36049999999999993 0.4018999999999999 0.23760000000000014
-4402.15653745532 0.36049999999999993 0.4225999999999999 0.21690000000000015
-4381.794964542807 0.36049999999999993 0.4432999999999999 0.19620000000000015
-4362.7602041794 0.36049999999999993 0.4639999999999999 0.17550000000000016
-4340.831366491905 0.36049999999999993 0.4846999999999999 0.15480000000000016
-4320.713208427975 0.36049999999999993 0.5054 0.1341000000000001
-4298.461346711649 0.36049999999999993 0.5260999999999999 0.11340000000000017
-4275.318342738649 0.36049999999999993 0.5468 0.09270000000000012
-4251.880387318841 0.36049999999999993 0.5674999999999999 0.07200000000000017
-4229.987425216589 0.36049999999999993 0.5882 0.05130000000000012
-4206.654376218846 0.36049999999999993 0.6089 0.03060000000000007
-4789.303490215953 0.38119999999999993 0.05 0.5688
-4777.161204859641 0.38119999999999993 0.0707 0.5481
-4761.474683470651 0.38119999999999993 0.0914 0.5274
-4748.257288238275 0.38119999999999993 0.11209999999999999 0.5067
-4728.986928832324 0.38119999999999993 0.13279999999999997 0.48600000000000004
-4714.461799725486 0.38119999999999993 0.15349999999999997 0.46530000000000005
-4698.761741830157 0.38119999999999993 0.17419999999999997 0.44460000000000005
-4683.648303550878 0.38119999999999993 0.19489999999999996 0.42390000000000005
-4667.162328257794 0.38119999999999993 0.21559999999999996 0.40320000000000006
-4650.846407061385 0.38119999999999993 0.23629999999999995 0.38250000000000006
-4635.02694509056 0.38119999999999993 0.25699999999999995 0.36180000000000007
-4620.4628453519 0.38119999999999993 0.27769999999999995 0.34110000000000007
-4601.845658376221 0.38119999999999993 0.29839999999999994 0.3204000000000001
-4585.818642870342 0.38119999999999993 0.31909999999999994 0.2997000000000001
-4563.965133379095 0.38119999999999993 0.33979999999999994 0.2790000000000001
-4545.132198146549 0.38119999999999993 0.36049999999999993 0.2583000000000001
-4527.375567448227 0.38119999999999993 0.38119999999999993 0.2376000000000001
-4505.694152425249 0.38119999999999993 0.4018999999999999 0.2169000000000001
-4485.740526117075 0.38119999999999993 0.4225999999999999 0.1962000000000001
-4466.421638834654 0.38119999999999993 0.4432999999999999 0.1755000000000001
-4445.538878069252 0.38119999999999993 0.4639999999999999 0.1548000000000001
-4423.245702801787 0.38119999999999993 0.4846999999999999 0.1341000000000001
-4402.121870873329 0.38119999999999993 0.5054 0.11340000000000006
-4379.273986585012 0.38119999999999993 0.5260999999999999 0.09270000000000012
-4356.65369204639 0.38119999999999993 0.5468 0.07200000000000006
-4334.01744172874 0.38119999999999993 0.5674999999999999 0.05130000000000012
-4310.2769223046935 0.38119999999999993 0.5882 0.03060000000000007
-4878.779454406557 0.4018999999999999 0.05 0.5481
-4865.881793411862 0.4018999999999999 0.0707 0.5274000000000001
-4851.0252786330275 0.4018999999999999 0.0914 0.5067
-4832.772375440827 0.4018999999999999 0.11209999999999999 0.4860000000000001
-4820.295231240554 0.4018999999999999 0.13279999999999997 0.4653000000000001
-4801.893015425772 0.4018999999999999 0.15349999999999997 0.4446000000000001
-4787.209670583014 0.4018999999999999 0.17419999999999997 0.4239000000000001
-4770.1808032868275 0.4018999999999999 0.19489999999999996 0.4032000000000001
-4755.164554529643 0.4018999999999999 0.21559999999999996 0.3825000000000001
-4736.635235932335 0.4018999999999999 0.23629999999999995 0.3618000000000001
-4723.095305418938 0.4018999999999999 0.25699999999999995 0.3411000000000001
-4706.4269015675545 0.4018999999999999 0.27769999999999995 0.32040000000000013
-4687.397973612107 0.4018999999999999 0.29839999999999994 0.29970000000000013
-4669.3808312488245 0.4018999999999999 0.31909999999999994 0.27900000000000014
-4648.36776714395 0.4018999999999999 0.33979999999999994 0.25830000000000014
-4630.969986193768 0.4018999999999999 0.36049999999999993 0.23760000000000014
-4611.793086836922 0.4018999999999999 0.38119999999999993 0.21690000000000015
-4591.954438026976 0.4018999999999999 0.4018999999999999 0.19620000000000015
-4572.543617778989 0.4018999999999999 0.4225999999999999 0.17550000000000016
-4553.883139476223 0.4018999999999999 0.4432999999999999 0.15480000000000016
-4531.578453415027 0.4018999999999999 0.4639999999999999 0.13410000000000016
-4509.722854889379 0.4018999999999999 0.4846999999999999 0.11340000000000017
-4486.11592570005 0.4018999999999999 0.5054 0.09270000000000012
-4464.313529254476 0.4018999999999999 0.5260999999999999 0.07200000000000017
-4441.525543551594 0.4018999999999999 0.5468 0.05130000000000012
-4418.110607496051 0.4018999999999999 0.5674999999999999 0.030600000000000183
