-6267.410992608183 0.7330999999999999 0.05 0.21690000000000015
-6254.3483566806435 0.7330999999999999 0.0707 0.19620000000000015
-6236.4072536890735 0.7330999999999999 0.0914 0.17550000000000016
-6220.849477238536 0.7330999999999999 0.11209999999999999 0.15480000000000016
-6202.630653812876 0.7330999999999999 0.13279999999999997 0.13410000000000016
-6184.132255638056 0.7330999999999999 0.15349999999999997 0.11340000000000017
-6167.18465850987 0.7330999999999999 0.17419999999999997 0.09270000000000017
-6145.391968059361 0.7330999999999999 0.19489999999999996 0.07200000000000017
-6123.390966426198 0.7330999999999999 0.21559999999999996 0.05130000000000018
-6100.764547837528 0.7330999999999999 0.23629999999999995 0.030600000000000183
-6355.564564201567 0.7537999999999999 0.05 0.1962000000000001
-6340.541105519741 0.7537999999999999 0.0707 0.1755000000000001
-6323.0175920825295 0.7537999999999999 0.0914 0.1548000000000001
-6308.260544095848 0.7537999999999999 0.11209999999999999 0.1341000000000001
-6287.069162162655 0.7537999999999999 0.13279999999999997 0.11340000000000011
-6270.125714952142 0.7537999999999999 0.15349999999999997 0.09270000000000012
-6251.418923268159 0.7537999999999999 0.17419999999999997 0.07200000000000012
-6228.067274219931 0.7537999999999999 0.19489999999999996 0.05130000000000012
-6208.153460425066 0.7537999999999999 0.21559999999999996 0.030600000000000127
-6441.467755982717 0.7745 0.05 0.17550000000000004
-6426.833942307364 0.7745 0.0707 0.15480000000000005
-6410.252902252713 0.7745 0.0914 0.13410000000000005
-6391.9210571080375 0.7745 0.11209999999999999 0.11340000000000004
-6373.229941328648 0.7745 0.13279999999999997 0.09270000000000006
-6354.294393639939 0.7745 0.15349999999999997 0.07200000000000006
-6334.013783346431 0.7745 0.17419999999999997 0.05130000000000007
-6311.294582153643 0.7745 0.19489999999999996 0.03060000000000007
