-4178.968653346076 0.23629999999999995 0.05 0.7137
-4165.9199436325425 0.23629999999999995 0.0707 0.6930000000000001
-4154.74241534947 0.23629999999999995 0.0914 0.6723
-4139.75466037086 0.23629999999999995 0.11209999999999999 0.6516000000000001
-4121.926430556014 0.23629999999999995 0.13279999999999997 0.6309
-4108.652822930295 0.23629999999999995 0.15349999999999997 0.6102000000000001
-4092.818858697056 0.23629999999999995 0.17419999999999997 0.5895000000000001
-4076.2003746124647 0.23629999999999995 0.19489999999999996 0.5688000000000001
-4061.074975453276 0.23629999999999995 0.21559999999999996 0.5481
-4045.2543328310558 0.23629999999999995 0.23629999999999995 0.5274000000000001
-4032.104392506671 0.23629999999999995 0.25699999999999995 0.5067000000000002
-4016.156167703258 0.23629999999999995 0.27769999999999995 0.4860000000000001
-3999.741036397771 0.23629999999999995 0.29839999999999994 0.4653000000000001
-3983.6566180084747 0.23629999999999995 0.31909999999999994 0.4446000000000001
-3967.1159959282727 0.23629999999999995 0.33979999999999994 0.4239000000000001
-3948.8973609636573 0.23629999999999995 0.36049999999999993 0.4032000000000001
-3929.8805334942476 0.23629999999999995 0.38119999999999993 0.3825000000000001
-3910.9697040450587 0.23629999999999995 0.4018999999999999 0.3618000000000001
-3892.5800832388445 0.23629999999999995 0.4225999999999999 0.3411000000000001
-3873.3629164717504 0.23629999999999995 0.4432999999999999 0.32040000000000013
-3854.8056292498513 0.23629999999999995 0.4639999999999999 0.29970000000000013
-3834.960451941762 0.23629999999999995 0.4846999999999999 0.27900000000000014
-3815.617214311281 0.23629999999999995 0.5054 0.2583000000000001
-3796.0253098078397 0.23629999999999995 0.5260999999999999 0.23760000000000014
-3776.934244594295 0.23629999999999995 0.5468 0.2169000000000001
-3755.756751305426 0.23629999999999995 0.5674999999999999 0.19620000000000015
-3734.3445546068533 0.23629999999999995 0.5882 0.1755000000000001
-3713.22021814386 0.23629999999999995 0.6089 0.15480000000000005
-3689.698132290843 0.23629999999999995 0.6295999999999999 0.1341000000000001
-3667.297503726215 0.23629999999999995 0.6502999999999999 0.11340000000000017
-3644.6285179287315 0.23629999999999995 0.6709999999999999 0.09270000000000012
-3621.8304699187966 0.23629999999999995 0.6917 0.07200000000000006
-3599.3799363667013 0.23629999999999995 0.7123999999999999 0.05130000000000012
-3575.990462448175 0.23629999999999995 0.7330999999999999 0.030600000000000183
-4264.733238169247 0.25699999999999995 0.05 0.6930000000000001
-4251.723408975009 0.25699999999999995 0.0707 0.6723000000000001
-4237.340912399307 0.25699999999999995 0.0914 0.6516000000000001
-4223.6647666583185 0.25699999999999995 0.11209999999999999 0.6309000000000001
-4209.423183364981 0.25699999999999995 0.13279999999999997 0.6102000000000001
-4193.5637820476895 0.25699999999999995 0.15349999999999997 0.5895000000000001
-4177.53552163213 0.25699999999999995 0.17419999999999997 0.5688000000000002
-4161.988561803677 0.25699999999999995 0.19489999999999996 0.5481000000000001
-4146.433052040609 0.25699999999999995 0.21559999999999996 0.5274000000000001
-4133.92558224276 0.25699999999999995 0.23629999999999995 0.5067000000000002
-4117.890936807284 0.25699999999999995 0.25699999999999995 0.48600000000000015
-4101.122006646212 0.25699999999999995 0.27769999999999995 0.46530000000000016
-4085.297949007222 0.25699999999999995 0.29839999999999994 0.44460000000000016
-4069.5388711751257 0.25699999999999995 0.31909999999999994 0.42390000000000017
-4051.4788292516746 0.25699999999999995 0.33979999999999994 0.40320000000000017
-4034.040679971901 0.25699999999999995 0.36049999999999993 0.3825000000000002
-4016.2710329933116 0.25699999999999995 0.38119999999999993 0.3618000000000002
-3996.359881369996 0.25699999999999995 0.4018999999999999 0.3411000000000002
-3977.5926440701164 0.25699999999999995 0.4225999999999999 0.3204000000000002
-3957.6727903844153 0.25699999999999995 0.4432999999999999 0.2997000000000002
-3938.558649045075 0.25699999999999995 0.4639999999999999 0.2790000000000002
-3919.2026145895516 0.25699999999999995 0.4846999999999999 0.2583000000000002
-3899.160067937237 0.25699999999999995 0.5054 0.23760000000000014
-3880.040910214016 0.25699999999999995 0.5260999999999999 0.2169000000000002
-3860.6428230041834 0.25699999999999995 0.5468 0.19620000000000015
-3839.617023043242 0.25699999999999995 0.5674999999999999 0.1755000000000002
-3816.704695913626 0.25699999999999995 0.5882 0.15480000000000016
-3795.087586401748 0.25699999999999995 0.6089 0.1341000000000001
-3772.6771827078687 0.25699999999999995 0.6295999999999999 0.11340000000000017
-3749.283604453401 0.25699999999999995 0.6502999999999999 0.09270000000000023
-3726.515715791577 0.25699999999999995 0.6709999999999999 0.07200000000000017
-3703.7890551232886 0.25699999999999995 0.6917 0.05130000000000012
-3680.443098550006 0.25699999999999995 0.7123999999999999 0.030600000000000183
-4352.5539854787885 0.27769999999999995 0.05 0.6723
-4339.596363240887 0.27769999999999995 0.0707 0.6516000000000001
-4327.742124589409 0.27769999999999995 0.0914 0.6309
-4310.05888416517 0.27769999999999995 0.11209999999999999 0.6102000000000001
-4294.22737556619 0.27769999999999995 0.13279999999999997 0.5895000000000001
-4278.646650236201 0.27769999999999995 0.15349999999999997 0.5688000000000001
-4267.855817572059 0.27769999999999995 0.17419999999999997 0.5481
-4247.241666049784 0.27769999999999995 0.19489999999999996 0.5274000000000001
-4236.318594945214 0.27769999999999995 0.21559999999999996 0.5067000000000002
-4220.062769123286 0.27769999999999995 0.23629999999999995 0.4860000000000001
-4203.096896360615 0.27769999999999995 0.25699999999999995 0.4653000000000001
-4187.790262136048 0.27769999999999995 0.27769999999999995 0.4446000000000001
-4170.82774668097 0.27769999999999995 0.29839999999999994 0.4239000000000001
-4153.549317449476 0.27769999999999995 0.31909999999999994 0.4032000000000001
-4135.1377472311615 0.27769999999999995 0.33979999999999994 0.3825000000000001
-4116.901457215095 0.27769999999999995 0.36049999999999993 0.3618000000000001
-4099.891363448973 0.27769999999999995 0.38119999999999993 0.3411000000000001
-4081.408427305065 0.27769999999999995 0.4018999999999999 0.32040000000000013
-4061.7185004313424 0.27769999999999995 0.4225999999999999 0.29970000000000013
-4042.0466106677322 0.27769999999999995 0.4432999999999999 0.27900000000000014
-4022.4863378731648 0.27769999999999995 0.4639999999999999 0.25830000000000014
-4002.643988964257 0.27769999999999995 0.4846999999999999 0.23760000000000014
-3983.1488468995435 0.27769999999999995 0.5054 0.2169000000000001
-3963.722532089144 0.27769999999999995 0.5260999999999999 0.19620000000000015
-3943.415056457174 0.27769999999999995 0.5468 0.1755000000000001
-3920.245622109738 0.27769999999999995 0.5674999999999999 0.15480000000000016
-3897.790420414929 0.27769999999999995 0.5882 0.1341000000000001
-3876.113551849969 0.27769999999999995 0.6089 0.11340000000000006
-3852.7562795160047 0.27769999999999995 0.6295999999999999 0.09270000000000012
-3829.54166260694 0.27769999999999995 0.6502999999999999 0.07200000000000017
-3807.5083837174875 0.27769999999999995 0.6709999999999999 0.05130000000000012
-3783.8392434372854 0.27769999999999995 0.6917 0.03060000000000007
