-5226.467633344009 0.4846999999999999 0.05 0.4653000000000001
-5211.3247156958 0.4846999999999999 0.0707 0.4446000000000001
-5195.23980331259 0.4846999999999999 0.0914 0.4239000000000001
-5181.627027361771 0.4846999999999999 0.11209999999999999 0.4032000000000001
-5164.271773204708 0.4846999999999999 0.13279999999999997 0.3825000000000001
-5148.7135006292 0.4846999999999999 0.15349999999999997 0.3618000000000001
-5135.06547279042 0.4846999999999999 0.17419999999999997 0.3411000000000001
-5116.599921071159 0.4846999999999999 0.19489999999999996 0.32040000000000013
-5102.02022752624 0.4846999999999999 0.21559999999999996 0.29970000000000013
-5082.996581407447 0.4846999999999999 0.23629999999999995 0.27900000000000014
-5066.055124475804 0.4846999999999999 0.25699999999999995 0.25830000000000014
-5049.7307380335715 0.4846999999999999 0.27769999999999995 0.23760000000000014
-5028.076127063572 0.4846999999999999 0.29839999999999994 0.21690000000000015
-5010.674418257293 0.4846999999999999 0.31909999999999994 0.19620000000000015
-4988.736416107033 0.4846999999999999 0.33979999999999994 0.17550000000000016
-4969.010496536475 0.4846999999999999 0.36049999999999993 0.15480000000000016
-4952.357116974303 0.4846999999999999 0.38119999999999993 0.13410000000000016
-4927.907645684077 0.4846999999999999 0.4018999999999999 0.11340000000000017
-4908.045156895115 0.4846999999999999 0.4225999999999999 0.09270000000000017
-4883.283034082184 0.4846999999999999 0.4432999999999999 0.07200000000000017
-4860.140468971782 0.4846999999999999 0.4639999999999999 0.05130000000000018
-4839.661924917126 0.4846999999999999 0.4846999999999999 0.030600000000000183
-5312.118473387605 0.5054 0.05 0.44460000000000005
-5300.615231434262 0.5054 0.0707 0.42390000000000005
-5282.790812202524 0.5054 0.0914 0.40320000000000006
-5268.084789838356 0.5054 0.11209999999999999 0.38250000000000006
-5250.213917168881 0.5054 0.13279999999999997 0.36180000000000007
-5236.092869546738 0.5054 0.15349999999999997 0.34110000000000007
-5220.2118375794935 0.5054 0.17419999999999997 0.3204000000000001
-5203.965916500816 0.5054 0.19489999999999996 0.2997000000000001
-5188.216653430112 0.5054 0.21559999999999996 0.2790000000000001
-5169.575630830111 0.5054 0.23629999999999995 0.2583000000000001
-5152.665851730792 0.5054 0.25699999999999995 0.2376000000000001
-5133.509708342759 0.5054 0.27769999999999995 0.2169000000000001
-5113.922822617213 0.5054 0.29839999999999994 0.1962000000000001
-5094.590993825092 0.5054 0.31909999999999994 0.1755000000000001
-5072.455449001612 0.5054 0.33979999999999994 0.1548000000000001
-5055.893072512669 0.5054 0.36049999999999993 0.1341000000000001
-5035.074115145628 0.5054 0.38119999999999993 0.11340000000000011
-5012.463082234057 0.5054 0.4018999999999999 0.09270000000000012
-4990.430267920002 0.5054 0.4225999999999999 0.07200000000000012
-4965.272255907147 0.5054 0.4432999999999999 0.05130000000000012
-4944.570557174465 0.5054 0.4639999999999999 0.030600000000000127
-5401.790736875188 0.5260999999999999 0.05 0.4239000000000001
-5388.9273205169375 0.5260999999999999 0.0707 0.4032000000000001
-5368.96975766037 0.5260999999999999 0.0914 0.3825000000000001
-5353.649557932239 0.5260999999999999 0.11209999999999999 0.3618000000000001
-5337.704584121124 0.5260999999999999 0.13279999999999997 0.3411000000000001
-5322.1152757999325 0.5260999999999999 0.15349999999999997 0.32040000000000013
-5308.3128129056 0.5260999999999999 0.17419999999999997 0.29970000000000013
-5290.029940836879 0.5260999999999999 0.19489999999999996 0.27900000000000014
-5273.253350056737 0.5260999999999999 0.21559999999999996 0.25830000000000014
-5255.592460856001 0.5260999999999999 0.23629999999999995 0.23760000000000014
-5236.902674215494 0.5260999999999999 0.25699999999999995 0.21690000000000015
-5219.781066186354 0.5260999999999999 0.27769999999999995 0.19620000000000015
-5198.178525056827 0.5260999999999999 0.29839999999999994 0.17550000000000016
-5178.6383178537535 0.5260999999999999 0.31909999999999994 0.15480000000000016
-5159.0323151706825 0.5260999999999999 0.33979999999999994 0.13410000000000016
-5138.518668934552 0.5260999999999999 0.36049999999999993 0.11340000000000017
-5118.3296967659935 0.5260999999999999 0.38119999999999993 0.09270000000000017
-5093.905767982283 0.5260999999999999 0.4018999999999999 0.07200000000000017
-5071.401897659885 0.5260999999999999 0.4225999999999999 0.05130000000000018
-5048.123223429201 0.5260999999999999 0.4432999999999999 0.030600000000000183
