-6527.112984209485 0.7951999999999999 0.05 0.1548000000000001
-6514.519413024074 0.7951999999999999 0.0707 0.1341000000000001
-6495.87117023409 0.7951999999999999 0.0914 0.1134000000000001
-6479.290846183223 0.7951999999999999 0.11209999999999999 0.0927000000000001
-6457.800255349838 0.7951999999999999 0.13279999999999997 0.07200000000000012
-6439.129723986045 0.7951999999999999 0.15349999999999997 0.05130000000000012
-6418.6888704282765 0.7951999999999999 0.17419999999999997 0.030600000000000127
-6616.127286746216 0.8158999999999998 0.05 0.13410000000000016
-6600.937481694377 0.8158999999999998 0.0707 0.11340000000000015
-6582.1267903438575 0.8158999999999998 0.0914 0.09270000000000016
-6562.841599846509 0.8158999999999998 0.11209999999999999 0.07200000000000016
-6542.1733716138 0.8158999999999998 0.13279999999999997 0.05130000000000018
-6522.242795668076 0.8158999999999998 0.15349999999999997 0.030600000000000183
-6700.482698357005 0.8365999999999999 0.05 0.1134000000000001
-6687.576348514636 0.8365999999999999 0.0707 0.0927000000000001
-6666.834780147099 0.8365999999999999 0.0914 0.0720000000000001
-6648.7452036885325 0.8365999999999999 0.11209999999999999 0.05130000000000011
-6626.515669767976 0.8365999999999999 0.13279999999999997 0.030600000000000127
