-3389.391712950332 0.05 0.05 0.8999999999999999
-3378.0843156346473 0.05 0.0707 0.8793
-3366.1072364321603 0.05 0.0914 0.8585999999999999
-3353.9771187204346 0.05 0.11209999999999999 0.8379
-3341.4677887228877 0.05 0.13279999999999997 0.8171999999999999
-3329.475831522532 0.05 0.15349999999999997 0.7965
-3316.316087753546 0.05 0.17419999999999997 0.7758
-3304.8815731404366 0.05 0.19489999999999996 0.7551
-3288.0575845998655 0.05 0.21559999999999996 0.7343999999999999
-3272.0484022533265 0.05 0.23629999999999995 0.7137
-3255.9795604420706 0.05 0.25699999999999995 0.6930000000000001
-3240.186285295263 0.05 0.27769999999999995 0.6723
-3224.0730722022495 0.05 0.29839999999999994 0.6516
-3208.365037409796 0.05 0.31909999999999994 0.6309
-3191.8146738147248 0.05 0.33979999999999994 0.6102000000000001
-3175.540907675288 0.05 0.36049999999999993 0.5895
-3159.310515608282 0.05 0.38119999999999993 0.5688
-3142.9492056999447 0.05 0.4018999999999999 0.5481
-3126.7762868125265 0.05 0.4225999999999999 0.5274000000000001
-3109.7273247193316 0.05 0.4432999999999999 0.5067
-3091.8739911530874 0.05 0.4639999999999999 0.48600000000000004
-3072.869778999857 0.05 0.4846999999999999 0.46530000000000005
-3052.7166459502737 0.05 0.5054 0.4446
-3033.976598883615 0.05 0.5260999999999999 0.42390000000000005
-3015.0402148422386 0.05 0.5468 0.4032
-2993.6760159653786 0.05 0.5674999999999999 0.38250000000000006
-2975.7476290040236 0.05 0.5882 0.3618
-2956.5183898631685 0.05 0.6089 0.34109999999999996
-2936.7168721458615 0.05 0.6295999999999999 0.3204
-2916.8810007438083 0.05 0.6502999999999999 0.2997000000000001
-2896.737182118427 0.05 0.6709999999999999 0.279
-2877.512694839586 0.05 0.6917 0.2583
-2856.24796335811 0.05 0.7123999999999999 0.23760000000000003
-2833.862709706308 0.05 0.7330999999999999 0.2169000000000001
-2811.1643765431095 0.05 0.7537999999999999 0.19620000000000004
-2788.646795275737 0.05 0.7745 0.1755
-2765.8064128008978 0.05 0.7951999999999999 0.15480000000000005
-2742.4930930849987 0.05 0.8158999999999998 0.1341000000000001
-2721.873112704325 0.05 0.8365999999999999 0.11340000000000006
-2698.7003579372076 0.05 0.8573 0.0927
-2675.8503107734705 0.05 0.8779999999999999 0.07200000000000006
-2652.8107861191434 0.05 0.8986999999999998 0.05130000000000012
-2630.0972357884143 0.05 0.9193999999999999 0.03060000000000007
-3476.6273790870046 0.0707 0.05 0.8793
-3465.340865759884 0.0707 0.0707 0.8586
-3453.5393604907167 0.0707 0.0914 0.8379
-3441.321812966799 0.0707 0.11209999999999999 0.8172
-3429.5727767863627 0.0707 0.13279999999999997 0.7965
-3417.530712053927 0.0707 0.15349999999999997 0.7758
-3406.0576329387764 0.0707 0.17419999999999997 0.7551000000000001
-3388.815480367756 0.0707 0.19489999999999996 0.7344
-3373.3833662637257 0.0707 0.21559999999999996 0.7137
-3357.4003709323347 0.0707 0.23629999999999995 0.6930000000000001
-3341.0801069922213 0.0707 0.25699999999999995 0.6723000000000001
-3326.052234749478 0.0707 0.27769999999999995 0.6516000000000001
-3309.0094536779807 0.0707 0.29839999999999994 0.6309
-3293.8896284222333 0.0707 0.31909999999999994 0.6102000000000001
-3277.275536298336 0.0707 0.33979999999999994 0.5895000000000001
-3260.914465880779 0.0707 0.36049999999999993 0.5688000000000001
-3245.1696175593247 0.0707 0.38119999999999993 0.5481
-3229.1529865527805 0.0707 0.4018999999999999 0.5274000000000001
-3212.8941542458097 0.0707 0.4225999999999999 0.5067000000000002
-3193.236235408849 0.0707 0.4432999999999999 0.4860000000000001
-3174.4029033998127 0.0707 0.4639999999999999 0.4653000000000001
-3153.418726652911 0.0707 0.4846999999999999 0.4446000000000001
-3136.691356041687 0.0707 0.5054 0.42390000000000005
-3115.0329473209645 0.0707 0.5260999999999999 0.4032000000000001
-3097.5501455744784 0.0707 0.5468 0.38250000000000006
-3078.118036998132 0.0707 0.5674999999999999 0.3618000000000001
-3058.7360882336325 0.0707 0.5882 0.34110000000000007
-3039.5378698822374 0.0707 0.6089 0.3204
-3020.0807163334407 0.0707 0.6295999999999999 0.2997000000000001
-3000.37125293451 0.0707 0.6502999999999999 0.27900000000000014
-2982.096386957877 0.0707 0.6709999999999999 0.2583000000000001
-2958.8164640647647 0.0707 0.6917 0.23760000000000003
-2936.4722555413446 0.0707 0.7123999999999999 0.2169000000000001
-2913.0818943781073 0.0707 0.7330999999999999 0.19620000000000015
-2890.5191069656003 0.0707 0.7537999999999999 0.1755000000000001
-2868.6859573552756 0.0707 0.7745 0.15480000000000005
-2845.427836346877 0.0707 0.7951999999999999 0.1341000000000001
-2824.37854558128 0.0707 0.8158999999999998 0.11340000000000017
-2800.7415249994115 0.0707 0.8365999999999999 0.09270000000000012
-2778.45433273386 0.0707 0.8573 0.07200000000000006
-2755.5777555666705 0.0707 0.8779999999999999 0.05130000000000012
-2732.447240548386 0.0707 0.8986999999999998 0.030600000000000183
-3566.1678847310664 0.0914 0.05 0.8585999999999999
-3554.7191943682046 0.0914 0.0707 0.8379
-3543.153152927775 0.0914 0.0914 0.8171999999999999
-3531.3152519586974 0.0914 0.11209999999999999 0.7965
-3519.332146798465 0.0914 0.13279999999999997 0.7758
-3508.521002406128 0.0914 0.15349999999999997 0.7551
-3491.2916480789104 0.0914 0.17419999999999997 0.7343999999999999
-3475.451825259693 0.0914 0.19489999999999996 0.7137
-3459.911357753929 0.0914 0.21559999999999996 0.6930000000000001
-3444.1028755417356 0.0914 0.23629999999999995 0.6723
-3428.330261904709 0.0914 0.25699999999999995 0.6516
-3413.8079313262065 0.0914 0.27769999999999995 0.6309
-3397.0079827303543 0.0914 0.29839999999999994 0.6102000000000001
-3381.616735929432 0.0914 0.31909999999999994 0.5895
-3364.8342105979395 0.0914 0.33979999999999994 0.5688
-3348.492663331583 0.0914 0.36049999999999993 0.5481
-3332.3088679167945 0.0914 0.38119999999999993 0.5274000000000001
-3316.7131769299563 0.0914 0.4018999999999999 0.5067
-3297.9408566701713 0.0914 0.4225999999999999 0.48600000000000004
-3277.879335109357 0.0914 0.4432999999999999 0.46530000000000005
-3258.2237687494576 0.0914 0.4639999999999999 0.44460000000000005
-3240.499042472668 0.0914 0.4846999999999999 0.42390000000000005
-3222.6744273714476 0.0914 0.5054 0.4032
-3203.484658121065 0.0914 0.5260999999999999 0.38250000000000006
-3183.9487225940447 0.0914 0.5468 0.3618
-3163.533074577454 0.0914 0.5674999999999999 0.34110000000000007
-3143.854470250659 0.0914 0.5882 0.3204
-3124.2038760484475 0.0914 0.6089 0.29969999999999997
-3104.868231147634 0.0914 0.6295999999999999 0.279
-3084.916762356124 0.0914 0.6502999999999999 0.2583000000000001
-3064.234772247961 0.0914 0.6709999999999999 0.23760000000000003
-3041.627818961933 0.0914 0.6917 0.21689999999999998
-3018.069883346741 0.0914 0.7123999999999999 0.19620000000000004
-2995.377482050914 0.0914 0.7330999999999999 0.1755000000000001
-2972.945577005535 0.0914 0.7537999999999999 0.15480000000000005
-2951.905671395841 0.0914 0.7745 0.1341
-2930.8947467972375 0.0914 0.7951999999999999 0.11340000000000006
-2907.141835557376 0.0914 0.8158999999999998 0.09270000000000012
-2884.4539186732773 0.0914 0.8365999999999999 0.07200000000000006
-2862.443671715965 0.0914 0.8573 0.05130000000000001
-2839.2992114997583 0.0914 0.8779999999999999 0.03060000000000007
