-5999.820343197344 0.6709999999999999 0.05 0.2790000000000001
-5985.646860673654 0.6709999999999999 0.0707 0.2583000000000001
-5969.476926124004 0.6709999999999999 0.0914 0.2376000000000001
-5953.708037363186 0.6709999999999999 0.11209999999999999 0.2169000000000001
-5936.895435282789 0.6709999999999999 0.13279999999999997 0.1962000000000001
-5920.091653129924 0.6709999999999999 0.15349999999999997 0.1755000000000001
-5902.164654401398 0.6709999999999999 0.17419999999999997 0.1548000000000001
-5883.739983320977 0.6709999999999999 0.19489999999999996 0.1341000000000001
-5865.223856500647 0.6709999999999999 0.21559999999999996 0.11340000000000011
-5845.841889621373 0.6709999999999999 0.23629999999999995 0.09270000000000012
-5826.19976181051 0.6709999999999999 0.25699999999999995 0.07200000000000012
-5805.917819592256 0.6709999999999999 0.27769999999999995 0.05130000000000012
-5784.7699711809 0.6709999999999999 0.29839999999999994 0.030600000000000127
-6086.751660771338 0.6917 0.05 0.25830000000000003
-6073.694337856063 0.6917 0.0707 0.23760000000000003
-6055.545795731621 0.6917 0.0914 0.21690000000000004
-6041.7476427009315 0.6917 0.11209999999999999 0.19620000000000004
-6022.715187680141 0.6917 0.13279999999999997 0.17550000000000004
-6005.135149136285 0.6917 0.15349999999999997 0.15480000000000005
-5989.350757873237 0.6917 0.17419999999999997 0.13410000000000005
-5968.897520474272 0.6917 0.19489999999999996 0.11340000000000006
-5952.350789725372 0.6917 0.21559999999999996 0.09270000000000006
-5929.535044959232 0.6917 0.23629999999999995 0.07200000000000006
-5909.739211095976 0.6917 0.25699999999999995 0.05130000000000007
-5890.876025417128 0.6917 0.27769999999999995 0.03060000000000007
-6174.839311844138 0.7123999999999999 0.05 0.2376000000000001
-6159.477455753365 0.7123999999999999 0.0707 0.2169000000000001
-6143.903891436403 0.7123999999999999 0.0914 0.1962000000000001
-6127.41230055467 0.7123999999999999 0.11209999999999999 0.1755000000000001
-6108.040970934947 0.7123999999999999 0.13279999999999997 0.1548000000000001
-6092.4415270061 0.7123999999999999 0.15349999999999997 0.1341000000000001
-6074.279183842357 0.7123999999999999 0.17419999999999997 0.11340000000000011
-6055.355993753234 0.7123999999999999 0.19489999999999996 0.09270000000000012
-6036.069125336523 0.7123999999999999 0.21559999999999996 0.07200000000000012
-6013.329300631206 0.7123999999999999 0.23629999999999995 0.05130000000000012
-5994.971897091963 0.7123999999999999 0.25699999999999995 0.030600000000000127
