-6260.858182252934 0.7330999999999999 0.05 0.21690000000000015
-6247.939078546548 0.7330999999999999 0.0707 0.19620000000000015
-6229.519660997218 0.7330999999999999 0.0914 0.17550000000000016
-6213.1721110719 0.7330999999999999 0.11209999999999999 0.15480000000000016
-6195.496543878205 0.7330999999999999 0.13279999999999997 0.13410000000000016
-6177.59219696717 0.7330999999999999 0.15349999999999997 0.11340000000000017
-6161.361250813324 0.7330999999999999 0.17419999999999997 0.09270000000000017
-6139.639568056715 0.7330999999999999 0.19489999999999996 0.07200000000000017
-6119.69405744088 0.7330999999999999 0.21559999999999996 0.05130000000000018
-6098.804339107483 0.7330999999999999 0.23629999999999995 0.030600000000000183
-6349.706724290902 0.7537999999999999 0.05 0.1962000000000001
-6333.8019975462585 0.7537999999999999 0.0707 0.1755000000000001
-6315.45284517822 0.7537999999999999 0.0914 0.1548000000000001
-6300.814652955626 0.7537999999999999 0.11209999999999999 0.1341000000000001
-6280.682535120559 0.7537999999999999 0.13279999999999997 0.11340000000000011
-6264.510202356892 0.7537999999999999 0.15349999999999997 0.09270000000000012
-6245.815369547954 0.7537999999999999 0.17419999999999997 0.07200000000000012
-6223.549765571503 0.7537999999999999 0.19489999999999996 0.05130000000000012
-6202.022322993112 0.7537999999999999 0.21559999999999996 0.030600000000000127
-6435.913352689467 0.7745 0.05 0.17550000000000004
-6420.027699013386 0.7745 0.0707 0.15480000000000005
-6403.18817901136 0.7745 0.0914 0.13410000000000005
-6385.6996585296965 0.7745 0.11209999999999999 0.11340000000000004
-6367.74629705011 0.7745 0.13279999999999997 0.09270000000000006
-6348.576324423081 0.7745 0.15349999999999997 0.07200000000000006
-6329.55077307145 0.7745 0.17419999999999997 0.05130000000000007
-6309.232266359223 0.7745 0.19489999999999996 0.03060000000000007
