-5213.650471324156 0.4846999999999999 0.05 0.4653000000000001
-5202.3844894088825 0.4846999999999999 0.0707 0.4446000000000001
-5185.57445012022 0.4846999999999999 0.0914 0.4239000000000001
-5172.75367329862 0.4846999999999999 0.11209999999999999 0.4032000000000001
-5155.038701539596 0.4846999999999999 0.13279999999999997 0.3825000000000001
-5139.122587021061 0.4846999999999999 0.15349999999999997 0.3618000000000001
-5125.205466351901 0.4846999999999999 0.17419999999999997 0.3411000000000001
-5106.846929707819 0.4846999999999999 0.19489999999999996 0.32040000000000013
-5092.292584982758 0.4846999999999999 0.21559999999999996 0.29970000000000013
-5072.85256222274 0.4846999999999999 0.23629999999999995 0.27900000000000014
-5055.277813269584 0.4846999999999999 0.25699999999999995 0.25830000000000014
-5039.564867591913 0.4846999999999999 0.27769999999999995 0.23760000000000014
-5019.155951154342 0.4846999999999999 0.29839999999999994 0.21690000000000015
-5002.872693508103 0.4846999999999999 0.31909999999999994 0.19620000000000015
-4981.862626632506 0.4846999999999999 0.33979999999999994 0.17550000000000016
-4962.970500571805 0.4846999999999999 0.36049999999999993 0.15480000000000016
-4945.520291899033 0.4846999999999999 0.38119999999999993 0.13410000000000016
-4923.082350716396 0.4846999999999999 0.4018999999999999 0.11340000000000017
-4904.713764568458 0.4846999999999999 0.4225999999999999 0.09270000000000017
-4881.5281920942625 0.4846999999999999 0.4432999999999999 0.07200000000000017
-4860.462677506541 0.4846999999999999 0.4639999999999999 0.05130000000000018
-4840.502702524364 0.4846999999999999 0.4846999999999999 0.030600000000000183
-5302.522819452621 0.5054 0.05 0.44460000000000005
-5288.669053913941 0.5054 0.0707 0.42390000000000005
-5274.168694475932 0.5054 0.0914 0.40320000000000006
-5258.993190833037 0.5054 0.11209999999999999 0.38250000000000006
-5241.323748999481 0.5054 0.13279999999999997 0.36180000000000007
-5227.103599846965 0.5054 0.15349999999999997 0.34110000000000007
-5211.571319171247 0.5054 0.17419999999999997 0.3204000000000001
-5194.869481898193 0.5054 0.19489999999999996 0.2997000000000001
-5177.750507472685 0.5054 0.21559999999999996 0.2790000000000001
-5158.162770746505 0.5054 0.23629999999999995 0.2583000000000001
-5142.671417197368 0.5054 0.25699999999999995 0.2376000000000001
-5124.864718654535 0.5054 0.27769999999999995 0.2169000000000001
-5106.313219290949 0.5054 0.29839999999999994 0.1962000000000001
-5088.11046055472 0.5054 0.31909999999999994 0.1755000000000001
-5066.65808592597 0.5054 0.33979999999999994 0.1548000000000001
-5049.511489558487 0.5054 0.36049999999999993 0.1341000000000001
-5029.440575181391 0.5054 0.38119999999999993 0.11340000000000011
-5008.592836352947 0.5054 0.4018999999999999 0.09270000000000012
-4987.981441256673 0.5054 0.4225999999999999 0.07200000000000012
-4964.370100981437 0.5054 0.4432999999999999 0.05130000000000012
-4944.77851730044 0.5054 0.4639999999999999 0.030600000000000127
-5388.985324294518 0.5260999999999999 0.05 0.4239000000000001
-5377.705319139381 0.5260999999999999 0.0707 0.4032000000000001
-5360.508505455087 0.5260999999999999 0.0914 0.3825000000000001
-5345.175166502954 0.5260999999999999 0.11209999999999999 0.3618000000000001
-5329.249830025256 0.5260999999999999 0.13279999999999997 0.3411000000000001
-5313.3346653042245 0.5260999999999999 0.15349999999999997 0.32040000000000013
-5299.295658574433 0.5260999999999999 0.17419999999999997 0.29970000000000013
-5280.4400699663 0.5260999999999999 0.19489999999999996 0.27900000000000014
-5263.503960699282 0.5260999999999999 0.21559999999999996 0.25830000000000014
-5245.504795710633 0.5260999999999999 0.23629999999999995 0.23760000000000014
-5228.012067104659 0.5260999999999999 0.25699999999999995 0.21690000000000015
-5211.8596563035335 0.5260999999999999 0.27769999999999995 0.19620000000000015
-5191.026943274306 0.5260999999999999 0.29839999999999994 0.17550000000000016
-5172.498981228768 0.5260999999999999 0.31909999999999994 0.15480000000000016
-5153.015894242124 0.5260999999999999 0.33979999999999994 0.13410000000000016
-5132.873745571152 0.5260999999999999 0.36049999999999993 0.11340000000000017
-5115.055715291246 0.5260999999999999 0.38119999999999993 0.09270000000000017
-5091.880645588696 0.5260999999999999 0.4018999999999999 0.07200000000000017
-5070.948929706773 0.5260999999999999 0.4225999999999999 0.05130000000000018
-5048.920497758263 0.5260999999999999 0.4432999999999999 0.030600000000000183
