-3495.8715861921037 0.0685 0.001 0.9305
-3483.453511600836 0.0685 0.0235 0.908
-3470.7692965461547 0.0685 0.046 0.8855
-3458.506607029497 0.0685 0.0685 0.863
-3445.613911233623 0.0685 0.091 0.8405
-3433.0044336374553 0.0685 0.11349999999999999 0.8180000000000001
-3420.1650287870475 0.0685 0.136 0.7955
-3405.723794299847 0.0685 0.1585 0.773
-3391.855632268248 0.0685 0.181 0.7505
-3375.44827730642 0.0685 0.2035 0.728
-3358.345582115379 0.0685 0.22599999999999998 0.7055
-3340.5031141476375 0.0685 0.2485 0.683
-3323.783817852679 0.0685 0.271 0.6605
-3306.26644673906 0.0685 0.2935 0.638
-3288.7828189108145 0.0685 0.316 0.6154999999999999
-3271.1716270630423 0.0685 0.33849999999999997 0.593
-3252.234164732641 0.0685 0.361 0.5705
-3235.428662714021 0.0685 0.3835 0.548
-3216.465689153605 0.0685 0.40599999999999997 0.5255000000000001
-3199.361024591051 0.0685 0.4285 0.503
-3180.005529872161 0.0685 0.45099999999999996 0.48050000000000004
-3158.6637161662215 0.0685 0.4735 0.458
-3137.937784764763 0.0685 0.496 0.4355
-3115.050914394122 0.0685 0.5185 0.41300000000000003
-3095.8058191153523 0.0685 0.541 0.39049999999999996
-3074.80307084805 0.0685 0.5635 0.368
-3054.1667934332622 0.0685 0.586 0.34550000000000003
-3033.097846648576 0.0685 0.6084999999999999 0.32300000000000006
-3011.5106718242077 0.0685 0.631 0.3005
-2990.703547374501 0.0685 0.6535 0.278
-2968.394694908855 0.0685 0.6759999999999999 0.25550000000000006
-2945.927978318802 0.0685 0.6985 0.23299999999999998
-2919.980570859964 0.0685 0.721 0.21050000000000002
-2895.508617006728 0.0685 0.7434999999999999 0.18800000000000006
-2870.4957002722 0.0685 0.766 0.16549999999999998
-2845.249904462716 0.0685 0.7885 0.14300000000000002
-2822.0249388587354 0.0685 0.8109999999999999 0.12050000000000005
-2797.082817132343 0.0685 0.8335 0.09799999999999998
-2772.5475656692347 0.0685 0.856 0.07550000000000001
-2747.1699341414264 0.0685 0.8785 0.05300000000000005
-2722.8461586359927 0.0685 0.9009999999999999 0.030500000000000083
-2690.086649402502 0.0685 0.931 0.0004999999999999449
-3591.7801903666664 0.091 0.001 0.908
-3579.2854956649485 0.091 0.0235 0.8855000000000001
-3566.80561317529 0.091 0.046 0.863
-3554.5237026899563 0.091 0.0685 0.8405
-3542.032486226513 0.091 0.091 0.8180000000000001
-3529.317403668918 0.091 0.11349999999999999 0.7955000000000001
-3516.5893315652984 0.091 0.136 0.773
-3500.8815840243756 0.091 0.1585 0.7505000000000001
-3486.231697516659 0.091 0.181 0.728
-3468.5253710903075 0.091 0.2035 0.7055
-3451.3883596024693 0.091 0.22599999999999998 0.683
-3434.549093257392 0.091 0.2485 0.6605000000000001
-3417.90040390917 0.091 0.271 0.638
-3400.050431310137 0.091 0.2935 0.6155
-3382.8286808996368 0.091 0.316 0.593
-3363.352045629977 0.091 0.33849999999999997 0.5705
-3346.1141206014117 0.091 0.361 0.548
-3329.9220502106405 0.091 0.3835 0.5255000000000001
-3312.792645583457 0.091 0.40599999999999997 0.5030000000000001
-3290.9588744043754 0.091 0.4285 0.48050000000000004
-3269.5586189617675 0.091 0.45099999999999996 0.4580000000000001
-3249.934065123704 0.091 0.4735 0.43550000000000005
-3229.307832942361 0.091 0.496 0.41300000000000003
-3208.571355708858 0.091 0.5185 0.39050000000000007
-3187.86182577864 0.091 0.541 0.368
-3166.128433944658 0.091 0.5635 0.34550000000000003
-3145.1571180808583 0.091 0.586 0.32300000000000006
-3123.649446061633 0.091 0.6084999999999999 0.3005000000000001
-3102.683352854906 0.091 0.631 0.278
-3080.56499868941 0.091 0.6535 0.25550000000000006
-3056.7093443684666 0.091 0.6759999999999999 0.2330000000000001
-3032.7731838521436 0.091 0.6985 0.21050000000000002
-3007.699123648139 0.091 0.721 0.18800000000000006
-2982.1248787617783 0.091 0.7434999999999999 0.1655000000000001
-2960.8321706355073 0.091 0.766 0.14300000000000002
-2936.755231863508 0.091 0.7885 0.12050000000000005
-2911.805448346969 0.091 0.8109999999999999 0.09800000000000009
-2886.5807294755846 0.091 0.8335 0.07550000000000001
-2862.0481741340136 0.091 0.856 0.05300000000000005
-2836.7710080329553 0.091 0.8785 0.030500000000000083
-2804.9806281507254 0.091 0.908 0.0010000000000000009
-3687.8034585851196 0.11349999999999999 0.001 0.8855000000000001
-3675.2063719433045 0.11349999999999999 0.0235 0.8630000000000001
-3662.7619277137733 0.11349999999999999 0.046 0.8405
-3650.4195232435018 0.11349999999999999 0.0685 0.8180000000000001
-3637.6130897890707 0.11349999999999999 0.091 0.7955000000000001
-3625.3317721524454 0.11349999999999999 0.11349999999999999 0.7730000000000001
-3614.165444269169 0.11349999999999999 0.136 0.7505000000000001
-3594.1570949221323 0.11349999999999999 0.1585 0.7280000000000001
-3577.789495864131 0.11349999999999999 0.181 0.7055
-3562.475948527095 0.11349999999999999 0.2035 0.683
-3544.6608919185223 0.11349999999999999 0.22599999999999998 0.6605000000000001
-3528.106113294469 0.11349999999999999 0.2485 0.6380000000000001
-3508.2561107288025 0.11349999999999999 0.271 0.6155
-3493.8874077271907 0.11349999999999999 0.2935 0.5930000000000001
-3477.1203732971044 0.11349999999999999 0.316 0.5705
-3459.4125999265725 0.11349999999999999 0.33849999999999997 0.548
-3441.0625917608745 0.11349999999999999 0.361 0.5255000000000001
-3422.55976592681 0.11349999999999999 0.3835 0.5030000000000001
-3403.189339190149 0.11349999999999999 0.40599999999999997 0.4805000000000001
-3381.2039859004663 0.11349999999999999 0.4285 0.4580000000000001
-3361.2852528588 0.11349999999999999 0.45099999999999996 0.4355000000000001
-3343.486084429801 0.11349999999999999 0.4735 0.4130000000000001
-3321.3412672097943 0.11349999999999999 0.496 0.39050000000000007
-3301.653773970416 0.11349999999999999 0.5185 0.3680000000000001
-3280.007281694403 0.11349999999999999 0.541 0.34550000000000003
-3257.914227463438 0.11349999999999999 0.5635 0.32300000000000006
-3237.1744817453687 0.11349999999999999 0.586 0.3005000000000001
-3215.995160868206 0.11349999999999999 0.6084999999999999 0.27800000000000014
-3194.6080848797055 0.11349999999999999 0.631 0.25550000000000006
-3170.043391206702 0.11349999999999999 0.6535 0.2330000000000001
-3146.870329496842 0.11349999999999999 0.6759999999999999 0.21050000000000013
-3120.28095938506 0.11349999999999999 0.6985 0.18800000000000006
-3099.5431920587125 0.11349999999999999 0.721 0.1655000000000001
-3075.0123760498836 0.11349999999999999 0.7434999999999999 0.14300000000000013
-3050.667290943338 0.11349999999999999 0.766 0.12050000000000005
-3025.1458027264725 0.11349999999999999 0.7885 0.09800000000000009
-3000.5681061545592 0.11349999999999999 0.8109999999999999 0.07550000000000012
-2975.4825512329908 0.11349999999999999 0.8335 0.05300000000000005
-2950.6961999471764 0.11349999999999999 0.856 0.030500000000000083
-2918.257089344506 0.11349999999999999 0.886 0.000500000000000056
