-3783.7216180966943 0.136 0.001 0.863
-3769.3714164943995 0.136 0.0235 0.8405
-3758.624511100287 0.136 0.046 0.818
-3745.92286022075 0.136 0.0685 0.7955
-3733.587935348408 0.136 0.091 0.773
-3721.887103081346 0.136 0.11349999999999999 0.7505
-3704.343575060566 0.136 0.136 0.728
-3689.1074419430142 0.136 0.1585 0.7055
-3672.4490172564797 0.136 0.181 0.683
-3655.3302986250387 0.136 0.2035 0.6605
-3636.87638177343 0.136 0.22599999999999998 0.638
-3619.464061860064 0.136 0.2485 0.6154999999999999
-3603.248039657914 0.136 0.271 0.593
-3587.509892125081 0.136 0.2935 0.5705
-3570.603797740474 0.136 0.316 0.548
-3553.387658665847 0.136 0.33849999999999997 0.5255000000000001
-3535.0913701588806 0.136 0.361 0.503
-3514.6850385197904 0.136 0.3835 0.4805
-3493.6699441405635 0.136 0.40599999999999997 0.458
-3476.560268519784 0.136 0.4285 0.4355
-3455.1136261045926 0.136 0.45099999999999996 0.41300000000000003
-3434.918000823384 0.136 0.4735 0.3905
-3413.646502763721 0.136 0.496 0.368
-3391.8148701262776 0.136 0.5185 0.34550000000000003
-3370.606750263136 0.136 0.541 0.32299999999999995
-3349.258994543761 0.136 0.5635 0.3005
-3328.2090369519415 0.136 0.586 0.278
-3307.260446352151 0.136 0.6084999999999999 0.25550000000000006
-3282.3826142021944 0.136 0.631 0.23299999999999998
-3263.386649334895 0.136 0.6535 0.21050000000000002
-3238.211059593752 0.136 0.6759999999999999 0.18800000000000006
-3213.8262234846675 0.136 0.6985 0.16549999999999998
-3189.4808976770364 0.136 0.721 0.14300000000000002
-3164.242889253236 0.136 0.7434999999999999 0.12050000000000005
-3140.188426185949 0.136 0.766 0.09799999999999998
-3114.705989263902 0.136 0.7885 0.07550000000000001
-3090.034994610745 0.136 0.8109999999999999 0.05300000000000005
-3065.1899359647955 0.136 0.8335 0.03049999999999997
-3033.3505689085873 0.136 0.863 0.0010000000000000009
-3879.410449520577 0.1585 0.001 0.8405
-3866.9000498434675 0.1585 0.0235 0.8180000000000001
-3852.925775568677 0.1585 0.046 0.7955
-3841.7967871006945 0.1585 0.0685 0.773
-3827.1011389125847 0.1585 0.091 0.7505000000000001
-3812.5915815262483 0.1585 0.11349999999999999 0.728
-3798.793189440642 0.1585 0.136 0.7055
-3782.545451139263 0.1585 0.1585 0.683
-3765.7099658420148 0.1585 0.181 0.6605000000000001
-3747.3074364651925 0.1585 0.2035 0.638
-3731.2080747856107 0.1585 0.22599999999999998 0.6155
-3714.943316203556 0.1585 0.2485 0.593
-3697.0399985298477 0.1585 0.271 0.5705
-3680.767954627709 0.1585 0.2935 0.548
-3663.91749740875 0.1585 0.316 0.5255000000000001
-3644.0168785538676 0.1585 0.33849999999999997 0.5030000000000001
-3624.9369256999494 0.1585 0.361 0.48050000000000004
-3606.2737751465356 0.1585 0.3835 0.458
-3588.159797847225 0.1585 0.40599999999999997 0.43550000000000005
-3568.600251274401 0.1585 0.4285 0.41300000000000003
-3548.123443400514 0.1585 0.45099999999999996 0.39050000000000007
-3525.8597684763713 0.1585 0.4735 0.36800000000000005
-3504.7545337536985 0.1585 0.496 0.34550000000000003
-3483.936095442665 0.1585 0.5185 0.32300000000000006
-3462.167295938996 0.1585 0.541 0.3005
-3441.1770772325153 0.1585 0.5635 0.278
-3419.6803812011813 0.1585 0.586 0.25550000000000006
-3398.3041764922696 0.1585 0.6084999999999999 0.2330000000000001
-3377.1082620355046 0.1585 0.631 0.21050000000000002
-3353.7030404367565 0.1585 0.6535 0.18800000000000006
-3329.871305899871 0.1585 0.6759999999999999 0.1655000000000001
-3304.888481891018 0.1585 0.6985 0.14300000000000002
-3279.2912617793795 0.1585 0.721 0.12050000000000005
-3255.09317444571 0.1585 0.7434999999999999 0.09800000000000009
-3229.7734787167274 0.1585 0.766 0.07550000000000001
-3204.7258763878267 0.1585 0.7885 0.05300000000000005
-3180.028159923039 0.1585 0.8109999999999999 0.030500000000000083
-3147.426153206317 0.1585 0.841 0.000500000000000056
-3975.2235003252936 0.181 0.001 0.818
-3962.610880123736 0.181 0.0235 0.7955
-3950.294736488951 0.181 0.046 0.7729999999999999
-3939.2508692439064 0.181 0.0685 0.7505
-3923.1609503751374 0.181 0.091 0.728
-3906.292588386707 0.181 0.11349999999999999 0.7055
-3892.6162098917125 0.181 0.136 0.6829999999999999
-3875.5854678065116 0.181 0.1585 0.6605
-3857.657722894756 0.181 0.181 0.6379999999999999
-3841.967627993622 0.181 0.2035 0.6154999999999999
-3824.2443535988427 0.181 0.22599999999999998 0.593
-3806.8385189792643 0.181 0.2485 0.5705
-3788.4565643044634 0.181 0.271 0.5479999999999999
-3771.7389969844567 0.181 0.2935 0.5255
-3753.7957837834338 0.181 0.316 0.5029999999999999
-3734.7864650707506 0.181 0.33849999999999997 0.4805
-3716.7315889436127 0.181 0.361 0.45799999999999996
-3701.5056578659614 0.181 0.3835 0.43549999999999994
-3681.449074880779 0.181 0.40599999999999997 0.413
-3659.7246468118074 0.181 0.4285 0.39049999999999996
-3639.9853533219557 0.181 0.45099999999999996 0.368
-3618.099187276144 0.181 0.4735 0.3455
-3597.0291958625235 0.181 0.496 0.32299999999999995
-3575.6522169510054 0.181 0.5185 0.3005
-3554.2353870336556 0.181 0.541 0.2779999999999999
-3533.47617710142 0.181 0.5635 0.25549999999999995
-3512.7265879392517 0.181 0.586 0.23299999999999998
-3491.053518854675 0.181 0.6084999999999999 0.21050000000000002
-3466.602733672378 0.181 0.631 0.18799999999999994
-3443.5508390906716 0.181 0.6535 0.16549999999999998
-3418.3694419912767 0.181 0.6759999999999999 0.14300000000000002
-3393.679299938818 0.181 0.6985 0.12049999999999994
-3368.506981288672 0.181 0.721 0.09799999999999998
-3343.72470083855 0.181 0.7434999999999999 0.07550000000000001
-3319.073650231076 0.181 0.766 0.052999999999999936
-3293.9920270828998 0.181 0.7885 0.03049999999999997
-3261.829717924363 0.181 0.8180000000000001 0.0009999999999998899
