-5495.4253174881105 0.541 0.001 0.45799999999999996
-5482.368473105926 0.541 0.0235 0.43549999999999994
-5464.09833461396 0.541 0.046 0.413
-5449.332992789669 0.541 0.0685 0.39049999999999996
-5433.258096373208 0.541 0.091 0.368
-5416.499887857951 0.541 0.11349999999999999 0.3455
-5399.534753908642 0.541 0.136 0.32299999999999995
-5381.685330844764 0.541 0.1585 0.3005
-5364.500264474614 0.541 0.181 0.27799999999999997
-5346.634716865336 0.541 0.2035 0.25549999999999995
-5326.964035527238 0.541 0.22599999999999998 0.23299999999999998
-5306.77658962909 0.541 0.2485 0.21049999999999996
-5286.051685208096 0.541 0.271 0.18799999999999994
-5265.657601127036 0.541 0.2935 0.16549999999999998
-5244.470690093154 0.541 0.316 0.14299999999999996
-5222.625059698546 0.541 0.33849999999999997 0.1205
-5199.4852744659975 0.541 0.361 0.09799999999999998
-5175.34419180226 0.541 0.3835 0.07549999999999996
-5150.579041594209 0.541 0.40599999999999997 0.05299999999999999
-5125.445649442599 0.541 0.4285 0.03049999999999997
-5093.086609642565 0.541 0.458 0.0009999999999999454
-5590.894969447725 0.5635 0.001 0.4355
-5572.95428289855 0.5635 0.0235 0.413
-5562.687650479638 0.5635 0.046 0.3905
-5543.691437764293 0.5635 0.0685 0.368
-5527.680129133053 0.5635 0.091 0.34550000000000003
-5510.653818146422 0.5635 0.11349999999999999 0.323
-5493.768447130913 0.5635 0.136 0.3005
-5475.967308623208 0.5635 0.1585 0.278
-5458.817830272372 0.5635 0.181 0.2555
-5441.29076639655 0.5635 0.2035 0.233
-5419.833663782779 0.5635 0.22599999999999998 0.21050000000000002
-5399.993499616194 0.5635 0.2485 0.188
-5378.751527405183 0.5635 0.271 0.16549999999999998
-5357.3798938565615 0.5635 0.2935 0.14300000000000002
-5336.39053729135 0.5635 0.316 0.1205
-5313.365519863814 0.5635 0.33849999999999997 0.09800000000000003
-5289.0311802301085 0.5635 0.361 0.07550000000000001
-5264.804254959211 0.5635 0.3835 0.05299999999999999
-5239.864647516036 0.5635 0.40599999999999997 0.030500000000000027
-5206.999098009593 0.5635 0.436 0.0005000000000000004
-5686.144052063466 0.586 0.001 0.41300000000000003
-5672.302216990968 0.586 0.0235 0.3905
-5657.069466759438 0.586 0.046 0.36800000000000005
-5637.999806282627 0.586 0.0685 0.34550000000000003
-5621.68112693814 0.586 0.091 0.32300000000000006
-5604.663751616673 0.586 0.11349999999999999 0.30050000000000004
-5588.102122069754 0.586 0.136 0.278
-5569.976258961523 0.586 0.1585 0.25550000000000006
-5552.123857037453 0.586 0.181 0.23300000000000004
-5533.292816695528 0.586 0.2035 0.21050000000000005
-5513.605801231329 0.586 0.22599999999999998 0.18800000000000006
-5492.455089750803 0.586 0.2485 0.16550000000000004
-5471.508115549451 0.586 0.271 0.14300000000000002
-5450.661878184803 0.586 0.2935 0.12050000000000005
-5427.728250802106 0.586 0.316 0.09800000000000003
-5403.24635538832 0.586 0.33849999999999997 0.07550000000000007
-5379.121369654256 0.586 0.361 0.05300000000000005
-5354.035721472003 0.586 0.3835 0.030500000000000027
-5322.053339909543 0.586 0.41300000000000003 0.0010000000000000009
