-4967.4194343060135 0.40599999999999997 0.001 0.5930000000000001
-4987.785873418035 0.40599999999999997 0.0235 0.5705000000000001
-5007.27603918867 0.40599999999999997 0.046 0.548
-5028.730818053952 0.40599999999999997 0.0685 0.5255000000000001
-5046.745537779328 0.40599999999999997 0.091 0.5030000000000001
-5062.992787266561 0.40599999999999997 0.11349999999999999 0.4805000000000001
-5077.231089039046 0.40599999999999997 0.136 0.4580000000000001
-5087.721386193464 0.40599999999999997 0.1585 0.4355000000000001
-5092.67401006859 0.40599999999999997 0.181 0.4130000000000001
-5092.601970574261 0.40599999999999997 0.2035 0.39050000000000007
-5086.915767380849 0.40599999999999997 0.22599999999999998 0.3680000000000001
-5078.825675424826 0.40599999999999997 0.2485 0.3455000000000001
-5070.024773706473 0.40599999999999997 0.271 0.32300000000000006
-5060.07845604402 0.40599999999999997 0.2935 0.3005000000000001
-5048.254884394861 0.40599999999999997 0.316 0.2780000000000001
-5032.976822289154 0.40599999999999997 0.33849999999999997 0.2555000000000001
-5015.0064748920595 0.40599999999999997 0.361 0.2330000000000001
-4993.332210239872 0.40599999999999997 0.3835 0.21050000000000008
-4968.755231343099 0.40599999999999997 0.40599999999999997 0.1880000000000001
-4943.213067376356 0.40599999999999997 0.4285 0.1655000000000001
-4914.2670646402275 0.40599999999999997 0.45099999999999996 0.14300000000000013
-4883.767844773909 0.40599999999999997 0.4735 0.12050000000000011
-4847.105876806397 0.40599999999999997 0.496 0.09800000000000009
-4808.826960169702 0.40599999999999997 0.5185 0.07550000000000012
-4768.70171538097 0.40599999999999997 0.541 0.05300000000000005
-4727.243880353729 0.40599999999999997 0.5635 0.030500000000000083
-4670.548220396684 0.40599999999999997 0.594 1.1102230246251565e-16
-5062.108405330883 0.4285 0.001 0.5705
-5083.5816929069415 0.4285 0.0235 0.548
-5102.526215037354 0.4285 0.046 0.5255
-5122.369724189525 0.4285 0.0685 0.503
-5139.56427342034 0.4285 0.091 0.48050000000000004
-5156.599144718543 0.4285 0.11349999999999999 0.458
-5167.226011977604 0.4285 0.136 0.4355
-5177.0862378016855 0.4285 0.1585 0.41300000000000003
-5182.8087126778055 0.4285 0.181 0.3905
-5178.14916951917 0.4285 0.2035 0.368
-5172.4476531238915 0.4285 0.22599999999999998 0.34550000000000003
-5163.064087400762 0.4285 0.2485 0.323
-5153.464167253824 0.4285 0.271 0.3005
-5142.379019380062 0.4285 0.2935 0.278
-5130.332420807813 0.4285 0.316 0.2555
-5113.906341320631 0.4285 0.33849999999999997 0.23300000000000004
-5095.034748060425 0.4285 0.361 0.21050000000000002
-5071.758375414194 0.4285 0.3835 0.188
-5049.477429294315 0.4285 0.40599999999999997 0.16550000000000004
-5020.58182564918 0.4285 0.4285 0.14300000000000002
-4990.722843447206 0.4285 0.45099999999999996 0.12050000000000005
-4957.418430874443 0.4285 0.4735 0.09800000000000003
-4920.970092990785 0.4285 0.496 0.07550000000000001
-4883.528217702043 0.4285 0.5185 0.05300000000000005
-4841.504337397894 0.4285 0.541 0.03049999999999997
-4784.555471993903 0.4285 0.5710000000000001 0.0004999999999999449
-5156.973588816043 0.45099999999999996 0.001 0.548
-5178.376810551645 0.45099999999999996 0.0235 0.5255000000000001
-5196.873408268456 0.45099999999999996 0.046 0.503
-5214.807636580696 0.45099999999999996 0.0685 0.48050000000000004
-5232.580236606361 0.45099999999999996 0.091 0.4580000000000001
-5246.6286115559005 0.45099999999999996 0.11349999999999999 0.43550000000000005
-5259.771229159753 0.45099999999999996 0.136 0.41300000000000003
-5269.056445702892 0.45099999999999996 0.1585 0.39050000000000007
-5270.18130441499 0.45099999999999996 0.181 0.36800000000000005
-5266.135142434594 0.45099999999999996 0.2035 0.34550000000000003
-5258.958844240626 0.45099999999999996 0.22599999999999998 0.32300000000000006
-5247.426149848934 0.45099999999999996 0.2485 0.30050000000000004
-5238.7827496824 0.45099999999999996 0.271 0.278
-5226.952569668138 0.45099999999999996 0.2935 0.25550000000000006
-5210.759460137163 0.45099999999999996 0.316 0.23300000000000004
-5194.086929114827 0.45099999999999996 0.33849999999999997 0.21050000000000008
-5174.290544858675 0.45099999999999996 0.361 0.18800000000000006
-5150.154567983942 0.45099999999999996 0.3835 0.16550000000000004
-5125.287715416051 0.45099999999999996 0.40599999999999997 0.14300000000000007
-5097.4522832405455 0.45099999999999996 0.4285 0.12050000000000005
-5067.189591711391 0.45099999999999996 0.45099999999999996 0.09800000000000009
-5034.056292243327 0.45099999999999996 0.4735 0.07550000000000007
-4995.288390023774 0.45099999999999996 0.496 0.05300000000000005
-4956.09215869179 0.45099999999999996 0.5185 0.030500000000000083
-4900.691468566085 0.45099999999999996 0.548 0.0010000000000000009
