-6933.444522593439 0.8785 0.001 0.12050000000000005
-6942.1390761260745 0.8785 0.0235 0.09800000000000006
-6946.844460575286 0.8785 0.046 0.07550000000000005
-6939.255430305908 0.8785 0.0685 0.05300000000000005
-6924.537892698829 0.8785 0.091 0.030500000000000055
-6904.591243078484 0.8785 0.121 0.000500000000000056
-7025.34799303293 0.9009999999999999 0.001 0.09800000000000009
-7033.2858253060995 0.9009999999999999 0.0235 0.0755000000000001
-7033.623276217778 0.9009999999999999 0.046 0.05300000000000009
-7022.400000796433 0.9009999999999999 0.0685 0.030500000000000083
-7002.1091475640405 0.9009999999999999 0.099 8.326672684688674e-17
-7117.085154101996 0.9235 0.001 0.07550000000000001
-7123.930618086656 0.9235 0.0235 0.05300000000000001
-7118.372653079397 0.9235 0.046 0.030500000000000013
-7098.751929519399 0.9235 0.076 0.0005000000000000143
