-4387.049320484443 0.271 0.001 0.728
-4413.8072007016435 0.271 0.0235 0.7055
-4436.252049460332 0.271 0.046 0.6829999999999999
-4457.528022500451 0.271 0.0685 0.6605
-4479.229588590226 0.271 0.091 0.638
-4500.62748713226 0.271 0.11349999999999999 0.6154999999999999
-4520.3847490014305 0.271 0.136 0.593
-4538.3464510621925 0.271 0.1585 0.5705
-4552.6002320784755 0.271 0.181 0.548
-4561.339764262046 0.271 0.2035 0.5255
-4564.691892013886 0.271 0.22599999999999998 0.503
-4562.734556445689 0.271 0.2485 0.4805
-4560.5396411539905 0.271 0.271 0.45799999999999996
-4554.647779892675 0.271 0.2935 0.4355
-4545.022544234836 0.271 0.316 0.413
-4537.433020615305 0.271 0.33849999999999997 0.3905
-4528.999291259139 0.271 0.361 0.368
-4513.523899735877 0.271 0.3835 0.3455
-4496.314120899605 0.271 0.40599999999999997 0.323
-4473.455822168537 0.271 0.4285 0.3005
-4448.973364538035 0.271 0.45099999999999996 0.278
-4422.434988275305 0.271 0.4735 0.2555
-4394.6020668085175 0.271 0.496 0.23299999999999998
-4364.306789311285 0.271 0.5185 0.21050000000000002
-4329.24006768072 0.271 0.541 0.18799999999999994
-4291.852393055308 0.271 0.5635 0.16549999999999998
-4251.184952498258 0.271 0.586 0.14300000000000002
-4207.135090734819 0.271 0.6084999999999999 0.12050000000000005
-4162.587118889691 0.271 0.631 0.09799999999999998
-4112.939623053902 0.271 0.6535 0.07550000000000001
-4062.674048969316 0.271 0.6759999999999999 0.05300000000000005
-4011.8278338754285 0.271 0.6985 0.03049999999999997
-3940.9325458838744 0.271 0.728 0.0010000000000000009
-4483.868584351562 0.2935 0.001 0.7055
-4510.209601379444 0.2935 0.0235 0.683
-4531.495569095467 0.2935 0.046 0.6605
-4553.040287316896 0.2935 0.0685 0.638
-4574.80607921123 0.2935 0.091 0.6155
-4593.681536144245 0.2935 0.11349999999999999 0.593
-4614.316437581105 0.2935 0.136 0.5705
-4629.897435010737 0.2935 0.1585 0.548
-4643.115341183646 0.2935 0.181 0.5255000000000001
-4651.654165608863 0.2935 0.2035 0.503
-4652.634338876453 0.2935 0.22599999999999998 0.48050000000000004
-4649.5689513388415 0.2935 0.2485 0.458
-4646.017098724933 0.2935 0.271 0.4355
-4639.815580085879 0.2935 0.2935 0.41300000000000003
-4630.1033329377715 0.2935 0.316 0.3905
-4622.591519560521 0.2935 0.33849999999999997 0.36800000000000005
-4607.769093285014 0.2935 0.361 0.34550000000000003
-4592.875348759433 0.2935 0.3835 0.323
-4574.5680616954905 0.2935 0.40599999999999997 0.30050000000000004
-4550.85367111104 0.2935 0.4285 0.278
-4527.294605972367 0.2935 0.45099999999999996 0.25550000000000006
-4499.828524767059 0.2935 0.4735 0.23300000000000004
-4471.340472826662 0.2935 0.496 0.21050000000000002
-4437.645008771092 0.2935 0.5185 0.18800000000000006
-4402.897586274746 0.2935 0.541 0.16549999999999998
-4364.105728234174 0.2935 0.5635 0.14300000000000002
-4322.768350562006 0.2935 0.586 0.12050000000000005
-4279.056994029215 0.2935 0.6084999999999999 0.09800000000000009
-4232.888388709983 0.2935 0.631 0.07550000000000001
-4183.355121313684 0.2935 0.6535 0.05300000000000005
-4132.11840782337 0.2935 0.6759999999999999 0.030500000000000083
-4063.713803175288 0.2935 0.706 0.000500000000000056
-4580.9872457682595 0.316 0.001 0.6829999999999999
-4605.026125346462 0.316 0.0235 0.6605
-4626.806128801902 0.316 0.046 0.6379999999999999
-4648.337629337422 0.316 0.0685 0.6154999999999999
-4669.040340285554 0.316 0.091 0.593
-4689.101386259903 0.316 0.11349999999999999 0.5705
-4707.459980169868 0.316 0.136 0.5479999999999999
-4721.576970251503 0.316 0.1585 0.5255
-4733.917450019001 0.316 0.181 0.5029999999999999
-4740.6964402934855 0.316 0.2035 0.4804999999999999
-4741.077097736979 0.316 0.22599999999999998 0.45799999999999996
-4735.513103530278 0.316 0.2485 0.43549999999999994
-4729.714449167625 0.316 0.271 0.4129999999999999
-4724.635289566575 0.316 0.2935 0.39049999999999996
-4715.001121761547 0.316 0.316 0.36799999999999994
-4702.312408678395 0.316 0.33849999999999997 0.3455
-4692.099401662941 0.316 0.361 0.32299999999999995
-4673.36277423076 0.316 0.3835 0.30049999999999993
-4654.024702247808 0.316 0.40599999999999997 0.27799999999999997
-4630.923465505711 0.316 0.4285 0.25549999999999995
-4603.938534241057 0.316 0.45099999999999996 0.23299999999999998
-4576.310901555201 0.316 0.4735 0.21049999999999996
-4546.008103091517 0.316 0.496 0.18799999999999994
-4513.207047873667 0.316 0.5185 0.16549999999999998
-4476.188278945351 0.316 0.541 0.1429999999999999
-4436.833194905417 0.316 0.5635 0.12049999999999994
-4394.413246070675 0.316 0.586 0.09799999999999998
-4350.5070615114855 0.316 0.6084999999999999 0.07550000000000001
-4304.041743133929 0.316 0.631 0.052999999999999936
-4253.45714146628 0.316 0.6535 0.03049999999999997
-4186.575990010432 0.316 0.683 0.0009999999999998899
