-4441.728891004257 0.29839999999999994 0.05 0.6516
-4430.041086695903 0.29839999999999994 0.0707 0.6309
-4416.761183729575 0.29839999999999994 0.0914 0.6102
-4402.984198845274 0.29839999999999994 0.11209999999999999 0.5895
-4387.936504795865 0.29839999999999994 0.13279999999999997 0.5688
-4372.198652117718 0.29839999999999994 0.15349999999999997 0.5481
-4355.607630561796 0.29839999999999994 0.17419999999999997 0.5274000000000001
-4340.7687854567075 0.29839999999999994 0.19489999999999996 0.5067
-4324.452532344814 0.29839999999999994 0.21559999999999996 0.48600000000000004
-4308.647990174039 0.29839999999999994 0.23629999999999995 0.46530000000000005
-4290.648581198488 0.29839999999999994 0.25699999999999995 0.44460000000000005
-4276.4440448038295 0.29839999999999994 0.27769999999999995 0.42390000000000005
-4258.064583345772 0.29839999999999994 0.29839999999999994 0.40320000000000006
-4241.37435374495 0.29839999999999994 0.31909999999999994 0.38250000000000006
-4222.962517654997 0.29839999999999994 0.33979999999999994 0.36180000000000007
-4207.042312606113 0.29839999999999994 0.36049999999999993 0.34110000000000007
-4187.58952763532 0.29839999999999994 0.38119999999999993 0.3204000000000001
-4168.598307733144 0.29839999999999994 0.4018999999999999 0.2997000000000001
-4149.005734087569 0.29839999999999994 0.4225999999999999 0.2790000000000001
-4129.559746976846 0.29839999999999994 0.4432999999999999 0.2583000000000001
-4109.27424647661 0.29839999999999994 0.4639999999999999 0.2376000000000001
-4089.814826483904 0.29839999999999994 0.4846999999999999 0.2169000000000001
-4070.5422913723305 0.29839999999999994 0.5054 0.19620000000000004
-4050.6173800997194 0.29839999999999994 0.5260999999999999 0.1755000000000001
-4028.4138458554858 0.29839999999999994 0.5468 0.15480000000000005
-4006.1292884822537 0.29839999999999994 0.5674999999999999 0.1341000000000001
-3984.6909596825767 0.29839999999999994 0.5882 0.11340000000000006
-3961.0447802047356 0.29839999999999994 0.6089 0.0927
-3938.004934699274 0.29839999999999994 0.6295999999999999 0.07200000000000006
-3915.613352537617 0.29839999999999994 0.6502999999999999 0.05130000000000012
-3892.093679954406 0.29839999999999994 0.6709999999999999 0.03060000000000007
-4525.378196690082 0.31909999999999994 0.05 0.6309
-4516.386376635069 0.31909999999999994 0.0707 0.6102000000000001
-4501.237374770206 0.31909999999999994 0.0914 0.5895
-4488.1978914825095 0.31909999999999994 0.11209999999999999 0.5688000000000001
-4472.087650518851 0.31909999999999994 0.13279999999999997 0.5481
-4458.087607358775 0.31909999999999994 0.15349999999999997 0.5274000000000001
-4442.873270357521 0.31909999999999994 0.17419999999999997 0.5067000000000002
-4426.055493885239 0.31909999999999994 0.19489999999999996 0.4860000000000001
-4410.422950396969 0.31909999999999994 0.21559999999999996 0.4653000000000001
-4393.71181304968 0.31909999999999994 0.23629999999999995 0.4446000000000001
-4376.856064768131 0.31909999999999994 0.25699999999999995 0.4239000000000001
-4359.844414091323 0.31909999999999994 0.27769999999999995 0.4032000000000001
-4344.273499691142 0.31909999999999994 0.29839999999999994 0.3825000000000001
-4328.33301438356 0.31909999999999994 0.31909999999999994 0.3618000000000001
-4308.567232502759 0.31909999999999994 0.33979999999999994 0.3411000000000001
-4291.264053811461 0.31909999999999994 0.36049999999999993 0.32040000000000013
-4270.433843442197 0.31909999999999994 0.38119999999999993 0.29970000000000013
-4252.0818651244645 0.31909999999999994 0.4018999999999999 0.27900000000000014
-4232.561093745648 0.31909999999999994 0.4225999999999999 0.25830000000000014
-4212.294269978785 0.31909999999999994 0.4432999999999999 0.23760000000000014
-4193.473416922702 0.31909999999999994 0.4639999999999999 0.21690000000000015
-4173.724465125152 0.31909999999999994 0.4846999999999999 0.19620000000000015
-4152.370108283434 0.31909999999999994 0.5054 0.1755000000000001
-4131.854954464022 0.31909999999999994 0.5260999999999999 0.15480000000000016
-4109.529724866566 0.31909999999999994 0.5468 0.1341000000000001
-4087.9281217738567 0.31909999999999994 0.5674999999999999 0.11340000000000017
-4064.7195175783786 0.31909999999999994 0.5882 0.09270000000000012
-4041.872805351517 0.31909999999999994 0.6089 0.07200000000000006
-4018.6268009412443 0.31909999999999994 0.6295999999999999 0.05130000000000012
-3995.788416401592 0.31909999999999994 0.6502999999999999 0.030600000000000183
-4617.425921543847 0.33979999999999994 0.05 0.6102000000000001
-4605.417360458126 0.33979999999999994 0.0707 0.5895000000000001
-4591.891592882917 0.33979999999999994 0.0914 0.5688000000000001
-4577.4795249035105 0.33979999999999994 0.11209999999999999 0.5481000000000001
-4561.531315321619 0.33979999999999994 0.13279999999999997 0.5274000000000001
-4546.352060685693 0.33979999999999994 0.15349999999999997 0.5067000000000002
-4530.37375646341 0.33979999999999994 0.17419999999999997 0.48600000000000015
-4514.271757997193 0.33979999999999994 0.19489999999999996 0.46530000000000016
-4498.240445863557 0.33979999999999994 0.21559999999999996 0.44460000000000016
-4480.4958929093455 0.33979999999999994 0.23629999999999995 0.42390000000000017
-4464.944555690095 0.33979999999999994 0.25699999999999995 0.40320000000000017
-4448.563274665223 0.33979999999999994 0.27769999999999995 0.3825000000000002
-4431.276038488576 0.33979999999999994 0.29839999999999994 0.3618000000000002
-4414.979725489405 0.33979999999999994 0.31909999999999994 0.3411000000000002
-4394.375941984719 0.33979999999999994 0.33979999999999994 0.3204000000000002
-4377.082684388087 0.33979999999999994 0.36049999999999993 0.2997000000000002
-4358.882632900765 0.33979999999999994 0.38119999999999993 0.2790000000000002
-4339.408908227057 0.33979999999999994 0.4018999999999999 0.2583000000000002
-4319.325587821605 0.33979999999999994 0.4225999999999999 0.2376000000000002
-4299.878846135742 0.33979999999999994 0.4432999999999999 0.2169000000000002
-4279.6786362078365 0.33979999999999994 0.4639999999999999 0.1962000000000002
-4260.251285277104 0.33979999999999994 0.4846999999999999 0.1755000000000002
-4239.87537642211 0.33979999999999994 0.5054 0.15480000000000016
-4216.3425053999135 0.33979999999999994 0.5260999999999999 0.13410000000000022
-4195.110917146685 0.33979999999999994 0.5468 0.11340000000000017
-4171.445149228993 0.33979999999999994 0.5674999999999999 0.09270000000000023
-4149.0598416147795 0.33979999999999994 0.5882 0.07200000000000017
-4126.327771875811 0.33979999999999994 0.6089 0.05130000000000012
-4102.835145672963 0.33979999999999994 0.6295999999999999 0.030600000000000183
