-4703.823483596884 0.36049999999999993 0.05 0.5895
-4691.194778304671 0.36049999999999993 0.0707 0.5688000000000001
-4675.961405543311 0.36049999999999993 0.0914 0.5481
-4663.555739857945 0.36049999999999993 0.11209999999999999 0.5274000000000001
-4646.95590585233 0.36049999999999993 0.13279999999999997 0.5067000000000002
-4632.022308099879 0.36049999999999993 0.15349999999999997 0.4860000000000001
-4614.513962014515 0.36049999999999993 0.17419999999999997 0.4653000000000001
-4598.172238061902 0.36049999999999993 0.19489999999999996 0.4446000000000001
-4581.770919531311 0.36049999999999993 0.21559999999999996 0.4239000000000001
-4565.881613505686 0.36049999999999993 0.23629999999999995 0.4032000000000001
-4549.8287482403375 0.36049999999999993 0.25699999999999995 0.3825000000000001
-4534.563910136624 0.36049999999999993 0.27769999999999995 0.3618000000000001
-4516.589097230293 0.36049999999999993 0.29839999999999994 0.3411000000000001
-4498.75762122211 0.36049999999999993 0.31909999999999994 0.32040000000000013
-4480.676492821125 0.36049999999999993 0.33979999999999994 0.29970000000000013
-4461.069007626279 0.36049999999999993 0.36049999999999993 0.27900000000000014
-4441.8912737358005 0.36049999999999993 0.38119999999999993 0.25830000000000014
-4422.169485634463 0.36049999999999993 0.4018999999999999 0.23760000000000014
-4402.903252430371 0.36049999999999993 0.4225999999999999 0.21690000000000015
-4383.188854506504 0.36049999999999993 0.4432999999999999 0.19620000000000015
-4363.87344094231 0.36049999999999993 0.4639999999999999 0.17550000000000016
-4343.988196306365 0.36049999999999993 0.4846999999999999 0.15480000000000016
-4321.446773962768 0.36049999999999993 0.5054 0.1341000000000001
-4299.158471929135 0.36049999999999993 0.5260999999999999 0.11340000000000017
-4276.217391556496 0.36049999999999993 0.5468 0.09270000000000012
-4253.259744660817 0.36049999999999993 0.5674999999999999 0.07200000000000017
-4230.793056757046 0.36049999999999993 0.5882 0.05130000000000012
-4207.216674284944 0.36049999999999993 0.6089 0.03060000000000007
-4790.459656809214 0.38119999999999993 0.05 0.5688
-4778.426041827332 0.38119999999999993 0.0707 0.5481
-4760.480256170892 0.38119999999999993 0.0914 0.5274
-4749.172553124382 0.38119999999999993 0.11209999999999999 0.5067
-4733.375912764843 0.38119999999999993 0.13279999999999997 0.48600000000000004
-4717.46400066891 0.38119999999999993 0.15349999999999997 0.46530000000000005
-4701.967934012755 0.38119999999999993 0.17419999999999997 0.44460000000000005
-4684.153774171636 0.38119999999999993 0.19489999999999996 0.42390000000000005
-4667.841840764433 0.38119999999999993 0.21559999999999996 0.40320000000000006
-4652.12215395381 0.38119999999999993 0.23629999999999995 0.38250000000000006
-4635.505378353682 0.38119999999999993 0.25699999999999995 0.36180000000000007
-4622.345655163075 0.38119999999999993 0.27769999999999995 0.34110000000000007
-4602.937255007161 0.38119999999999993 0.29839999999999994 0.3204000000000001
-4585.538676064602 0.38119999999999993 0.31909999999999994 0.2997000000000001
-4565.073156176912 0.38119999999999993 0.33979999999999994 0.2790000000000001
-4545.904540300545 0.38119999999999993 0.36049999999999993 0.2583000000000001
-4528.659723020109 0.38119999999999993 0.38119999999999993 0.2376000000000001
-4506.669882774281 0.38119999999999993 0.4018999999999999 0.2169000000000001
-4486.461555450967 0.38119999999999993 0.4225999999999999 0.1962000000000001
-4467.55693871242 0.38119999999999993 0.4432999999999999 0.1755000000000001
-4447.805313844385 0.38119999999999993 0.4639999999999999 0.1548000000000001
-4423.976987071989 0.38119999999999993 0.4846999999999999 0.1341000000000001
-4402.537818508628 0.38119999999999993 0.5054 0.11340000000000006
-4379.985557075348 0.38119999999999993 0.5260999999999999 0.09270000000000012
-4357.205059261687 0.38119999999999993 0.5468 0.07200000000000006
-4334.543682766505 0.38119999999999993 0.5674999999999999 0.05130000000000012
-4311.155095819035 0.38119999999999993 0.5882 0.03060000000000007
-4877.26979078934 0.4018999999999999 0.05 0.5481
-4866.86297902903 0.4018999999999999 0.0707 0.5274000000000001
-4852.455112258447 0.4018999999999999 0.0914 0.5067
-4835.426286201198 0.4018999999999999 0.11209999999999999 0.4860000000000001
-4819.401541263748 0.4018999999999999 0.13279999999999997 0.4653000000000001
-4802.9298780440595 0.4018999999999999 0.15349999999999997 0.4446000000000001
-4788.059992062132 0.4018999999999999 0.17419999999999997 0.4239000000000001
-4771.774668904318 0.4018999999999999 0.19489999999999996 0.4032000000000001
-4755.311497185233 0.4018999999999999 0.21559999999999996 0.3825000000000001
-4737.639394000988 0.4018999999999999 0.23629999999999995 0.3618000000000001
-4724.143567990742 0.4018999999999999 0.25699999999999995 0.3411000000000001
-4707.91532916474 0.4018999999999999 0.27769999999999995 0.32040000000000013
-4688.694227614355 0.4018999999999999 0.29839999999999994 0.29970000000000013
-4670.6143358682275 0.4018999999999999 0.31909999999999994 0.27900000000000014
-4649.338416304755 0.4018999999999999 0.33979999999999994 0.25830000000000014
-4632.078780944229 0.4018999999999999 0.36049999999999993 0.23760000000000014
-4613.183650402378 0.4018999999999999 0.38119999999999993 0.21690000000000015
-4592.384372819636 0.4018999999999999 0.4018999999999999 0.19620000000000015
-4573.275065452364 0.4018999999999999 0.4225999999999999 0.17550000000000016
-4554.536217797158 0.4018999999999999 0.4432999999999999 0.15480000000000016
-4532.452996987487 0.4018999999999999 0.4639999999999999 0.13410000000000016
-4510.797291068316 0.4018999999999999 0.4846999999999999 0.11340000000000017
-4487.664289561979 0.4018999999999999 0.5054 0.09270000000000012
-4465.0790324980335 0.4018999999999999 0.5260999999999999 0.07200000000000017
-4442.02750959691 0.4018999999999999 0.5468 0.05130000000000012
-4418.277675047375 0.4018999999999999 0.5674999999999999 0.030600000000000183
