-5490.729855241549 0.5468 0.05 0.40320000000000006
-5471.790239350877 0.5468 0.0707 0.38250000000000006
-5455.756761956494 0.5468 0.0914 0.36180000000000007
-5442.696721290362 0.5468 0.11209999999999999 0.34110000000000007
-5424.564540665355 0.5468 0.13279999999999997 0.3204000000000001
-5410.818876231967 0.5468 0.15349999999999997 0.2997000000000001
-5394.605494818179 0.5468 0.17419999999999997 0.2790000000000001
-5377.135357354567 0.5468 0.19489999999999996 0.2583000000000001
-5361.2652518646055 0.5468 0.21559999999999996 0.2376000000000001
-5341.397633779215 0.5468 0.23629999999999995 0.2169000000000001
-5324.146888141079 0.5468 0.25699999999999995 0.1962000000000001
-5304.83841289075 0.5468 0.27769999999999995 0.1755000000000001
-5283.092346108003 0.5468 0.29839999999999994 0.1548000000000001
-5265.86431155305 0.5468 0.31909999999999994 0.1341000000000001
-5243.292881750646 0.5468 0.33979999999999994 0.11340000000000011
-5224.02526343572 0.5468 0.36049999999999993 0.09270000000000012
-5202.263971868883 0.5468 0.38119999999999993 0.07200000000000012
-5176.999518541484 0.5468 0.4018999999999999 0.05130000000000012
-5156.318119197974 0.5468 0.4225999999999999 0.030600000000000127
-5572.613496925385 0.5674999999999999 0.05 0.3825000000000001
-5559.645668484359 0.5674999999999999 0.0707 0.3618000000000001
-5543.687777171223 0.5674999999999999 0.0914 0.3411000000000001
-5528.418521491131 0.5674999999999999 0.11209999999999999 0.32040000000000013
-5512.055254511987 0.5674999999999999 0.13279999999999997 0.29970000000000013
-5496.827736077608 0.5674999999999999 0.15349999999999997 0.27900000000000014
-5480.997588110588 0.5674999999999999 0.17419999999999997 0.25830000000000014
-5465.132513651305 0.5674999999999999 0.19489999999999996 0.23760000000000014
-5446.579150418773 0.5674999999999999 0.21559999999999996 0.21690000000000015
-5427.510783045636 0.5674999999999999 0.23629999999999995 0.19620000000000015
-5408.676688513693 0.5674999999999999 0.25699999999999995 0.17550000000000016
-5388.92211475334 0.5674999999999999 0.27769999999999995 0.15480000000000016
-5368.968881703845 0.5674999999999999 0.29839999999999994 0.13410000000000016
-5349.129741483651 0.5674999999999999 0.31909999999999994 0.11340000000000017
-5327.5523929840865 0.5674999999999999 0.33979999999999994 0.09270000000000017
-5305.656180674123 0.5674999999999999 0.36049999999999993 0.07200000000000017
-5283.238052464762 0.5674999999999999 0.38119999999999993 0.05130000000000018
-5260.054064869845 0.5674999999999999 0.4018999999999999 0.030600000000000183
-5657.065713390122 0.5882 0.05 0.36180000000000007
-5647.3799190299205 0.5882 0.0707 0.34110000000000007
-5629.94026179124 0.5882 0.0914 0.3204000000000001
-5616.5754671677005 0.5882 0.11209999999999999 0.2997000000000001
-5598.779346221136 0.5882 0.13279999999999997 0.2790000000000001
-5582.608911560005 0.5882 0.15349999999999997 0.2583000000000001
-5568.360601092045 0.5882 0.17419999999999997 0.2376000000000001
-5549.310895717793 0.5882 0.19489999999999996 0.2169000000000001
-5533.267805798382 0.5882 0.21559999999999996 0.1962000000000001
-5511.779332790504 0.5882 0.23629999999999995 0.1755000000000001
-5492.114655106885 0.5882 0.25699999999999995 0.1548000000000001
-5475.448822635484 0.5882 0.27769999999999995 0.1341000000000001
-5452.821360424174 0.5882 0.29839999999999994 0.11340000000000011
-5434.474785670664 0.5882 0.31909999999999994 0.09270000000000012
-5409.957132900698 0.5882 0.33979999999999994 0.07200000000000012
-5387.825790062716 0.5882 0.36049999999999993 0.05130000000000012
-5366.951277320896 0.5882 0.38119999999999993 0.030600000000000127
