-6268.2502690055135 0.7330999999999999 0.05 0.21690000000000015
-6255.098719217699 0.7330999999999999 0.0707 0.19620000000000015
-6237.587194262265 0.7330999999999999 0.0914 0.17550000000000016
-6221.398864300693 0.7330999999999999 0.11209999999999999 0.15480000000000016
-6203.492351303695 0.7330999999999999 0.13279999999999997 0.13410000000000016
-6184.874761866221 0.7330999999999999 0.15349999999999997 0.11340000000000017
-6167.881670509337 0.7330999999999999 0.17419999999999997 0.09270000000000017
-6146.180476400259 0.7330999999999999 0.19489999999999996 0.07200000000000017
-6124.034036932255 0.7330999999999999 0.21559999999999996 0.05130000000000018
-6101.37735191423 0.7330999999999999 0.23629999999999995 0.030600000000000183
-6356.0508097873335 0.7537999999999999 0.05 0.1962000000000001
-6340.6774599523205 0.7537999999999999 0.0707 0.1755000000000001
-6323.632193715396 0.7537999999999999 0.0914 0.1548000000000001
-6308.97650364498 0.7537999999999999 0.11209999999999999 0.1341000000000001
-6287.803899373414 0.7537999999999999 0.13279999999999997 0.11340000000000011
-6270.909699964129 0.7537999999999999 0.15349999999999997 0.09270000000000012
-6252.181417908662 0.7537999999999999 0.17419999999999997 0.07200000000000012
-6228.759116651147 0.7537999999999999 0.19489999999999996 0.05130000000000012
-6208.584013713372 0.7537999999999999 0.21559999999999996 0.030600000000000127
-6442.358179815727 0.7745 0.05 0.17550000000000004
-6427.455861471098 0.7745 0.0707 0.15480000000000005
-6411.195840000968 0.7745 0.0914 0.13410000000000005
-6393.476599159725 0.7745 0.11209999999999999 0.11340000000000004
-6374.645758496517 0.7745 0.13279999999999997 0.09270000000000006
-6355.175627394216 0.7745 0.15349999999999997 0.07200000000000006
-6334.622722496252 0.7745 0.17419999999999997 0.05130000000000007
-6311.993875673709 0.7745 0.19489999999999996 0.03060000000000007
