-3654.164840295789 0.11209999999999999 0.05 0.8379
-3642.6457667220106 0.11209999999999999 0.0707 0.8172
-3631.2137970988188 0.11209999999999999 0.0914 0.7965
-3617.909032369351 0.11209999999999999 0.11209999999999999 0.7758
-3608.508089780333 0.11209999999999999 0.13279999999999997 0.7551000000000001
-3593.8208502157454 0.11209999999999999 0.15349999999999997 0.7344
-3577.7492921343137 0.11209999999999999 0.17419999999999997 0.7137
-3562.370342830053 0.11209999999999999 0.19489999999999996 0.6930000000000001
-3546.555608930942 0.11209999999999999 0.21559999999999996 0.6723000000000001
-3531.514910724373 0.11209999999999999 0.23629999999999995 0.6516000000000001
-3515.48257420768 0.11209999999999999 0.25699999999999995 0.6309
-3499.7553027115932 0.11209999999999999 0.27769999999999995 0.6102000000000001
-3484.0749832417728 0.11209999999999999 0.29839999999999994 0.5895000000000001
-3468.3242025642908 0.11209999999999999 0.31909999999999994 0.5688000000000001
-3451.348567820723 0.11209999999999999 0.33979999999999994 0.5481
-3435.5675913160285 0.11209999999999999 0.36049999999999993 0.5274000000000001
-3418.397770955386 0.11209999999999999 0.38119999999999993 0.5067000000000002
-3400.923480706036 0.11209999999999999 0.4018999999999999 0.4860000000000001
-3381.237973043208 0.11209999999999999 0.4225999999999999 0.4653000000000001
-3361.1582857593135 0.11209999999999999 0.4432999999999999 0.4446000000000001
-3340.5280294988474 0.11209999999999999 0.4639999999999999 0.4239000000000001
-3327.4234499991235 0.11209999999999999 0.4846999999999999 0.4032000000000001
-3307.6387635530964 0.11209999999999999 0.5054 0.38250000000000006
-3287.7157038006503 0.11209999999999999 0.5260999999999999 0.3618000000000001
-3267.764908911883 0.11209999999999999 0.5468 0.34110000000000007
-3248.2133252595386 0.11209999999999999 0.5674999999999999 0.32040000000000013
-3228.742667372242 0.11209999999999999 0.5882 0.2997000000000001
-3209.421852562506 0.11209999999999999 0.6089 0.279
-3190.65481683939 0.11209999999999999 0.6295999999999999 0.2583000000000001
-3167.739271326213 0.11209999999999999 0.6502999999999999 0.23760000000000014
-3147.481646282581 0.11209999999999999 0.6709999999999999 0.2169000000000001
-3125.80868388011 0.11209999999999999 0.6917 0.19620000000000004
-3104.0531060313906 0.11209999999999999 0.7123999999999999 0.1755000000000001
-3080.2530439896836 0.11209999999999999 0.7330999999999999 0.15480000000000016
-3057.3394247732735 0.11209999999999999 0.7537999999999999 0.1341000000000001
-3034.7020170824085 0.11209999999999999 0.7745 0.11340000000000006
-3011.3566787719233 0.11209999999999999 0.7951999999999999 0.09270000000000012
-2988.3610397469606 0.11209999999999999 0.8158999999999998 0.07200000000000017
-2966.007315095569 0.11209999999999999 0.8365999999999999 0.05130000000000012
-2943.2627577614444 0.11209999999999999 0.8573 0.03060000000000007
-3743.6326371224727 0.13279999999999997 0.05 0.8171999999999999
-3732.100379834966 0.13279999999999997 0.0707 0.7965
-3720.5855496755353 0.13279999999999997 0.0914 0.7757999999999999
-3710.601555454573 0.13279999999999997 0.11209999999999999 0.7551
-3694.9018872187494 0.13279999999999997 0.13279999999999997 0.7343999999999999
-3678.9782574584806 0.13279999999999997 0.15349999999999997 0.7137
-3664.7962725117754 0.13279999999999997 0.17419999999999997 0.6930000000000001
-3649.3874288043107 0.13279999999999997 0.19489999999999996 0.6723
-3633.5018164804487 0.13279999999999997 0.21559999999999996 0.6516
-3618.1215468822593 0.13279999999999997 0.23629999999999995 0.6309
-3602.343027683588 0.13279999999999997 0.25699999999999995 0.6102000000000001
-3587.35014465151 0.13279999999999997 0.27769999999999995 0.5895
-3570.9267898961116 0.13279999999999997 0.29839999999999994 0.5688
-3554.023036202216 0.13279999999999997 0.31909999999999994 0.5481
-3539.223529259239 0.13279999999999997 0.33979999999999994 0.5274000000000001
-3521.3353448673665 0.13279999999999997 0.36049999999999993 0.5067
-3505.3731868725226 0.13279999999999997 0.38119999999999993 0.48600000000000004
-3482.2548729441896 0.13279999999999997 0.4018999999999999 0.46530000000000005
-3467.0344415861628 0.13279999999999997 0.4225999999999999 0.44460000000000005
-3451.0184402687473 0.13279999999999997 0.4432999999999999 0.42390000000000005
-3430.6327363761466 0.13279999999999997 0.4639999999999999 0.40320000000000006
-3412.11443793326 0.13279999999999997 0.4846999999999999 0.38250000000000006
-3393.0424043373887 0.13279999999999997 0.5054 0.3618
-3372.5846258266533 0.13279999999999997 0.5260999999999999 0.34110000000000007
-3353.0830951932076 0.13279999999999997 0.5468 0.3204
-3333.319531554909 0.13279999999999997 0.5674999999999999 0.2997000000000001
-3313.9541002307333 0.13279999999999997 0.5882 0.279
-3293.769190793771 0.13279999999999997 0.6089 0.2583
-3275.447517564229 0.13279999999999997 0.6295999999999999 0.23760000000000003
-3255.168315729051 0.13279999999999997 0.6502999999999999 0.2169000000000001
-3226.389811292605 0.13279999999999997 0.6709999999999999 0.19620000000000004
-3208.4353716213022 0.13279999999999997 0.6917 0.1755
-3187.1921206443894 0.13279999999999997 0.7123999999999999 0.15480000000000005
-3164.7136551790836 0.13279999999999997 0.7330999999999999 0.1341000000000001
-3141.59853303414 0.13279999999999997 0.7537999999999999 0.11340000000000006
-3118.5798784799517 0.13279999999999997 0.7745 0.0927
-3095.7967449729886 0.13279999999999997 0.7951999999999999 0.07200000000000006
-3073.128669090786 0.13279999999999997 0.8158999999999998 0.05130000000000012
-3049.9463052928895 0.13279999999999997 0.8365999999999999 0.03060000000000007
-3830.930555489692 0.15349999999999997 0.05 0.7965
-3819.5840516700173 0.15349999999999997 0.0707 0.7758
-3809.156477038304 0.15349999999999997 0.0914 0.7551
-3792.9840019982357 0.15349999999999997 0.11209999999999999 0.7344
-3779.0753168483147 0.15349999999999997 0.13279999999999997 0.7137
-3765.774535344246 0.15349999999999997 0.15349999999999997 0.6930000000000001
-3748.892845882307 0.15349999999999997 0.17419999999999997 0.6723000000000001
-3734.243807489826 0.15349999999999997 0.19489999999999996 0.6516000000000001
-3717.5836555394453 0.15349999999999997 0.21559999999999996 0.6309
-3702.115753496949 0.15349999999999997 0.23629999999999995 0.6102000000000001
-3686.962525379861 0.15349999999999997 0.25699999999999995 0.5895000000000001
-3671.5314130389906 0.15349999999999997 0.27769999999999995 0.5688000000000001
-3656.513744747134 0.15349999999999997 0.29839999999999994 0.5481
-3639.750651339434 0.15349999999999997 0.31909999999999994 0.5274000000000001
-3625.604065597993 0.15349999999999997 0.33979999999999994 0.5067000000000002
-3604.746043150081 0.15349999999999997 0.36049999999999993 0.4860000000000001
-3587.591081516322 0.15349999999999997 0.38119999999999993 0.4653000000000001
-3568.0061916321306 0.15349999999999997 0.4018999999999999 0.4446000000000001
-3554.1170282192966 0.15349999999999997 0.4225999999999999 0.4239000000000001
-3534.9320246709412 0.15349999999999997 0.4432999999999999 0.4032000000000001
-3515.867739843306 0.15349999999999997 0.4639999999999999 0.3825000000000001
-3496.090653968925 0.15349999999999997 0.4846999999999999 0.3618000000000001
-3475.7495751464785 0.15349999999999997 0.5054 0.34110000000000007
-3455.836917840394 0.15349999999999997 0.5260999999999999 0.32040000000000013
-3436.2705796425666 0.15349999999999997 0.5468 0.2997000000000001
-3416.9868349179606 0.15349999999999997 0.5674999999999999 0.27900000000000014
-3397.8315226950886 0.15349999999999997 0.5882 0.2583000000000001
-3378.0351610364346 0.15349999999999997 0.6089 0.23760000000000003
-3358.4840276433683 0.15349999999999997 0.6295999999999999 0.2169000000000001
-3336.5252060448165 0.15349999999999997 0.6502999999999999 0.19620000000000015
-3315.407773323611 0.15349999999999997 0.6709999999999999 0.1755000000000001
-3293.091713189933 0.15349999999999997 0.6917 0.15480000000000005
-3269.7173527025843 0.15349999999999997 0.7123999999999999 0.1341000000000001
-3246.6077938620333 0.15349999999999997 0.7330999999999999 0.11340000000000017
-3223.8658817630944 0.15349999999999997 0.7537999999999999 0.09270000000000012
-3201.3490946649968 0.15349999999999997 0.7745 0.07200000000000006
-3178.0598854008467 0.15349999999999997 0.7951999999999999 0.05130000000000012
-3154.9307684999844 0.15349999999999997 0.8158999999999998 0.030600000000000183
