-4171.191529315003 0.23629999999999995 0.05 0.7137
-4157.067764701643 0.23629999999999995 0.0707 0.6930000000000001
-4142.6973291283475 0.23629999999999995 0.0914 0.6723
-4127.764057511702 0.23629999999999995 0.11209999999999999 0.6516000000000001
-4112.722717868573 0.23629999999999995 0.13279999999999997 0.6309
-4098.2267452432225 0.23629999999999995 0.15349999999999997 0.6102000000000001
-4083.3098859487895 0.23629999999999995 0.17419999999999997 0.5895000000000001
-4066.8114486323316 0.23629999999999995 0.19489999999999996 0.5688000000000001
-4050.631113367644 0.23629999999999995 0.21559999999999996 0.5481
-4034.615450272823 0.23629999999999995 0.23629999999999995 0.5274000000000001
-4018.7527622979155 0.23629999999999995 0.25699999999999995 0.5067000000000002
-4002.7299209874327 0.23629999999999995 0.27769999999999995 0.4860000000000001
-3986.069060089336 0.23629999999999995 0.29839999999999994 0.4653000000000001
-3969.2558896985583 0.23629999999999995 0.31909999999999994 0.4446000000000001
-3951.906386460443 0.23629999999999995 0.33979999999999994 0.4239000000000001
-3934.648088906218 0.23629999999999995 0.36049999999999993 0.4032000000000001
-3917.3417841328005 0.23629999999999995 0.38119999999999993 0.3825000000000001
-3899.4590673393186 0.23629999999999995 0.4018999999999999 0.3618000000000001
-3880.8446524481465 0.23629999999999995 0.4225999999999999 0.3411000000000001
-3863.020795816885 0.23629999999999995 0.4432999999999999 0.32040000000000013
-3844.466555936529 0.23629999999999995 0.4639999999999999 0.29970000000000013
-3826.1909540708402 0.23629999999999995 0.4846999999999999 0.27900000000000014
-3806.887363360392 0.23629999999999995 0.5054 0.2583000000000001
-3787.253558728243 0.23629999999999995 0.5260999999999999 0.23760000000000014
-3768.304735167966 0.23629999999999995 0.5468 0.2169000000000001
-3748.267149143089 0.23629999999999995 0.5674999999999999 0.19620000000000015
-3727.5700842235988 0.23629999999999995 0.5882 0.1755000000000001
-3708.2085155707414 0.23629999999999995 0.6089 0.15480000000000005
-3687.0268697504785 0.23629999999999995 0.6295999999999999 0.1341000000000001
-3666.123236530041 0.23629999999999995 0.6502999999999999 0.11340000000000017
-3645.0958072663652 0.23629999999999995 0.6709999999999999 0.09270000000000012
-3623.8506414524527 0.23629999999999995 0.6917 0.07200000000000006
-3601.169987236778 0.23629999999999995 0.7123999999999999 0.05130000000000012
-3578.6185100243956 0.23629999999999995 0.7330999999999999 0.030600000000000183
-4257.701531022891 0.25699999999999995 0.05 0.6930000000000001
-4242.560381572144 0.25699999999999995 0.0707 0.6723000000000001
-4228.574504510765 0.25699999999999995 0.0914 0.6516000000000001
-4212.803149264007 0.25699999999999995 0.11209999999999999 0.6309000000000001
-4197.974217877754 0.25699999999999995 0.13279999999999997 0.6102000000000001
-4183.943679516647 0.25699999999999995 0.15349999999999997 0.5895000000000001
-4168.78997076577 0.25699999999999995 0.17419999999999997 0.5688000000000002
-4152.481358081972 0.25699999999999995 0.19489999999999996 0.5481000000000001
-4136.787381210367 0.25699999999999995 0.21559999999999996 0.5274000000000001
-4120.560802684581 0.25699999999999995 0.23629999999999995 0.5067000000000002
-4104.470442325704 0.25699999999999995 0.25699999999999995 0.48600000000000015
-4088.5743793307424 0.25699999999999995 0.27769999999999995 0.46530000000000016
-4071.599999561405 0.25699999999999995 0.29839999999999994 0.44460000000000016
-4054.6293437488534 0.25699999999999995 0.31909999999999994 0.42390000000000017
-4037.1878116107914 0.25699999999999995 0.33979999999999994 0.40320000000000017
-4020.052150342781 0.25699999999999995 0.36049999999999993 0.3825000000000002
-4002.424809324535 0.25699999999999995 0.38119999999999993 0.3618000000000002
-3984.011278570104 0.25699999999999995 0.4018999999999999 0.3411000000000002
-3966.1720871729804 0.25699999999999995 0.4225999999999999 0.3204000000000002
-3947.0980166727245 0.25699999999999995 0.4432999999999999 0.2997000000000002
-3929.119301437292 0.25699999999999995 0.4639999999999999 0.2790000000000002
-3910.269878346406 0.25699999999999995 0.4846999999999999 0.2583000000000002
-3890.226553968426 0.25699999999999995 0.5054 0.23760000000000014
-3871.957256999062 0.25699999999999995 0.5260999999999999 0.2169000000000002
-3852.0060363812813 0.25699999999999995 0.5468 0.19620000000000015
-3832.5892968932894 0.25699999999999995 0.5674999999999999 0.1755000000000002
-3811.8691844894056 0.25699999999999995 0.5882 0.15480000000000016
-3791.0641561879784 0.25699999999999995 0.6089 0.1341000000000001
-3770.289355626913 0.25699999999999995 0.6295999999999999 0.11340000000000017
-3748.631734861114 0.25699999999999995 0.6502999999999999 0.09270000000000023
-3727.175014880069 0.25699999999999995 0.6709999999999999 0.07200000000000017
-3705.8257282277837 0.25699999999999995 0.6917 0.05130000000000012
-3681.821704991763 0.25699999999999995 0.7123999999999999 0.030600000000000183
-4344.130495510157 0.27769999999999995 0.05 0.6723
-4329.307606999042 0.27769999999999995 0.0707 0.6516000000000001
-4314.803866509092 0.27769999999999995 0.0914 0.6309
-4299.753166682948 0.27769999999999995 0.11209999999999999 0.6102000000000001
-4284.924840043801 0.27769999999999995 0.13279999999999997 0.5895000000000001
-4269.905652323808 0.27769999999999995 0.15349999999999997 0.5688000000000001
-4254.4045126272595 0.27769999999999995 0.17419999999999997 0.5481
-4238.473797987885 0.27769999999999995 0.19489999999999996 0.5274000000000001
-4222.765717654571 0.27769999999999995 0.21559999999999996 0.5067000000000002
-4206.531067700457 0.27769999999999995 0.23629999999999995 0.4860000000000001
-4190.565033151236 0.27769999999999995 0.25699999999999995 0.4653000000000001
-4173.880955236609 0.27769999999999995 0.27769999999999995 0.4446000000000001
-4157.283881273909 0.27769999999999995 0.29839999999999994 0.4239000000000001
-4140.571857958762 0.27769999999999995 0.31909999999999994 0.4032000000000001
-4122.557100436874 0.27769999999999995 0.33979999999999994 0.3825000000000001
-4105.806800059765 0.27769999999999995 0.36049999999999993 0.3618000000000001
-4087.2379024619063 0.27769999999999995 0.38119999999999993 0.3411000000000001
-4069.5605542384196 0.27769999999999995 0.4018999999999999 0.32040000000000013
-4050.6178141407227 0.27769999999999995 0.4225999999999999 0.29970000000000013
-4032.929989635954 0.27769999999999995 0.4432999999999999 0.27900000000000014
-4013.941647442947 0.27769999999999995 0.4639999999999999 0.25830000000000014
-3992.871176912383 0.27769999999999995 0.4846999999999999 0.23760000000000014
-3976.3621953231595 0.27769999999999995 0.5054 0.2169000000000001
-3955.3469599197383 0.27769999999999995 0.5260999999999999 0.19620000000000015
-3936.311755870803 0.27769999999999995 0.5468 0.1755000000000001
-3916.029320035647 0.27769999999999995 0.5674999999999999 0.15480000000000016
-3895.267593980241 0.27769999999999995 0.5882 0.1341000000000001
-3874.2607168113486 0.27769999999999995 0.6089 0.11340000000000006
-3853.1344354577345 0.27769999999999995 0.6295999999999999 0.09270000000000012
-3832.031622007136 0.27769999999999995 0.6502999999999999 0.07200000000000017
-3809.9183673155917 0.27769999999999995 0.6709999999999999 0.05130000000000012
-3786.7147803237444 0.27769999999999995 0.6917 0.03060000000000007
