-3909.1757779327013 0.17419999999999997 0.05 0.7758
-3894.2344271280294 0.17419999999999997 0.0707 0.7551000000000001
-3879.8313941960505 0.17419999999999997 0.0914 0.7344
-3865.7285777192674 0.17419999999999997 0.11209999999999999 0.7137000000000001
-3850.9984005581377 0.17419999999999997 0.13279999999999997 0.6930000000000001
-3835.7685028055676 0.17419999999999997 0.15349999999999997 0.6723000000000001
-3821.9075339375945 0.17419999999999997 0.17419999999999997 0.6516000000000002
-3804.831389914345 0.17419999999999997 0.19489999999999996 0.6309000000000001
-3789.368854587783 0.17419999999999997 0.21559999999999996 0.6102000000000001
-3773.489582407768 0.17419999999999997 0.23629999999999995 0.5895000000000001
-3757.652902882711 0.17419999999999997 0.25699999999999995 0.5688000000000002
-3741.7342031230764 0.17419999999999997 0.27769999999999995 0.5481000000000001
-3724.933712170327 0.17419999999999997 0.29839999999999994 0.5274000000000001
-3708.661133257135 0.17419999999999997 0.31909999999999994 0.5067000000000002
-3692.023607221499 0.17419999999999997 0.33979999999999994 0.48600000000000015
-3675.122191517517 0.17419999999999997 0.36049999999999993 0.46530000000000016
-3657.6550655395727 0.17419999999999997 0.38119999999999993 0.44460000000000016
-3640.215696326433 0.17419999999999997 0.4018999999999999 0.42390000000000017
-3622.078883861292 0.17419999999999997 0.4225999999999999 0.40320000000000017
-3604.257227241726 0.17419999999999997 0.4432999999999999 0.3825000000000002
-3586.0948800832603 0.17419999999999997 0.4639999999999999 0.3618000000000002
-3567.347967102227 0.17419999999999997 0.4846999999999999 0.3411000000000002
-3549.733688600659 0.17419999999999997 0.5054 0.32040000000000013
-3530.476164857396 0.17419999999999997 0.5260999999999999 0.2997000000000002
-3511.0768304721605 0.17419999999999997 0.5468 0.27900000000000014
-3492.187711646868 0.17419999999999997 0.5674999999999999 0.2583000000000002
-3472.5489843008363 0.17419999999999997 0.5882 0.23760000000000014
-3452.7635706139013 0.17419999999999997 0.6089 0.2169000000000001
-3431.910134159727 0.17419999999999997 0.6295999999999999 0.19620000000000015
-3412.374526869373 0.17419999999999997 0.6502999999999999 0.1755000000000002
-3391.84692691132 0.17419999999999997 0.6709999999999999 0.15480000000000016
-3370.4938697485586 0.17419999999999997 0.6917 0.1341000000000001
-3349.275488653711 0.17419999999999997 0.7123999999999999 0.11340000000000017
-3327.8471040719646 0.17419999999999997 0.7330999999999999 0.09270000000000023
-3305.80274461001 0.17419999999999997 0.7537999999999999 0.07200000000000017
-3284.0532296621013 0.17419999999999997 0.7745 0.05130000000000012
-3261.049072142561 0.17419999999999997 0.7951999999999999 0.030600000000000183
-3995.68177133851 0.19489999999999996 0.05 0.7551
-3982.827007636989 0.19489999999999996 0.0707 0.7344
-3968.34324290518 0.19489999999999996 0.0914 0.7137
-3954.7844997961397 0.19489999999999996 0.11209999999999999 0.6930000000000001
-3938.790073030787 0.19489999999999996 0.13279999999999997 0.6723000000000001
-3923.816719683946 0.19489999999999996 0.15349999999999997 0.6516000000000001
-3909.7192610892434 0.19489999999999996 0.17419999999999997 0.6309
-3892.88729088734 0.19489999999999996 0.19489999999999996 0.6102000000000001
-3877.121666753481 0.19489999999999996 0.21559999999999996 0.5895000000000001
-3861.257550452632 0.19489999999999996 0.23629999999999995 0.5688000000000001
-3845.430785661004 0.19489999999999996 0.25699999999999995 0.5481
-3829.372978701541 0.19489999999999996 0.27769999999999995 0.5274000000000001
-3812.6159409283277 0.19489999999999996 0.29839999999999994 0.5067000000000002
-3796.338014258876 0.19489999999999996 0.31909999999999994 0.4860000000000001
-3779.367361836377 0.19489999999999996 0.33979999999999994 0.4653000000000001
-3762.233397625892 0.19489999999999996 0.36049999999999993 0.4446000000000001
-3744.9958901516807 0.19489999999999996 0.38119999999999993 0.4239000000000001
-3727.288362598406 0.19489999999999996 0.4018999999999999 0.4032000000000001
-3709.4799217601067 0.19489999999999996 0.4225999999999999 0.3825000000000001
-3691.5861282737314 0.19489999999999996 0.4432999999999999 0.3618000000000001
-3672.911272066127 0.19489999999999996 0.4639999999999999 0.3411000000000001
-3654.862857116234 0.19489999999999996 0.4846999999999999 0.32040000000000013
-3635.749607906413 0.19489999999999996 0.5054 0.2997000000000001
-3616.3248406631874 0.19489999999999996 0.5260999999999999 0.27900000000000014
-3598.495015098742 0.19489999999999996 0.5468 0.2583000000000001
-3578.7699650572067 0.19489999999999996 0.5674999999999999 0.23760000000000014
-3558.739806841173 0.19489999999999996 0.5882 0.2169000000000001
-3538.2644822381603 0.19489999999999996 0.6089 0.19620000000000004
-3518.3364958366024 0.19489999999999996 0.6295999999999999 0.1755000000000001
-3497.902024721187 0.19489999999999996 0.6502999999999999 0.15480000000000016
-3476.804557824993 0.19489999999999996 0.6709999999999999 0.1341000000000001
-3454.9793740913587 0.19489999999999996 0.6917 0.11340000000000006
-3434.198139941196 0.19489999999999996 0.7123999999999999 0.09270000000000012
-3411.8767935982382 0.19489999999999996 0.7330999999999999 0.07200000000000017
-3390.501829999173 0.19489999999999996 0.7537999999999999 0.05130000000000012
-3365.7783404247025 0.19489999999999996 0.7745 0.03060000000000007
-4082.748770250027 0.21559999999999996 0.05 0.7343999999999999
-4068.253150139058 0.21559999999999996 0.0707 0.7137
-4055.208091620778 0.21559999999999996 0.0914 0.693
-4039.251493550078 0.21559999999999996 0.11209999999999999 0.6723
-4025.4252765630276 0.21559999999999996 0.13279999999999997 0.6516
-4010.3287875996098 0.21559999999999996 0.15349999999999997 0.6309
-3994.7197565119127 0.21559999999999996 0.17419999999999997 0.6102000000000001
-3979.108987951095 0.21559999999999996 0.19489999999999996 0.5895
-3963.215491300775 0.21559999999999996 0.21559999999999996 0.5688
-3946.728464803113 0.21559999999999996 0.23629999999999995 0.5481
-3931.373927752695 0.21559999999999996 0.25699999999999995 0.5274000000000001
-3915.0163426178356 0.21559999999999996 0.27769999999999995 0.5067
-3898.575320732133 0.21559999999999996 0.29839999999999994 0.48600000000000004
-3882.0530918949967 0.21559999999999996 0.31909999999999994 0.46530000000000005
-3864.2636414697004 0.21559999999999996 0.33979999999999994 0.44460000000000005
-3847.3393770978614 0.21559999999999996 0.36049999999999993 0.42390000000000005
-3829.8239170183574 0.21559999999999996 0.38119999999999993 0.40320000000000006
-3811.9995847347545 0.21559999999999996 0.4018999999999999 0.38250000000000006
-3794.12671735326 0.21559999999999996 0.4225999999999999 0.36180000000000007
-3775.851476469744 0.21559999999999996 0.4432999999999999 0.34110000000000007
-3757.3867666891256 0.21559999999999996 0.4639999999999999 0.3204000000000001
-3739.174563695938 0.21559999999999996 0.4846999999999999 0.2997000000000001
-3720.001555906951 0.21559999999999996 0.5054 0.279
-3701.3846370421616 0.21559999999999996 0.5260999999999999 0.2583000000000001
-3681.484769044177 0.21559999999999996 0.5468 0.23760000000000003
-3662.138140840982 0.21559999999999996 0.5674999999999999 0.2169000000000001
-3642.43607544578 0.21559999999999996 0.5882 0.19620000000000004
-3621.916830269233 0.21559999999999996 0.6089 0.1755
-3601.8406320993313 0.21559999999999996 0.6295999999999999 0.15480000000000005
-3580.188528015598 0.21559999999999996 0.6502999999999999 0.1341000000000001
-3558.332884096424 0.21559999999999996 0.6709999999999999 0.11340000000000006
-3537.5563371028766 0.21559999999999996 0.6917 0.0927
-3515.743085500735 0.21559999999999996 0.7123999999999999 0.07200000000000006
-3494.439420273203 0.21559999999999996 0.7330999999999999 0.05130000000000012
-3471.21807086651 0.21559999999999996 0.7537999999999999 0.03060000000000007
