-6111.212703802964 0.6709999999999999 0.05 0.2790000000000001
-6121.428798930813 0.6709999999999999 0.0707 0.2583000000000001
-6131.364121752393 0.6709999999999999 0.0914 0.2376000000000001
-6133.101826386401 0.6709999999999999 0.11209999999999999 0.2169000000000001
-6128.434188878944 0.6709999999999999 0.13279999999999997 0.1962000000000001
-6120.473955666987 0.6709999999999999 0.15349999999999997 0.1755000000000001
-6109.376247909228 0.6709999999999999 0.17419999999999997 0.1548000000000001
-6096.996940528851 0.6709999999999999 0.19489999999999996 0.1341000000000001
-6084.720077787944 0.6709999999999999 0.21559999999999996 0.11340000000000011
-6071.824800929933 0.6709999999999999 0.23629999999999995 0.09270000000000012
-6058.471650740107 0.6709999999999999 0.25699999999999995 0.07200000000000012
-6043.8966405964065 0.6709999999999999 0.27769999999999995 0.05130000000000012
-6023.030594499771 0.6709999999999999 0.29839999999999994 0.030600000000000127
-6194.561713221912 0.6917 0.05 0.25830000000000003
-6207.0779634865985 0.6917 0.0707 0.23760000000000003
-6213.01008783797 0.6917 0.0914 0.21690000000000004
-6214.218106149935 0.6917 0.11209999999999999 0.19620000000000004
-6205.672402846814 0.6917 0.13279999999999997 0.17550000000000004
-6196.043853098176 0.6917 0.15349999999999997 0.15480000000000005
-6187.009741131932 0.6917 0.17419999999999997 0.13410000000000005
-6172.1257264897 0.6917 0.19489999999999996 0.11340000000000006
-6161.717204675996 0.6917 0.21559999999999996 0.09270000000000006
-6145.830706123829 0.6917 0.23629999999999995 0.07200000000000006
-6133.014259358137 0.6917 0.25699999999999995 0.05130000000000007
-6119.4227010148625 0.6917 0.27769999999999995 0.03060000000000007
-6280.477211458008 0.7123999999999999 0.05 0.2376000000000001
-6290.6317389459155 0.7123999999999999 0.0707 0.2169000000000001
-6295.349454077155 0.7123999999999999 0.0914 0.1962000000000001
-6293.628983466721 0.7123999999999999 0.11209999999999999 0.1755000000000001
-6283.578758357686 0.7123999999999999 0.13279999999999997 0.1548000000000001
-6274.596546811487 0.7123999999999999 0.15349999999999997 0.1341000000000001
-6263.616996190768 0.7123999999999999 0.17419999999999997 0.11340000000000011
-6249.694729885836 0.7123999999999999 0.19489999999999996 0.09270000000000012
-6236.951794357288 0.7123999999999999 0.21559999999999996 0.07200000000000012
-6221.272095928525 0.7123999999999999 0.23629999999999995 0.05130000000000012
-6208.895706339997 0.7123999999999999 0.25699999999999995 0.030600000000000127
