-6363.814135279151 0.7330999999999999 0.05 0.21690000000000015
-6374.974461135409 0.7330999999999999 0.0707 0.19620000000000015
-6375.656462520987 0.7330999999999999 0.0914 0.17550000000000016
-6371.248583711287 0.7330999999999999 0.11209999999999999 0.15480000000000016
-6362.315652412183 0.7330999999999999 0.13279999999999997 0.13410000000000016
-6350.390556301623 0.7330999999999999 0.15349999999999997 0.11340000000000017
-6339.678729608208 0.7330999999999999 0.17419999999999997 0.09270000000000017
-6324.937536995171 0.7330999999999999 0.19489999999999996 0.07200000000000017
-6311.406420193363 0.7330999999999999 0.21559999999999996 0.05130000000000018
-6297.543714602182 0.7330999999999999 0.23629999999999995 0.030600000000000183
-6449.381937438567 0.7537999999999999 0.05 0.1962000000000001
-6457.19138891919 0.7537999999999999 0.0707 0.1755000000000001
-6455.841791790319 0.7537999999999999 0.0914 0.1548000000000001
-6450.4291112213905 0.7537999999999999 0.11209999999999999 0.1341000000000001
-6438.605783199351 0.7537999999999999 0.13279999999999997 0.11340000000000011
-6428.286520916845 0.7537999999999999 0.15349999999999997 0.09270000000000012
-6415.163052280586 0.7537999999999999 0.17419999999999997 0.07200000000000012
-6399.710854321588 0.7537999999999999 0.19489999999999996 0.05130000000000012
-6388.547850234681 0.7537999999999999 0.21559999999999996 0.030600000000000127
-6532.108687492057 0.7745 0.05 0.17550000000000004
-6538.406464381012 0.7745 0.0707 0.15480000000000005
-6536.161361686554 0.7745 0.0914 0.13410000000000005
-6528.189647338914 0.7745 0.11209999999999999 0.11340000000000004
-6516.718491375293 0.7745 0.13279999999999997 0.09270000000000006
-6504.487421663048 0.7745 0.15349999999999997 0.07200000000000006
-6490.947786410131 0.7745 0.17419999999999997 0.05130000000000007
-6476.798633386243 0.7745 0.19489999999999996 0.03060000000000007
