-3753.376610445881 0.11209999999999999 0.05 0.8379
-3775.599154827468 0.11209999999999999 0.0707 0.8172
-3798.1892663413732 0.11209999999999999 0.0914 0.7965
-3819.9796643228487 0.11209999999999999 0.11209999999999999 0.7758
-3842.7328970734443 0.11209999999999999 0.13279999999999997 0.7551000000000001
-3863.7200755277577 0.11209999999999999 0.15349999999999997 0.7344
-3884.725937161031 0.11209999999999999 0.17419999999999997 0.7137
-3905.5225552213547 0.11209999999999999 0.19489999999999996 0.6930000000000001
-3922.9185195495684 0.11209999999999999 0.21559999999999996 0.6723000000000001
-3937.0842461071784 0.11209999999999999 0.23629999999999995 0.6516000000000001
-3943.830861818243 0.11209999999999999 0.25699999999999995 0.6309
-3948.071660099657 0.11209999999999999 0.27769999999999995 0.6102000000000001
-3948.2800795082553 0.11209999999999999 0.29839999999999994 0.5895000000000001
-3946.0182734237956 0.11209999999999999 0.31909999999999994 0.5688000000000001
-3944.325910601631 0.11209999999999999 0.33979999999999994 0.5481
-3940.373888343891 0.11209999999999999 0.36049999999999993 0.5274000000000001
-3932.829648414878 0.11209999999999999 0.38119999999999993 0.5067000000000002
-3923.02004465615 0.11209999999999999 0.4018999999999999 0.4860000000000001
-3905.7853812537624 0.11209999999999999 0.4225999999999999 0.4653000000000001
-3890.0240804721416 0.11209999999999999 0.4432999999999999 0.4446000000000001
-3873.2731484611822 0.11209999999999999 0.4639999999999999 0.4239000000000001
-3853.2329403989784 0.11209999999999999 0.4846999999999999 0.4032000000000001
-3834.6524244226125 0.11209999999999999 0.5054 0.38250000000000006
-3812.9843205114553 0.11209999999999999 0.5260999999999999 0.3618000000000001
-3788.208537627554 0.11209999999999999 0.5468 0.34110000000000007
-3760.37965133449 0.11209999999999999 0.5674999999999999 0.32040000000000013
-3730.0363090101564 0.11209999999999999 0.5882 0.2997000000000001
-3695.0021055923166 0.11209999999999999 0.6089 0.279
-3662.610394821618 0.11209999999999999 0.6295999999999999 0.2583000000000001
-3623.1132984529386 0.11209999999999999 0.6502999999999999 0.23760000000000014
-3584.79642265834 0.11209999999999999 0.6709999999999999 0.2169000000000001
-3540.269897556049 0.11209999999999999 0.6917 0.19620000000000004
-3493.0760826355004 0.11209999999999999 0.7123999999999999 0.1755000000000001
-3440.9354225435313 0.11209999999999999 0.7330999999999999 0.15480000000000016
-3383.8338947516468 0.11209999999999999 0.7537999999999999 0.1341000000000001
-3327.757575926545 0.11209999999999999 0.7745 0.11340000000000006
-3269.315441375177 0.11209999999999999 0.7951999999999999 0.09270000000000012
-3211.310289970724 0.11209999999999999 0.8158999999999998 0.07200000000000017
-3153.372083195661 0.11209999999999999 0.8365999999999999 0.05130000000000012
-3092.6462437707664 0.11209999999999999 0.8573 0.03060000000000007
-3844.3980837771405 0.13279999999999997 0.05 0.8171999999999999
-3866.750165679953 0.13279999999999997 0.0707 0.7965
-3889.3754868294072 0.13279999999999997 0.0914 0.7757999999999999
-3911.415744988801 0.13279999999999997 0.11209999999999999 0.7551
-3933.132713933005 0.13279999999999997 0.13279999999999997 0.7343999999999999
-3954.322097997688 0.13279999999999997 0.15349999999999997 0.7137
-3974.1410058916154 0.13279999999999997 0.17419999999999997 0.6930000000000001
-3993.4304809992777 0.13279999999999997 0.19489999999999996 0.6723
-4011.2208571361007 0.13279999999999997 0.21559999999999996 0.6516
-4022.0099975468447 0.13279999999999997 0.23629999999999995 0.6309
-4027.638685766806 0.13279999999999997 0.25699999999999995 0.6102000000000001
-4031.18603688504 0.13279999999999997 0.27769999999999995 0.5895
-4029.2807368871336 0.13279999999999997 0.29839999999999994 0.5688
-4026.6872211838213 0.13279999999999997 0.31909999999999994 0.5481
-4020.721729915204 0.13279999999999997 0.33979999999999994 0.5274000000000001
-4018.375644249212 0.13279999999999997 0.36049999999999993 0.5067
-4009.8724044883083 0.13279999999999997 0.38119999999999993 0.48600000000000004
-3999.2539468277137 0.13279999999999997 0.4018999999999999 0.46530000000000005
-3986.2197092232395 0.13279999999999997 0.4225999999999999 0.44460000000000005
-3965.2378724999235 0.13279999999999997 0.4432999999999999 0.42390000000000005
-3947.8421694397452 0.13279999999999997 0.4639999999999999 0.40320000000000006
-3927.647091327733 0.13279999999999997 0.4846999999999999 0.38250000000000006
-3907.9975867163516 0.13279999999999997 0.5054 0.3618
-3884.958960814463 0.13279999999999997 0.5260999999999999 0.34110000000000007
-3862.5654011461943 0.13279999999999997 0.5468 0.3204
-3830.9809485809933 0.13279999999999997 0.5674999999999999 0.2997000000000001
-3799.281946396674 0.13279999999999997 0.5882 0.279
-3765.7801052415703 0.13279999999999997 0.6089 0.2583
-3728.443994997484 0.13279999999999997 0.6295999999999999 0.23760000000000003
-3691.640274673944 0.13279999999999997 0.6502999999999999 0.2169000000000001
-3650.643935072582 0.13279999999999997 0.6709999999999999 0.19620000000000004
-3604.50237890376 0.13279999999999997 0.6917 0.1755
-3557.9872754859484 0.13279999999999997 0.7123999999999999 0.15480000000000005
-3505.232764909322 0.13279999999999997 0.7330999999999999 0.1341000000000001
-3449.0317532584686 0.13279999999999997 0.7537999999999999 0.11340000000000006
-3391.7426760937697 0.13279999999999997 0.7745 0.0927
-3333.9675564096533 0.13279999999999997 0.7951999999999999 0.07200000000000006
-3276.683940319898 0.13279999999999997 0.8158999999999998 0.05130000000000012
-3216.3775823881215 0.13279999999999997 0.8365999999999999 0.03060000000000007
-3933.5518794194145 0.15349999999999997 0.05 0.7965
-3955.496478590426 0.15349999999999997 0.0707 0.7758
-3977.9321675273072 0.15349999999999997 0.0914 0.7551
-3999.861325841411 0.15349999999999997 0.11209999999999999 0.7344
-4021.6948704660263 0.15349999999999997 0.13279999999999997 0.7137
-4041.0918832107577 0.15349999999999997 0.15349999999999997 0.6930000000000001
-4060.9610870009287 0.15349999999999997 0.17419999999999997 0.6723000000000001
-4079.7550093125246 0.15349999999999997 0.19489999999999996 0.6516000000000001
-4094.2838958879993 0.15349999999999997 0.21559999999999996 0.6309
-4103.561592594538 0.15349999999999997 0.23629999999999995 0.6102000000000001
-4107.865641095676 0.15349999999999997 0.25699999999999995 0.5895000000000001
-4112.162582174235 0.15349999999999997 0.27769999999999995 0.5688000000000001
-4107.9603002917465 0.15349999999999997 0.29839999999999994 0.5481
-4103.790716897922 0.15349999999999997 0.31909999999999994 0.5274000000000001
-4099.601490863453 0.15349999999999997 0.33979999999999994 0.5067000000000002
-4092.4933870751115 0.15349999999999997 0.36049999999999993 0.4860000000000001
-4085.71802394618 0.15349999999999997 0.38119999999999993 0.4653000000000001
-4075.984137849254 0.15349999999999997 0.4018999999999999 0.4446000000000001
-4059.737249612435 0.15349999999999997 0.4225999999999999 0.4239000000000001
-4041.5139474320395 0.15349999999999997 0.4432999999999999 0.4032000000000001
-4022.0656385812485 0.15349999999999997 0.4639999999999999 0.3825000000000001
-4002.26848692762 0.15349999999999997 0.4846999999999999 0.3618000000000001
-3978.0767398648245 0.15349999999999997 0.5054 0.34110000000000007
-3955.4054949694305 0.15349999999999997 0.5260999999999999 0.32040000000000013
-3929.909956665701 0.15349999999999997 0.5468 0.2997000000000001
-3898.7892241948057 0.15349999999999997 0.5674999999999999 0.27900000000000014
-3866.7991813395083 0.15349999999999997 0.5882 0.2583000000000001
-3831.874217711666 0.15349999999999997 0.6089 0.23760000000000003
-3794.113739665418 0.15349999999999997 0.6295999999999999 0.2169000000000001
-3756.8297893765566 0.15349999999999997 0.6502999999999999 0.19620000000000015
-3713.152962326226 0.15349999999999997 0.6709999999999999 0.1755000000000001
-3668.107553935415 0.15349999999999997 0.6917 0.15480000000000005
-3619.3316877871557 0.15349999999999997 0.7123999999999999 0.1341000000000001
-3568.090811978521 0.15349999999999997 0.7330999999999999 0.11340000000000017
-3510.4442251911505 0.15349999999999997 0.7537999999999999 0.09270000000000012
-3453.3978287800137 0.15349999999999997 0.7745 0.07200000000000006
-3396.4670222772 0.15349999999999997 0.7951999999999999 0.05130000000000012
-3336.449255612193 0.15349999999999997 0.8158999999999998 0.030600000000000183
