-4166.165480841148 0.23629999999999995 0.05 0.7137
-4202.054890451536 0.23629999999999995 0.0707 0.6930000000000001
-4203.011904546236 0.23629999999999995 0.0914 0.6723
-4206.315364187227 0.23629999999999995 0.11209999999999999 0.6516000000000001
-4207.268462648054 0.23629999999999995 0.13279999999999997 0.6309
-4211.157046263549 0.23629999999999995 0.15349999999999997 0.6102000000000001
-4211.736269296964 0.23629999999999995 0.17419999999999997 0.5895000000000001
-4203.091710902625 0.23629999999999995 0.19489999999999996 0.5688000000000001
-4196.54117951148 0.23629999999999995 0.21559999999999996 0.5481
-4168.173560295873 0.23629999999999995 0.23629999999999995 0.5274000000000001
-4143.918253677567 0.23629999999999995 0.25699999999999995 0.5067000000000002
-4124.737767453201 0.23629999999999995 0.27769999999999995 0.4860000000000001
-4098.881631997829 0.23629999999999995 0.29839999999999994 0.4653000000000001
-4069.105958445646 0.23629999999999995 0.31909999999999994 0.4446000000000001
-4042.869869225311 0.23629999999999995 0.33979999999999994 0.4239000000000001
-4022.4704668380245 0.23629999999999995 0.36049999999999993 0.4032000000000001
-3997.127178138767 0.23629999999999995 0.38119999999999993 0.3825000000000001
-3965.270308222877 0.23629999999999995 0.4018999999999999 0.3618000000000001
-3935.9485326022927 0.23629999999999995 0.4225999999999999 0.3411000000000001
-3917.1337575202842 0.23629999999999995 0.4432999999999999 0.32040000000000013
-3889.990072360528 0.23629999999999995 0.4639999999999999 0.29970000000000013
-3868.4878379678617 0.23629999999999995 0.4846999999999999 0.27900000000000014
-3837.7135435961945 0.23629999999999995 0.5054 0.2583000000000001
-3810.2511854940976 0.23629999999999995 0.5260999999999999 0.23760000000000014
-3782.796779077836 0.23629999999999995 0.5468 0.2169000000000001
-3755.795473443211 0.23629999999999995 0.5674999999999999 0.19620000000000015
-3732.5665576152333 0.23629999999999995 0.5882 0.1755000000000001
-3704.313684491239 0.23629999999999995 0.6089 0.15480000000000005
-3676.322770743033 0.23629999999999995 0.6295999999999999 0.1341000000000001
-3648.4956288383614 0.23629999999999995 0.6502999999999999 0.11340000000000017
-3616.1616589616533 0.23629999999999995 0.6709999999999999 0.09270000000000012
-3590.316640167924 0.23629999999999995 0.6917 0.07200000000000006
-3566.0601171421113 0.23629999999999995 0.7123999999999999 0.05130000000000012
-3534.6396194863987 0.23629999999999995 0.7330999999999999 0.030600000000000183
-4268.1369388364665 0.25699999999999995 0.05 0.6930000000000001
-4274.325752102911 0.25699999999999995 0.0707 0.6723000000000001
-4270.420357825663 0.25699999999999995 0.0914 0.6516000000000001
-4283.351610606249 0.25699999999999995 0.11209999999999999 0.6309000000000001
-4278.679104074336 0.25699999999999995 0.13279999999999997 0.6102000000000001
-4277.227323462492 0.25699999999999995 0.15349999999999997 0.5895000000000001
-4274.94350081029 0.25699999999999995 0.17419999999999997 0.5688000000000002
-4275.078570864112 0.25699999999999995 0.19489999999999996 0.5481000000000001
-4267.849002780034 0.25699999999999995 0.21559999999999996 0.5274000000000001
-4239.257313399988 0.25699999999999995 0.23629999999999995 0.5067000000000002
-4215.480091722078 0.25699999999999995 0.25699999999999995 0.48600000000000015
-4189.371216083041 0.25699999999999995 0.27769999999999995 0.46530000000000016
-4171.157892228565 0.25699999999999995 0.29839999999999994 0.44460000000000016
-4142.641856837547 0.25699999999999995 0.31909999999999994 0.42390000000000017
-4112.264958718833 0.25699999999999995 0.33979999999999994 0.40320000000000017
-4089.8169735132956 0.25699999999999995 0.36049999999999993 0.3825000000000002
-4061.8334044434732 0.25699999999999995 0.38119999999999993 0.3618000000000002
-4037.9875047903397 0.25699999999999995 0.4018999999999999 0.3411000000000002
-4016.837819301485 0.25699999999999995 0.4225999999999999 0.3204000000000002
-3984.989432188202 0.25699999999999995 0.4432999999999999 0.2997000000000002
-3959.0403384306833 0.25699999999999995 0.4639999999999999 0.2790000000000002
-3933.952904652445 0.25699999999999995 0.4846999999999999 0.2583000000000002
-3904.0108427056466 0.25699999999999995 0.5054 0.23760000000000014
-3877.358940978053 0.25699999999999995 0.5260999999999999 0.2169000000000002
-3852.4655545379933 0.25699999999999995 0.5468 0.19620000000000015
-3830.164011141954 0.25699999999999995 0.5674999999999999 0.1755000000000002
-3798.076824454234 0.25699999999999995 0.5882 0.15480000000000016
-3774.494341862258 0.25699999999999995 0.6089 0.1341000000000001
-3741.590434294939 0.25699999999999995 0.6295999999999999 0.11340000000000017
-3718.017605583338 0.25699999999999995 0.6502999999999999 0.09270000000000023
-3687.9861745596527 0.25699999999999995 0.6709999999999999 0.07200000000000017
-3657.6608056710384 0.25699999999999995 0.6917 0.05130000000000012
-3632.7672686387796 0.25699999999999995 0.7123999999999999 0.030600000000000183
-4362.776558841457 0.27769999999999995 0.05 0.6723
-4369.413723376324 0.27769999999999995 0.0707 0.6516000000000001
-4365.310452314931 0.27769999999999995 0.0914 0.6309
-4368.964476972142 0.27769999999999995 0.11209999999999999 0.6102000000000001
-4368.8520208658965 0.27769999999999995 0.13279999999999997 0.5895000000000001
-4367.380297336407 0.27769999999999995 0.15349999999999997 0.5688000000000001
-4362.480445144183 0.27769999999999995 0.17419999999999997 0.5481
-4361.92882405966 0.27769999999999995 0.19489999999999996 0.5274000000000001
-4335.921797673639 0.27769999999999995 0.21559999999999996 0.5067000000000002
-4320.2095830992785 0.27769999999999995 0.23629999999999995 0.4860000000000001
-4293.578698629591 0.27769999999999995 0.25699999999999995 0.4653000000000001
-4274.312890366816 0.27769999999999995 0.27769999999999995 0.4446000000000001
-4247.481008093937 0.27769999999999995 0.29839999999999994 0.4239000000000001
-4209.378883755206 0.27769999999999995 0.31909999999999994 0.4032000000000001
-4191.37887081805 0.27769999999999995 0.33979999999999994 0.3825000000000001
-4170.185365784995 0.27769999999999995 0.36049999999999993 0.3618000000000001
-4138.2723539784565 0.27769999999999995 0.38119999999999993 0.3411000000000001
-4117.051956719326 0.27769999999999995 0.4018999999999999 0.32040000000000013
-4089.148999251611 0.27769999999999995 0.4225999999999999 0.29970000000000013
-4065.10348736713 0.27769999999999995 0.4432999999999999 0.27900000000000014
-4034.135650082488 0.27769999999999995 0.4639999999999999 0.25830000000000014
-4010.681889976353 0.27769999999999995 0.4846999999999999 0.23760000000000014
-3988.600706135553 0.27769999999999995 0.5054 0.2169000000000001
-3957.539600442834 0.27769999999999995 0.5260999999999999 0.19620000000000015
-3932.1263609574517 0.27769999999999995 0.5468 0.1755000000000001
-3904.5471386215786 0.27769999999999995 0.5674999999999999 0.15480000000000016
-3882.8701362056886 0.27769999999999995 0.5882 0.1341000000000001
-3846.1451998898265 0.27769999999999995 0.6089 0.11340000000000006
-3820.456582464563 0.27769999999999995 0.6295999999999999 0.09270000000000012
-3794.281899300651 0.27769999999999995 0.6502999999999999 0.07200000000000017
-3762.593413343502 0.27769999999999995 0.6709999999999999 0.05130000000000012
-3737.0904778699464 0.27769999999999995 0.6917 0.03060000000000007
