-4959.831646862685 0.4225999999999999 0.05 0.5274000000000001
-4960.279207294587 0.4225999999999999 0.0707 0.5067000000000002
-4967.8015607990355 0.4225999999999999 0.0914 0.48600000000000015
-4960.316702648744 0.4225999999999999 0.11209999999999999 0.46530000000000016
-4961.054992497941 0.4225999999999999 0.13279999999999997 0.44460000000000016
-4947.742657561002 0.4225999999999999 0.15349999999999997 0.42390000000000017
-4931.561606301719 0.4225999999999999 0.17419999999999997 0.40320000000000017
-4910.644540608677 0.4225999999999999 0.19489999999999996 0.3825000000000002
-4881.42965206993 0.4225999999999999 0.21559999999999996 0.3618000000000002
-4862.14452365515 0.4225999999999999 0.23629999999999995 0.3411000000000002
-4831.852343289997 0.4225999999999999 0.25699999999999995 0.3204000000000002
-4814.091093493773 0.4225999999999999 0.27769999999999995 0.2997000000000002
-4778.94672413536 0.4225999999999999 0.29839999999999994 0.2790000000000002
-4763.640389392674 0.4225999999999999 0.31909999999999994 0.2583000000000002
-4724.2489544889695 0.4225999999999999 0.33979999999999994 0.2376000000000002
-4701.063833945202 0.4225999999999999 0.36049999999999993 0.2169000000000002
-4677.292698144651 0.4225999999999999 0.38119999999999993 0.1962000000000002
-4658.802199046172 0.4225999999999999 0.4018999999999999 0.1755000000000002
-4624.044443598963 0.4225999999999999 0.4225999999999999 0.15480000000000022
-4603.383697231045 0.4225999999999999 0.4432999999999999 0.13410000000000022
-4566.653426627947 0.4225999999999999 0.4639999999999999 0.11340000000000022
-4540.331225703101 0.4225999999999999 0.4846999999999999 0.09270000000000023
-4513.081558133115 0.4225999999999999 0.5054 0.07200000000000017
-4492.43288298615 0.4225999999999999 0.5260999999999999 0.051300000000000234
-4461.05435119459 0.4225999999999999 0.5468 0.030600000000000183
-5040.814383550388 0.4432999999999999 0.05 0.5067
-5043.9981628019905 0.4432999999999999 0.0707 0.4860000000000001
-5043.204326263819 0.4432999999999999 0.0914 0.4653000000000001
-5037.65898786051 0.4432999999999999 0.11209999999999999 0.4446000000000001
-5040.393552343069 0.4432999999999999 0.13279999999999997 0.4239000000000001
-5028.572785117642 0.4432999999999999 0.15349999999999997 0.4032000000000001
-5008.1814494581595 0.4432999999999999 0.17419999999999997 0.3825000000000001
-4984.835794084054 0.4432999999999999 0.19489999999999996 0.3618000000000001
-4960.395599642263 0.4432999999999999 0.21559999999999996 0.3411000000000001
-4935.896712303349 0.4432999999999999 0.23629999999999995 0.32040000000000013
-4908.463353995373 0.4432999999999999 0.25699999999999995 0.29970000000000013
-4884.040238953004 0.4432999999999999 0.27769999999999995 0.27900000000000014
-4859.016822983939 0.4432999999999999 0.29839999999999994 0.25830000000000014
-4830.947993279608 0.4432999999999999 0.31909999999999994 0.23760000000000014
-4803.760606956369 0.4432999999999999 0.33979999999999994 0.21690000000000015
-4782.405616538763 0.4432999999999999 0.36049999999999993 0.19620000000000015
-4754.1522728521395 0.4432999999999999 0.38119999999999993 0.17550000000000016
-4731.328122372401 0.4432999999999999 0.4018999999999999 0.15480000000000016
-4702.141927359209 0.4432999999999999 0.4225999999999999 0.13410000000000016
-4673.598397213652 0.4432999999999999 0.4432999999999999 0.11340000000000017
-4650.592863903922 0.4432999999999999 0.4639999999999999 0.09270000000000017
-4621.261494377485 0.4432999999999999 0.4846999999999999 0.07200000000000017
-4593.134636787823 0.4432999999999999 0.5054 0.05130000000000012
-4567.513790875031 0.4432999999999999 0.5260999999999999 0.030600000000000183
-5143.318819934403 0.4639999999999999 0.05 0.48600000000000004
-5137.495830475033 0.4639999999999999 0.0707 0.46530000000000005
-5134.33150440739 0.4639999999999999 0.0914 0.44460000000000005
-5131.123514151249 0.4639999999999999 0.11209999999999999 0.42390000000000005
-5122.8426237071835 0.4639999999999999 0.13279999999999997 0.40320000000000006
-5114.146306098871 0.4639999999999999 0.15349999999999997 0.38250000000000006
-5086.424997056481 0.4639999999999999 0.17419999999999997 0.36180000000000007
-5066.794116548944 0.4639999999999999 0.19489999999999996 0.34110000000000007
-5045.047868798512 0.4639999999999999 0.21559999999999996 0.3204000000000001
-5021.641358670336 0.4639999999999999 0.23629999999999995 0.2997000000000001
-4988.908733580189 0.4639999999999999 0.25699999999999995 0.2790000000000001
-4971.653775088744 0.4639999999999999 0.27769999999999995 0.2583000000000001
-4950.313944757583 0.4639999999999999 0.29839999999999994 0.2376000000000001
-4918.0378941271065 0.4639999999999999 0.31909999999999994 0.2169000000000001
-4886.518341987209 0.4639999999999999 0.33979999999999994 0.1962000000000001
-4868.516950263508 0.4639999999999999 0.36049999999999993 0.1755000000000001
-4830.82594899945 0.4639999999999999 0.38119999999999993 0.1548000000000001
-4807.875064321282 0.4639999999999999 0.4018999999999999 0.1341000000000001
-4786.85070227544 0.4639999999999999 0.4225999999999999 0.11340000000000011
-4757.1483538776965 0.4639999999999999 0.4432999999999999 0.09270000000000012
-4719.086994095339 0.4639999999999999 0.4639999999999999 0.07200000000000012
-4701.296856619883 0.4639999999999999 0.4846999999999999 0.05130000000000012
-4669.6310100655055 0.4639999999999999 0.5054 0.03060000000000007
