-6254.100441223598 0.7330999999999999 0.05 0.21690000000000015
-6251.203799681677 0.7330999999999999 0.0707 0.19620000000000015
-6222.935940233285 0.7330999999999999 0.0914 0.17550000000000016
-6198.284605218459 0.7330999999999999 0.11209999999999999 0.15480000000000016
-6177.514209358218 0.7330999999999999 0.13279999999999997 0.13410000000000016
-6151.538030020692 0.7330999999999999 0.15349999999999997 0.11340000000000017
-6131.94142038976 0.7330999999999999 0.17419999999999997 0.09270000000000017
-6099.829249056485 0.7330999999999999 0.19489999999999996 0.07200000000000017
-6072.356799887917 0.7330999999999999 0.21559999999999996 0.05130000000000018
-6046.518887980712 0.7330999999999999 0.23629999999999995 0.030600000000000183
-6342.629418231809 0.7537999999999999 0.05 0.1962000000000001
-6336.034289528103 0.7537999999999999 0.0707 0.1755000000000001
-6308.867962483787 0.7537999999999999 0.0914 0.1548000000000001
-6283.592192054641 0.7537999999999999 0.11209999999999999 0.1341000000000001
-6260.426161812593 0.7537999999999999 0.13279999999999997 0.11340000000000011
-6241.581629125198 0.7537999999999999 0.15349999999999997 0.09270000000000012
-6211.832499402282 0.7537999999999999 0.17419999999999997 0.07200000000000012
-6181.054988761069 0.7537999999999999 0.19489999999999996 0.05130000000000012
-6158.023854617866 0.7537999999999999 0.21559999999999996 0.030600000000000127
-6439.698798212187 0.7745 0.05 0.17550000000000004
-6421.277667320032 0.7745 0.0707 0.15480000000000005
-6396.326792594809 0.7745 0.0914 0.13410000000000005
-6373.665405151121 0.7745 0.11209999999999999 0.11340000000000004
-6347.386680436116 0.7745 0.13279999999999997 0.09270000000000006
-6323.294476069785 0.7745 0.15349999999999997 0.07200000000000006
-6294.263654590721 0.7745 0.17419999999999997 0.05130000000000007
-6271.814546452485 0.7745 0.19489999999999996 0.03060000000000007
