-3263.459088743094 0.05 0.05 0.8999999999999999
-3270.6288716810336 0.05 0.0707 0.8793
-3276.8718382154234 0.05 0.0914 0.8585999999999999
-3281.4401710641887 0.05 0.11209999999999999 0.8379
-3328.7945660560467 0.05 0.13279999999999997 0.8171999999999999
-3333.1341382515147 0.05 0.15349999999999997 0.7965
-3292.533688134389 0.05 0.17419999999999997 0.7758
-3471.8875391245074 0.05 0.19489999999999996 0.7551
-3473.125229521917 0.05 0.21559999999999996 0.7343999999999999
-3430.2722760635197 0.05 0.23629999999999995 0.7137
-3475.0855973602324 0.05 0.25699999999999995 0.6930000000000001
-3456.429609611401 0.05 0.27769999999999995 0.6723
-3427.9455149490327 0.05 0.29839999999999994 0.6516
-3401.860530842896 0.05 0.31909999999999994 0.6309
-3374.9581993367105 0.05 0.33979999999999994 0.6102000000000001
-3353.4077765610127 0.05 0.36049999999999993 0.5895
-3325.6635568144106 0.05 0.38119999999999993 0.5688
-3296.595854323005 0.05 0.4018999999999999 0.5481
-3273.4528990276535 0.05 0.4225999999999999 0.5274000000000001
-3251.37106344526 0.05 0.4432999999999999 0.5067
-3224.273351759604 0.05 0.4639999999999999 0.48600000000000004
-3194.986543496111 0.05 0.4846999999999999 0.46530000000000005
-3173.003597037569 0.05 0.5054 0.4446
-3143.4563572550032 0.05 0.5260999999999999 0.42390000000000005
-3119.0744698188755 0.05 0.5468 0.4032
-3094.231333932689 0.05 0.5674999999999999 0.38250000000000006
-3068.45734134716 0.05 0.5882 0.3618
-3038.6634668344745 0.05 0.6089 0.34109999999999996
-3013.386992664768 0.05 0.6295999999999999 0.3204
-2985.5172796176694 0.05 0.6502999999999999 0.2997000000000001
-2952.331024969426 0.05 0.6709999999999999 0.279
-2933.295095501099 0.05 0.6917 0.2583
-2906.050960840455 0.05 0.7123999999999999 0.23760000000000003
-2876.2659908054834 0.05 0.7330999999999999 0.2169000000000001
-2849.6393120640323 0.05 0.7537999999999999 0.19620000000000004
-2822.8667958470596 0.05 0.7745 0.1755
-2794.1320401645094 0.05 0.7951999999999999 0.15480000000000005
-2763.9874123247982 0.05 0.8158999999999998 0.1341000000000001
-2732.2428232898137 0.05 0.8365999999999999 0.11340000000000006
-2709.0278082225595 0.05 0.8573 0.0927
-2683.385135753388 0.05 0.8779999999999999 0.07200000000000006
-2653.217398213873 0.05 0.8986999999999998 0.05130000000000012
-2624.7164730984396 0.05 0.9193999999999999 0.03060000000000007
-3277.993514604666 0.0707 0.05 0.8793
-3284.599921230995 0.0707 0.0707 0.8586
-3288.58425335606 0.0707 0.0914 0.8379
-3336.1142188309154 0.0707 0.11209999999999999 0.8172
-3339.496242358111 0.0707 0.13279999999999997 0.7965
-3431.2944741026035 0.0707 0.15349999999999997 0.7758
-3479.8276526424215 0.0707 0.17419999999999997 0.7551000000000001
-3536.570440572205 0.0707 0.19489999999999996 0.7344
-3539.8909616562282 0.0707 0.21559999999999996 0.7137
-3540.7058591499367 0.0707 0.23629999999999995 0.6930000000000001
-3540.6977577461143 0.0707 0.25699999999999995 0.6723000000000001
-3517.8386380235056 0.0707 0.27769999999999995 0.6516000000000001
-3491.3758233166513 0.0707 0.29839999999999994 0.6309
-3464.1481796202397 0.0707 0.31909999999999994 0.6102000000000001
-3438.96554601112 0.0707 0.33979999999999994 0.5895000000000001
-3415.6561383134926 0.0707 0.36049999999999993 0.5688000000000001
-3388.0793142523803 0.0707 0.38119999999999993 0.5481
-3364.4630597305577 0.0707 0.4018999999999999 0.5274000000000001
-3336.0959346462864 0.0707 0.4225999999999999 0.5067000000000002
-3311.7393893846083 0.0707 0.4432999999999999 0.4860000000000001
-3289.023322779886 0.0707 0.4639999999999999 0.4653000000000001
-3258.703206523144 0.0707 0.4846999999999999 0.4446000000000001
-3233.325294054622 0.0707 0.5054 0.42390000000000005
-3208.043271384731 0.0707 0.5260999999999999 0.4032000000000001
-3184.3375174049847 0.0707 0.5468 0.38250000000000006
-3153.563399513577 0.0707 0.5674999999999999 0.3618000000000001
-3124.6178087077315 0.0707 0.5882 0.34110000000000007
-3100.932155872205 0.0707 0.6089 0.3204
-3073.4818969150892 0.0707 0.6295999999999999 0.2997000000000001
-3047.4011064433143 0.0707 0.6502999999999999 0.27900000000000014
-3020.645804473433 0.0707 0.6709999999999999 0.2583000000000001
-2993.782613609654 0.0707 0.6917 0.23760000000000003
-2965.5983712024877 0.0707 0.7123999999999999 0.2169000000000001
-2937.8748899547386 0.0707 0.7330999999999999 0.19620000000000015
-2914.579137186508 0.0707 0.7537999999999999 0.1755000000000001
-2882.9438924502088 0.0707 0.7745 0.15480000000000005
-2856.844252135783 0.0707 0.7951999999999999 0.1341000000000001
-2827.7453367084936 0.0707 0.8158999999999998 0.11340000000000017
-2797.5709320679334 0.0707 0.8365999999999999 0.09270000000000012
-2773.025103457465 0.0707 0.8573 0.07200000000000006
-2740.6122563933513 0.0707 0.8779999999999999 0.05130000000000012
-2713.7067904469454 0.0707 0.8986999999999998 0.030600000000000183
-3291.0848182532823 0.0914 0.05 0.8585999999999999
-3296.4888306442913 0.0914 0.0707 0.8379
-3560.040348172502 0.0914 0.0914 0.8171999999999999
-3520.713959094864 0.0914 0.11209999999999999 0.7965
-3617.4511950737915 0.0914 0.13279999999999997 0.7758
-3616.116333845626 0.0914 0.15349999999999997 0.7551
-3620.7086995384702 0.0914 0.17419999999999997 0.7343999999999999
-3620.6854867141014 0.0914 0.19489999999999996 0.7137
-3625.4857704650867 0.0914 0.21559999999999996 0.6930000000000001
-3623.291881563197 0.0914 0.23629999999999995 0.6723
-3620.110107988199 0.0914 0.25699999999999995 0.6516
-3592.018740939757 0.0914 0.27769999999999995 0.6309
-3567.2835610598368 0.0914 0.29839999999999994 0.6102000000000001
-3540.5291771253796 0.0914 0.31909999999999994 0.5895
-3517.1005386322213 0.0914 0.33979999999999994 0.5688
-3491.9976645898437 0.0914 0.36049999999999993 0.5481
-3464.647869075432 0.0914 0.38119999999999993 0.5274000000000001
-3440.1039272806397 0.0914 0.4018999999999999 0.5067
-3410.2971937097777 0.0914 0.4225999999999999 0.48600000000000004
-3387.5142509821458 0.0914 0.4432999999999999 0.46530000000000005
-3366.755753315171 0.0914 0.4639999999999999 0.44460000000000005
-3336.817051555092 0.0914 0.4846999999999999 0.42390000000000005
-3311.4083541043324 0.0914 0.5054 0.4032
-3284.3112277672453 0.0914 0.5260999999999999 0.38250000000000006
-3258.3379377747533 0.0914 0.5468 0.3618
-3226.032703244381 0.0914 0.5674999999999999 0.34110000000000007
-3210.805246609704 0.0914 0.5882 0.3204
-3181.667044086923 0.0914 0.6089 0.29969999999999997
-3149.4964605064943 0.0914 0.6295999999999999 0.279
-3124.8282116484384 0.0914 0.6502999999999999 0.2583000000000001
-3097.185394126766 0.0914 0.6709999999999999 0.23760000000000003
-3070.875615163729 0.0914 0.6917 0.21689999999999998
-3041.938540514437 0.0914 0.7123999999999999 0.19620000000000004
-3015.424433984415 0.0914 0.7330999999999999 0.1755000000000001
-2987.2161056310765 0.0914 0.7537999999999999 0.15480000000000005
-2959.546720019367 0.0914 0.7745 0.1341
-2933.7006188590753 0.0914 0.7951999999999999 0.11340000000000006
-2902.160711515235 0.0914 0.8158999999999998 0.09270000000000012
-2875.347933678217 0.0914 0.8365999999999999 0.07200000000000006
-2848.1153051716883 0.0914 0.8573 0.05130000000000001
-2817.8092630474357 0.0914 0.8779999999999999 0.03060000000000007
