-6919.555957912551 0.8785 0.001 0.12050000000000005
-6898.481380451457 0.8785 0.0235 0.09800000000000006
-6879.942873673285 0.8785 0.046 0.07550000000000005
-6862.526521402794 0.8785 0.0685 0.05300000000000005
-6840.21419972809 0.8785 0.091 0.030500000000000055
-6809.131435379794 0.8785 0.121 0.000500000000000056
-7014.083664642844 0.9009999999999999 0.001 0.09800000000000009
-6993.206860082268 0.9009999999999999 0.0235 0.0755000000000001
-6973.881243521931 0.9009999999999999 0.046 0.05300000000000009
-6954.638111486194 0.9009999999999999 0.0685 0.030500000000000083
-6924.564681196393 0.9009999999999999 0.099 8.326672684688674e-17
-7108.564301751225 0.9235 0.001 0.07550000000000001
-7087.3551334420545 0.9235 0.0235 0.05300000000000001
-7067.087646930479 0.9235 0.046 0.030500000000000013
-7037.357903109527 0.9235 0.076 0.0005000000000000143
