-3495.8715861921014 0.0685 0.001 0.9305
-3483.3355762824035 0.0685 0.0235 0.908
-3470.5920937566216 0.0685 0.046 0.8855
-3458.222362903154 0.0685 0.0685 0.863
-3445.581338961076 0.0685 0.091 0.8405
-3432.6259477976587 0.0685 0.11349999999999999 0.8180000000000001
-3418.490622550635 0.0685 0.136 0.7955
-3405.3737884371076 0.0685 0.1585 0.773
-3393.785703765439 0.0685 0.181 0.7505
-3375.44589691283 0.0685 0.2035 0.728
-3357.1562405208256 0.0685 0.22599999999999998 0.7055
-3339.5522123646633 0.0685 0.2485 0.683
-3321.7066021692153 0.0685 0.271 0.6605
-3304.266753907816 0.0685 0.2935 0.638
-3288.190767648512 0.0685 0.316 0.6154999999999999
-3270.5013992815493 0.0685 0.33849999999999997 0.593
-3252.3960835201774 0.0685 0.361 0.5705
-3234.322852183797 0.0685 0.3835 0.548
-3216.8601804373116 0.0685 0.40599999999999997 0.5255000000000001
-3198.548320100894 0.0685 0.4285 0.503
-3178.5164678779283 0.0685 0.45099999999999996 0.48050000000000004
-3157.3949807834747 0.0685 0.4735 0.458
-3137.83672476291 0.0685 0.496 0.4355
-3116.102286421741 0.0685 0.5185 0.41300000000000003
-3094.0443631904463 0.0685 0.541 0.39049999999999996
-3073.8471148741546 0.0685 0.5635 0.368
-3053.366674304522 0.0685 0.586 0.34550000000000003
-3031.289414854349 0.0685 0.6084999999999999 0.32300000000000006
-3010.3684315864 0.0685 0.631 0.3005
-2988.7893509581013 0.0685 0.6535 0.278
-2968.859712948056 0.0685 0.6759999999999999 0.25550000000000006
-2944.200198781341 0.0685 0.6985 0.23299999999999998
-2918.6846109450144 0.0685 0.721 0.21050000000000002
-2893.72511851127 0.0685 0.7434999999999999 0.18800000000000006
-2869.251233090978 0.0685 0.766 0.16549999999999998
-2843.9447832917504 0.0685 0.7885 0.14300000000000002
-2821.3421669653953 0.0685 0.8109999999999999 0.12050000000000005
-2795.473208269103 0.0685 0.8335 0.09799999999999998
-2770.558939410458 0.0685 0.856 0.07550000000000001
-2746.1523291522844 0.0685 0.8785 0.05300000000000005
-2721.249551107622 0.0685 0.9009999999999999 0.030500000000000083
-2689.857368007794 0.0685 0.931 0.0004999999999999449
-3591.7801903666627 0.091 0.001 0.908
-3578.9595372392755 0.091 0.0235 0.8855000000000001
-3566.534793368305 0.091 0.046 0.863
-3554.0970788142095 0.091 0.0685 0.8405
-3541.6880543827533 0.091 0.091 0.8180000000000001
-3529.025190711629 0.091 0.11349999999999999 0.7955000000000001
-3514.3783337376217 0.091 0.136 0.773
-3504.2963320795575 0.091 0.1585 0.7505000000000001
-3484.7160762513963 0.091 0.181 0.728
-3467.655526809786 0.091 0.2035 0.7055
-3450.190070597741 0.091 0.22599999999999998 0.683
-3433.2355814977086 0.091 0.2485 0.6605000000000001
-3416.13070232422 0.091 0.271 0.638
-3399.605288156889 0.091 0.2935 0.6155
-3382.148922992256 0.091 0.316 0.593
-3364.4224615395974 0.091 0.33849999999999997 0.5705
-3346.7038022312686 0.091 0.361 0.548
-3329.2735980494663 0.091 0.3835 0.5255000000000001
-3311.492328945056 0.091 0.40599999999999997 0.5030000000000001
-3290.055394528168 0.091 0.4285 0.48050000000000004
-3268.7874699721574 0.091 0.45099999999999996 0.4580000000000001
-3247.658815432817 0.091 0.4735 0.43550000000000005
-3226.8220096724062 0.091 0.496 0.41300000000000003
-3207.8514593942023 0.091 0.5185 0.39050000000000007
-3186.8047473706824 0.091 0.541 0.368
-3164.2625964564504 0.091 0.5635 0.34550000000000003
-3143.138787310524 0.091 0.586 0.32300000000000006
-3121.6374551521067 0.091 0.6084999999999999 0.3005000000000001
-3100.733908844502 0.091 0.631 0.278
-3080.802360054792 0.091 0.6535 0.25550000000000006
-3055.464275871721 0.091 0.6759999999999999 0.2330000000000001
-3031.1235666151897 0.091 0.6985 0.21050000000000002
-3007.91913061182 0.091 0.721 0.18800000000000006
-2980.789607910875 0.091 0.7434999999999999 0.1655000000000001
-2957.562634144549 0.091 0.766 0.14300000000000002
-2935.34210922032 0.091 0.7885 0.12050000000000005
-2911.015800810115 0.091 0.8109999999999999 0.09800000000000009
-2885.3296077058862 0.091 0.8335 0.07550000000000001
-2860.4823746800307 0.091 0.856 0.05300000000000005
-2835.284807679263 0.091 0.8785 0.030500000000000083
-2804.790978405978 0.091 0.908 0.0010000000000000009
-3686.3048547617823 0.11349999999999999 0.001 0.8855000000000001
-3674.651431787653 0.11349999999999999 0.0235 0.8630000000000001
-3662.28623986068 0.11349999999999999 0.046 0.8405
-3649.886369287983 0.11349999999999999 0.0685 0.8180000000000001
-3637.4631184718933 0.11349999999999999 0.091 0.7955000000000001
-3624.714186805589 0.11349999999999999 0.11349999999999999 0.7730000000000001
-3609.6783498110335 0.11349999999999999 0.136 0.7505000000000001
-3594.490129905211 0.11349999999999999 0.1585 0.7280000000000001
-3578.541683150127 0.11349999999999999 0.181 0.7055
-3560.317467919487 0.11349999999999999 0.2035 0.683
-3545.03567825296 0.11349999999999999 0.22599999999999998 0.6605000000000001
-3526.956959365042 0.11349999999999999 0.2485 0.6380000000000001
-3510.2388295457454 0.11349999999999999 0.271 0.6155
-3493.418631694455 0.11349999999999999 0.2935 0.5930000000000001
-3476.168482846869 0.11349999999999999 0.316 0.5705
-3458.010769181567 0.11349999999999999 0.33849999999999997 0.548
-3440.4344678112966 0.11349999999999999 0.361 0.5255000000000001
-3423.2916946390437 0.11349999999999999 0.3835 0.5030000000000001
-3402.417327573232 0.11349999999999999 0.40599999999999997 0.4805000000000001
-3380.173493984783 0.11349999999999999 0.4285 0.4580000000000001
-3362.773032553537 0.11349999999999999 0.45099999999999996 0.4355000000000001
-3342.7028864448675 0.11349999999999999 0.4735 0.4130000000000001
-3321.4665530258303 0.11349999999999999 0.496 0.39050000000000007
-3300.3413979708516 0.11349999999999999 0.5185 0.3680000000000001
-3278.8905292384156 0.11349999999999999 0.541 0.34550000000000003
-3257.2651680588406 0.11349999999999999 0.5635 0.32300000000000006
-3235.055700378712 0.11349999999999999 0.586 0.3005000000000001
-3214.9273072454607 0.11349999999999999 0.6084999999999999 0.27800000000000014
-3192.7026044766094 0.11349999999999999 0.631 0.25550000000000006
-3168.987593775569 0.11349999999999999 0.6535 0.2330000000000001
-3143.218580126499 0.11349999999999999 0.6759999999999999 0.21050000000000013
-3123.0475677819313 0.11349999999999999 0.6985 0.18800000000000006
-3098.355787066183 0.11349999999999999 0.721 0.1655000000000001
-3074.7649975676777 0.11349999999999999 0.7434999999999999 0.14300000000000013
-3049.1800586851487 0.11349999999999999 0.766 0.12050000000000005
-3024.6817660519955 0.11349999999999999 0.7885 0.09800000000000009
-2999.2711393725886 0.11349999999999999 0.8109999999999999 0.07550000000000012
-2974.001876770464 0.11349999999999999 0.8335 0.05300000000000005
-2949.372456755073 0.11349999999999999 0.856 0.030500000000000083
-2917.9028326192088 0.11349999999999999 0.886 0.000500000000000056
