-5781.007734827059 0.6084999999999999 0.001 0.39050000000000007
-5766.962170454113 0.6084999999999999 0.0235 0.36800000000000005
-5748.850436731446 0.6084999999999999 0.046 0.3455000000000001
-5732.358624263946 0.6084999999999999 0.0685 0.32300000000000006
-5715.736612118479 0.6084999999999999 0.091 0.3005000000000001
-5697.6290186027545 0.6084999999999999 0.11349999999999999 0.2780000000000001
-5681.195167549006 0.6084999999999999 0.136 0.25550000000000006
-5664.045200059265 0.6084999999999999 0.1585 0.23300000000000007
-5646.767609153754 0.6084999999999999 0.181 0.21050000000000008
-5626.054305120907 0.6084999999999999 0.2035 0.18800000000000008
-5604.776425986088 0.6084999999999999 0.22599999999999998 0.1655000000000001
-5584.035995048882 0.6084999999999999 0.2485 0.14300000000000007
-5562.702678756276 0.6084999999999999 0.271 0.12050000000000005
-5542.029458074189 0.6084999999999999 0.2935 0.09800000000000009
-5517.7809296691 0.6084999999999999 0.316 0.07550000000000007
-5493.464583809115 0.6084999999999999 0.33849999999999997 0.0530000000000001
-5468.1750166312695 0.6084999999999999 0.361 0.030500000000000083
-5435.383534472387 0.6084999999999999 0.391 0.000500000000000056
-5875.738299337032 0.631 0.001 0.368
-5862.1482899350085 0.631 0.0235 0.3455
-5843.078419244665 0.631 0.046 0.323
-5826.1391457655245 0.631 0.0685 0.3005
-5809.844442477558 0.631 0.091 0.278
-5793.345118370759 0.631 0.11349999999999999 0.2555
-5775.284797881128 0.631 0.136 0.23299999999999998
-5758.093453210132 0.631 0.1585 0.2105
-5739.044583563916 0.631 0.181 0.188
-5718.330190810858 0.631 0.2035 0.1655
-5697.455168337841 0.631 0.22599999999999998 0.14300000000000002
-5676.448542453367 0.631 0.2485 0.1205
-5655.974037753709 0.631 0.271 0.09799999999999998
-5631.437400447376 0.631 0.2935 0.07550000000000001
-5606.996509481682 0.631 0.316 0.05299999999999999
-5582.7541900656815 0.631 0.33849999999999997 0.030500000000000027
-5549.798498252878 0.631 0.368 0.0010000000000000009
-5971.116377111591 0.6535 0.001 0.34550000000000003
-5952.620702580494 0.6535 0.0235 0.323
-5937.344368210476 0.6535 0.046 0.30050000000000004
-5921.12654196151 0.6535 0.0685 0.278
-5904.328565370125 0.6535 0.091 0.25550000000000006
-5887.6697212548215 0.6535 0.11349999999999999 0.23300000000000004
-5870.467506015928 0.6535 0.136 0.21050000000000002
-5852.211657660964 0.6535 0.1585 0.18800000000000003
-5832.232991711314 0.6535 0.181 0.16550000000000004
-5811.11757561435 0.6535 0.2035 0.14300000000000004
-5789.760978217967 0.6535 0.22599999999999998 0.12050000000000005
-5769.143885116206 0.6535 0.2485 0.09800000000000003
-5746.319414681081 0.6535 0.271 0.07550000000000001
-5722.032633122409 0.6535 0.2935 0.05300000000000005
-5697.939851550596 0.6535 0.316 0.030500000000000027
-5664.69213665366 0.6535 0.34600000000000003 0.0005000000000000004
