-3209.7067173742134 0.001 0.001 0.998
-3195.3455063763895 0.001 0.0235 0.9755
-3182.002212333619 0.001 0.046 0.953
-3168.2349477219636 0.001 0.0685 0.9305
-3154.6271301331335 0.001 0.091 0.908
-3141.075240562111 0.001 0.11349999999999999 0.8855
-3127.4215369317853 0.001 0.136 0.863
-3113.327182921608 0.001 0.1585 0.8405
-3098.9538593216303 0.001 0.181 0.8180000000000001
-3086.237085758148 0.001 0.2035 0.7955
-3071.3936973497625 0.001 0.22599999999999998 0.773
-3057.9410674697033 0.001 0.2485 0.7505
-3041.8766735188633 0.001 0.271 0.728
-3023.8825500171433 0.001 0.2935 0.7055
-3005.891423167922 0.001 0.316 0.683
-2988.8389225903347 0.001 0.33849999999999997 0.6605000000000001
-2970.9972425645483 0.001 0.361 0.638
-2953.0151347616174 0.001 0.3835 0.6154999999999999
-2934.355479941769 0.001 0.40599999999999997 0.593
-2916.927831755305 0.001 0.4285 0.5705
-2900.3255179792914 0.001 0.45099999999999996 0.548
-2883.3957043325872 0.001 0.4735 0.5255000000000001
-2864.39055204873 0.001 0.496 0.503
-2842.209962716068 0.001 0.5185 0.48050000000000004
-2823.471693329616 0.001 0.541 0.45799999999999996
-2802.252435697944 0.001 0.5635 0.4355
-2779.472783022757 0.001 0.586 0.41300000000000003
-2758.6511909866954 0.001 0.6084999999999999 0.39050000000000007
-2737.500352509501 0.001 0.631 0.368
-2716.259791667795 0.001 0.6535 0.34550000000000003
-2694.501557182564 0.001 0.6759999999999999 0.32300000000000006
-2673.786524540795 0.001 0.6985 0.3005
-2653.0185071430305 0.001 0.721 0.278
-2630.576665589787 0.001 0.7434999999999999 0.25550000000000006
-2608.2431979769694 0.001 0.766 0.23299999999999998
-2583.003579586189 0.001 0.7885 0.21050000000000002
-2557.570949198666 0.001 0.8109999999999999 0.18800000000000006
-2531.918844953386 0.001 0.8335 0.16549999999999998
-2507.1497031741656 0.001 0.856 0.14300000000000002
-2482.3438563648174 0.001 0.8785 0.12050000000000005
-2456.65799580247 0.001 0.9009999999999999 0.09800000000000009
-2431.8879252099036 0.001 0.9235 0.07550000000000001
-2406.8993595926736 0.001 0.946 0.05300000000000005
-2382.939331943809 0.001 0.9684999999999999 0.030500000000000083
-2352.1954478618068 0.001 0.998 0.0010000000000000009
-3304.3827890618318 0.0235 0.001 0.9755
-3291.6496815413484 0.0235 0.0235 0.9530000000000001
-3278.94348122263 0.0235 0.046 0.9305
-3265.9313369419265 0.0235 0.0685 0.908
-3252.2956318618867 0.0235 0.091 0.8855000000000001
-3238.9642096318653 0.0235 0.11349999999999999 0.863
-3225.290612038036 0.0235 0.136 0.8405
-3210.9353467801343 0.0235 0.1585 0.8180000000000001
-3197.2613862756657 0.0235 0.181 0.7955000000000001
-3183.596936764558 0.0235 0.2035 0.773
-3169.050675392979 0.0235 0.22599999999999998 0.7505000000000001
-3152.22594865782 0.0235 0.2485 0.728
-3134.7395899026023 0.0235 0.271 0.7055
-3117.210931997416 0.0235 0.2935 0.683
-3098.7588663323613 0.0235 0.316 0.6605000000000001
-3081.4802055931746 0.0235 0.33849999999999997 0.6380000000000001
-3063.9026104919353 0.0235 0.361 0.6155
-3046.6672923110896 0.0235 0.3835 0.593
-3028.7224243386786 0.0235 0.40599999999999997 0.5705
-3011.626431186249 0.0235 0.4285 0.548
-2991.632051647157 0.0235 0.45099999999999996 0.5255000000000001
-2977.0620347490353 0.0235 0.4735 0.5030000000000001
-2954.9404641448104 0.0235 0.496 0.48050000000000004
-2934.065476475095 0.0235 0.5185 0.4580000000000001
-2913.050845519527 0.0235 0.541 0.4355
-2890.9226814572767 0.0235 0.5635 0.41300000000000003
-2870.600780346978 0.0235 0.586 0.39050000000000007
-2847.5186201223487 0.0235 0.6084999999999999 0.3680000000000001
-2827.34840762188 0.0235 0.631 0.34550000000000003
-2806.127513176373 0.0235 0.6535 0.32300000000000006
-2784.584687578656 0.0235 0.6759999999999999 0.3005000000000001
-2764.219613264877 0.0235 0.6985 0.278
-2742.136094695734 0.0235 0.721 0.25550000000000006
-2718.7071751904637 0.0235 0.7434999999999999 0.2330000000000001
-2694.455027531204 0.0235 0.766 0.21050000000000002
-2668.4044909785252 0.0235 0.7885 0.18800000000000006
-2644.3621309570335 0.0235 0.8109999999999999 0.1655000000000001
-2618.989143516502 0.0235 0.8335 0.14300000000000002
-2594.037336909156 0.0235 0.856 0.12050000000000005
-2569.1125036756066 0.0235 0.8785 0.09800000000000009
-2543.7598780910143 0.0235 0.9009999999999999 0.07550000000000012
-2517.6486620192 0.0235 0.9235 0.05300000000000005
-2494.3108363450388 0.0235 0.946 0.030500000000000083
-2463.0596967760303 0.0235 0.976 0.000500000000000056
-3400.05853538739 0.046 0.001 0.953
-3387.3720433784565 0.046 0.0235 0.9305
-3374.6586149048408 0.046 0.046 0.9079999999999999
-3362.2500608699515 0.046 0.0685 0.8855
-3349.434505479744 0.046 0.091 0.863
-3335.8770902396773 0.046 0.11349999999999999 0.8405
-3322.6003935239933 0.046 0.136 0.818
-3309.712769132639 0.046 0.1585 0.7955
-3295.5955208553623 0.046 0.181 0.7729999999999999
-3280.6339987069955 0.046 0.2035 0.7505
-3263.7593348460073 0.046 0.22599999999999998 0.728
-3245.813253586723 0.046 0.2485 0.7055
-3228.0402966881225 0.046 0.271 0.6829999999999999
-3210.9814493927934 0.046 0.2935 0.6605
-3193.9503625330526 0.046 0.316 0.6379999999999999
-3175.4848222573123 0.046 0.33849999999999997 0.6154999999999999
-3157.8962321139365 0.046 0.361 0.593
-3141.10091384944 0.046 0.3835 0.5705
-3123.583108868242 0.046 0.40599999999999997 0.548
-3105.1374055787637 0.046 0.4285 0.5255
-3088.6431871278073 0.046 0.45099999999999996 0.503
-3067.057583918137 0.046 0.4735 0.4805
-3045.437386437531 0.046 0.496 0.45799999999999996
-3024.974399002449 0.046 0.5185 0.4355
-3002.295839296865 0.046 0.541 0.4129999999999999
-2981.581611400384 0.046 0.5635 0.39049999999999996
-2962.6090976096816 0.046 0.586 0.368
-2940.471795998107 0.046 0.6084999999999999 0.34550000000000003
-2919.094249449971 0.046 0.631 0.32299999999999995
-2897.098296114179 0.046 0.6535 0.3005
-2876.6358732519475 0.046 0.6759999999999999 0.278
-2855.2902565759528 0.046 0.6985 0.25549999999999995
-2830.300975903299 0.046 0.721 0.23299999999999998
-2806.8744294659414 0.046 0.7434999999999999 0.21050000000000002
-2781.36193258304 0.046 0.766 0.18799999999999994
-2756.859707317388 0.046 0.7885 0.16549999999999998
-2731.5684138014767 0.046 0.8109999999999999 0.14300000000000002
-2706.38243636747 0.046 0.8335 0.12049999999999994
-2683.3025539530036 0.046 0.856 0.09799999999999998
-2657.5939471427687 0.046 0.8785 0.07550000000000001
-2632.4187410916925 0.046 0.9009999999999999 0.05300000000000005
-2608.4231622639654 0.046 0.9235 0.03049999999999997
-2577.79020734768 0.046 0.9530000000000001 0.0009999999999998899
