-6636.737971743596 0.8109999999999999 0.001 0.18800000000000006
-6615.12432178451 0.8109999999999999 0.0235 0.16550000000000006
-6596.393249765819 0.8109999999999999 0.046 0.14300000000000007
-6581.573778690274 0.8109999999999999 0.0685 0.12050000000000005
-6562.358323654138 0.8109999999999999 0.091 0.09800000000000006
-6541.917385134691 0.8109999999999999 0.11349999999999999 0.07550000000000007
-6521.284354935286 0.8109999999999999 0.136 0.05300000000000005
-6497.428861849438 0.8109999999999999 0.1585 0.030500000000000055
-6465.774224886969 0.8109999999999999 0.189 5.551115123125783e-17
-6730.797466961529 0.8335 0.001 0.16549999999999998
-6709.387595347653 0.8335 0.0235 0.143
-6690.882295461798 0.8335 0.046 0.12049999999999998
-6675.66357840292 0.8335 0.0685 0.09799999999999998
-6655.357811172826 0.8335 0.091 0.07549999999999998
-6635.356033158798 0.8335 0.11349999999999999 0.05299999999999999
-6611.516041828161 0.8335 0.136 0.03049999999999997
-6580.361129439381 0.8335 0.166 0.0004999999999999727
-6825.162732963058 0.856 0.001 0.14300000000000002
-6803.7972592913675 0.856 0.0235 0.12050000000000002
-6787.810723314596 0.856 0.046 0.09800000000000002
-6768.37833480891 0.856 0.0685 0.07550000000000001
-6748.468223693078 0.856 0.091 0.05300000000000002
-6726.727647546116 0.856 0.11349999999999999 0.030500000000000027
-6695.996302864983 0.856 0.14300000000000002 0.0010000000000000009
