-4921.981216134751 0.40599999999999997 0.001 0.5930000000000001
-4911.419196700134 0.40599999999999997 0.0235 0.5705000000000001
-4898.39990864419 0.40599999999999997 0.046 0.548
-4884.399391360402 0.40599999999999997 0.0685 0.5255000000000001
-4868.981523670531 0.40599999999999997 0.091 0.5030000000000001
-4850.132772018962 0.40599999999999997 0.11349999999999999 0.4805000000000001
-4835.446888845441 0.40599999999999997 0.136 0.4580000000000001
-4815.956016409073 0.40599999999999997 0.1585 0.4355000000000001
-4799.520551849548 0.40599999999999997 0.181 0.4130000000000001
-4781.101608124975 0.40599999999999997 0.2035 0.39050000000000007
-4763.844562425766 0.40599999999999997 0.22599999999999998 0.3680000000000001
-4746.364441370647 0.40599999999999997 0.2485 0.3455000000000001
-4728.749208991128 0.40599999999999997 0.271 0.32300000000000006
-4708.369851491785 0.40599999999999997 0.2935 0.3005000000000001
-4689.535654122602 0.40599999999999997 0.316 0.2780000000000001
-4667.850891776615 0.40599999999999997 0.33849999999999997 0.2555000000000001
-4647.4183615545435 0.40599999999999997 0.361 0.2330000000000001
-4625.802981247261 0.40599999999999997 0.3835 0.21050000000000008
-4604.453527173502 0.40599999999999997 0.40599999999999997 0.1880000000000001
-4583.166908718736 0.40599999999999997 0.4285 0.1655000000000001
-4561.785285861242 0.40599999999999997 0.45099999999999996 0.14300000000000013
-4537.500208483899 0.40599999999999997 0.4735 0.12050000000000011
-4512.950157457682 0.40599999999999997 0.496 0.09800000000000009
-4488.667040593468 0.40599999999999997 0.5185 0.07550000000000012
-4463.117201742766 0.40599999999999997 0.541 0.05300000000000005
-4437.651910058318 0.40599999999999997 0.5635 0.030500000000000083
-4405.918927388859 0.40599999999999997 0.594 1.1102230246251565e-16
-5018.626223585282 0.4285 0.001 0.5705
-5004.780807228062 0.4285 0.0235 0.548
-4991.413345452856 0.4285 0.046 0.5255
-4979.673761147707 0.4285 0.0685 0.503
-4960.604933927495 0.4285 0.091 0.48050000000000004
-4945.655035795761 0.4285 0.11349999999999999 0.458
-4926.692308818607 0.4285 0.136 0.4355
-4909.24966110293 0.4285 0.1585 0.41300000000000003
-4893.660287534745 0.4285 0.181 0.3905
-4876.22659251405 0.4285 0.2035 0.368
-4857.859202878236 0.4285 0.22599999999999998 0.34550000000000003
-4840.55634869545 0.4285 0.2485 0.323
-4822.871190837146 0.4285 0.271 0.3005
-4802.95899278086 0.4285 0.2935 0.278
-4781.908748935396 0.4285 0.316 0.2555
-4761.303034049248 0.4285 0.33849999999999997 0.23300000000000004
-4739.620522770177 0.4285 0.361 0.21050000000000002
-4717.5011337600945 0.4285 0.3835 0.188
-4697.082388441925 0.4285 0.40599999999999997 0.16550000000000004
-4675.58969544008 0.4285 0.4285 0.14300000000000002
-4651.485083099367 0.4285 0.45099999999999996 0.12050000000000005
-4626.873980815929 0.4285 0.4735 0.09800000000000003
-4602.535576258305 0.4285 0.496 0.07550000000000001
-4576.896138417602 0.4285 0.5185 0.05300000000000005
-4551.1372836234605 0.4285 0.541 0.03049999999999997
-4519.758156959167 0.4285 0.5710000000000001 0.0004999999999999449
-5114.867017361156 0.45099999999999996 0.001 0.548
-5102.139752193586 0.45099999999999996 0.0235 0.5255000000000001
-5085.358398401829 0.45099999999999996 0.046 0.503
-5073.594644250313 0.45099999999999996 0.0685 0.48050000000000004
-5055.60212167087 0.45099999999999996 0.091 0.4580000000000001
-5040.612299374266 0.45099999999999996 0.11349999999999999 0.43550000000000005
-5021.078576238847 0.45099999999999996 0.136 0.41300000000000003
-5005.174685868314 0.45099999999999996 0.1585 0.39050000000000007
-4987.044773064156 0.45099999999999996 0.181 0.36800000000000005
-4969.627552354176 0.45099999999999996 0.2035 0.34550000000000003
-4951.787790742463 0.45099999999999996 0.22599999999999998 0.32300000000000006
-4934.7623558749065 0.45099999999999996 0.2485 0.30050000000000004
-4915.884647530698 0.45099999999999996 0.271 0.278
-4895.298406241103 0.45099999999999996 0.2935 0.25550000000000006
-4874.1912624137985 0.45099999999999996 0.316 0.23300000000000004
-4853.191035713333 0.45099999999999996 0.33849999999999997 0.21050000000000008
-4832.195473437039 0.45099999999999996 0.361 0.18800000000000006
-4810.332364541569 0.45099999999999996 0.3835 0.16550000000000004
-4789.794207892785 0.45099999999999996 0.40599999999999997 0.14300000000000007
-4765.298313643088 0.45099999999999996 0.4285 0.12050000000000005
-4741.91249910171 0.45099999999999996 0.45099999999999996 0.09800000000000009
-4717.506075552568 0.45099999999999996 0.4735 0.07550000000000007
-4692.8870675432845 0.45099999999999996 0.496 0.05300000000000005
-4666.978226789205 0.45099999999999996 0.5185 0.030500000000000083
-4635.608903288663 0.45099999999999996 0.548 0.0010000000000000009
