-5495.13706419216 0.541 0.001 0.45799999999999996
-5481.913055598131 0.541 0.0235 0.43549999999999994
-5464.602857995205 0.541 0.046 0.413
-5451.32175611084 0.541 0.0685 0.39049999999999996
-5432.853540691574 0.541 0.091 0.368
-5415.904908820647 0.541 0.11349999999999999 0.3455
-5398.842492177242 0.541 0.136 0.32299999999999995
-5381.8353054258 0.541 0.1585 0.3005
-5363.269136444817 0.541 0.181 0.27799999999999997
-5346.29352077072 0.541 0.2035 0.25549999999999995
-5327.175050457024 0.541 0.22599999999999998 0.23299999999999998
-5307.455350618795 0.541 0.2485 0.21049999999999996
-5286.328418371851 0.541 0.271 0.18799999999999994
-5264.84107617332 0.541 0.2935 0.16549999999999998
-5243.1668774748905 0.541 0.316 0.14299999999999996
-5221.49379164882 0.541 0.33849999999999997 0.1205
-5198.97913339343 0.541 0.361 0.09799999999999998
-5175.047768965182 0.541 0.3835 0.07549999999999996
-5149.693405296638 0.541 0.40599999999999997 0.05299999999999999
-5124.920395742096 0.541 0.4285 0.03049999999999997
-5092.599273961067 0.541 0.458 0.0009999999999999454
-5590.342822975161 0.5635 0.001 0.4355
-5577.208816390864 0.5635 0.0235 0.413
-5562.31335372982 0.5635 0.046 0.3905
-5543.694397715696 0.5635 0.0685 0.368
-5527.130860249436 0.5635 0.091 0.34550000000000003
-5510.6027988365295 0.5635 0.11349999999999999 0.323
-5491.799440013716 0.5635 0.136 0.3005
-5475.723709711899 0.5635 0.1585 0.278
-5458.240464127029 0.5635 0.181 0.2555
-5441.066428899639 0.5635 0.2035 0.233
-5419.58630914344 0.5635 0.22599999999999998 0.21050000000000002
-5398.75142093502 0.5635 0.2485 0.188
-5377.928036764363 0.5635 0.271 0.16549999999999998
-5356.576804343348 0.5635 0.2935 0.14300000000000002
-5335.844345345467 0.5635 0.316 0.1205
-5313.207801486425 0.5635 0.33849999999999997 0.09800000000000003
-5288.770313574408 0.5635 0.361 0.07550000000000001
-5264.484301048818 0.5635 0.3835 0.05299999999999999
-5238.996859301651 0.5635 0.40599999999999997 0.030500000000000027
-5206.878414393024 0.5635 0.436 0.0005000000000000004
-5683.861472443754 0.586 0.001 0.41300000000000003
-5670.029626558127 0.586 0.0235 0.3905
-5657.049400684113 0.586 0.046 0.36800000000000005
-5637.061321897794 0.586 0.0685 0.34550000000000003
-5620.798630399409 0.586 0.091 0.32300000000000006
-5604.529945253433 0.586 0.11349999999999999 0.30050000000000004
-5586.6160904941735 0.586 0.136 0.278
-5570.217499877441 0.586 0.1585 0.25550000000000006
-5551.594725621455 0.586 0.181 0.23300000000000004
-5532.871580515149 0.586 0.2035 0.21050000000000005
-5512.911440424487 0.586 0.22599999999999998 0.18800000000000006
-5491.595342494636 0.586 0.2485 0.16550000000000004
-5470.27617108562 0.586 0.271 0.14300000000000002
-5450.239045689696 0.586 0.2935 0.12050000000000005
-5427.117948055112 0.586 0.316 0.09800000000000003
-5402.850626060709 0.586 0.33849999999999997 0.07550000000000007
-5378.74936943044 0.586 0.361 0.05300000000000005
-5353.896090767991 0.586 0.3835 0.030500000000000027
-5321.936636040091 0.586 0.41300000000000003 0.0010000000000000009
