-5602.274847698965 0.5468 0.05 0.40320000000000006
-5615.741541241126 0.5468 0.0707 0.38250000000000006
-5626.466171005096 0.5468 0.0914 0.36180000000000007
-5637.883864486844 0.5468 0.11209999999999999 0.34110000000000007
-5643.456230673112 0.5468 0.13279999999999997 0.3204000000000001
-5647.036731925376 0.5468 0.15349999999999997 0.2997000000000001
-5642.157127950167 0.5468 0.17419999999999997 0.2790000000000001
-5632.901307697485 0.5468 0.19489999999999996 0.2583000000000001
-5626.214550684087 0.5468 0.21559999999999996 0.2376000000000001
-5612.843548201473 0.5468 0.23629999999999995 0.2169000000000001
-5601.807549088128 0.5468 0.25699999999999995 0.1962000000000001
-5590.611154416137 0.5468 0.27769999999999995 0.1755000000000001
-5573.264270935434 0.5468 0.29839999999999994 0.1548000000000001
-5558.246018919873 0.5468 0.31909999999999994 0.1341000000000001
-5538.511415029852 0.5468 0.33979999999999994 0.11340000000000011
-5513.950520627596 0.5468 0.36049999999999993 0.09270000000000012
-5489.151995565247 0.5468 0.38119999999999993 0.07200000000000012
-5461.6530443220445 0.5468 0.4018999999999999 0.05130000000000012
-5433.486090775479 0.5468 0.4225999999999999 0.030600000000000127
-5687.067724484337 0.5674999999999999 0.05 0.3825000000000001
-5701.000772210365 0.5674999999999999 0.0707 0.3618000000000001
-5712.152326757109 0.5674999999999999 0.0914 0.3411000000000001
-5721.972775169993 0.5674999999999999 0.11209999999999999 0.32040000000000013
-5727.379950249354 0.5674999999999999 0.13279999999999997 0.29970000000000013
-5725.377752870247 0.5674999999999999 0.15349999999999997 0.27900000000000014
-5720.394165866376 0.5674999999999999 0.17419999999999997 0.25830000000000014
-5711.9017168987575 0.5674999999999999 0.19489999999999996 0.23760000000000014
-5701.486019486393 0.5674999999999999 0.21559999999999996 0.21690000000000015
-5690.633820725832 0.5674999999999999 0.23629999999999995 0.19620000000000015
-5677.909859564856 0.5674999999999999 0.25699999999999995 0.17550000000000016
-5665.917545336145 0.5674999999999999 0.27769999999999995 0.15480000000000016
-5649.93132415638 0.5674999999999999 0.29839999999999994 0.13410000000000016
-5631.575436134718 0.5674999999999999 0.31909999999999994 0.11340000000000017
-5611.73854060878 0.5674999999999999 0.33979999999999994 0.09270000000000017
-5586.475777982767 0.5674999999999999 0.36049999999999993 0.07200000000000017
-5562.213406165094 0.5674999999999999 0.38119999999999993 0.05130000000000018
-5533.890560725477 0.5674999999999999 0.4018999999999999 0.030600000000000183
-5772.153970055922 0.5882 0.05 0.36180000000000007
-5785.963691827375 0.5882 0.0707 0.34110000000000007
-5795.559910352858 0.5882 0.0914 0.3204000000000001
-5805.602194446857 0.5882 0.11209999999999999 0.2997000000000001
-5807.407653589815 0.5882 0.13279999999999997 0.2790000000000001
-5804.9325813261 0.5882 0.15349999999999997 0.2583000000000001
-5800.43991008181 0.5882 0.17419999999999997 0.2376000000000001
-5789.05391459784 0.5882 0.19489999999999996 0.2169000000000001
-5780.401588266149 0.5882 0.21559999999999996 0.1962000000000001
-5764.803260867112 0.5882 0.23629999999999995 0.1755000000000001
-5753.261517931596 0.5882 0.25699999999999995 0.1548000000000001
-5743.4665471531835 0.5882 0.27769999999999995 0.1341000000000001
-5724.588471205673 0.5882 0.29839999999999994 0.11340000000000011
-5707.714955082053 0.5882 0.31909999999999994 0.09270000000000012
-5683.479403043666 0.5882 0.33979999999999994 0.07200000000000012
-5658.458124928277 0.5882 0.36049999999999993 0.05130000000000012
-5634.110072805988 0.5882 0.38119999999999993 0.030600000000000127
