-4820.661654317573 0.36049999999999993 0.05 0.5895
-4840.2598312415475 0.36049999999999993 0.0707 0.5688000000000001
-4858.315514597264 0.36049999999999993 0.0914 0.5481
-4872.629787245478 0.36049999999999993 0.11209999999999999 0.5274000000000001
-4890.611200517441 0.36049999999999993 0.13279999999999997 0.5067000000000002
-4901.530439783932 0.36049999999999993 0.15349999999999997 0.4860000000000001
-4910.1164863811655 0.36049999999999993 0.17419999999999997 0.4653000000000001
-4915.048738210663 0.36049999999999993 0.19489999999999996 0.4446000000000001
-4915.166354236513 0.36049999999999993 0.21559999999999996 0.4239000000000001
-4911.876508997254 0.36049999999999993 0.23629999999999995 0.4032000000000001
-4904.665935138725 0.36049999999999993 0.25699999999999995 0.3825000000000001
-4897.311436037036 0.36049999999999993 0.27769999999999995 0.3618000000000001
-4889.0861074614495 0.36049999999999993 0.29839999999999994 0.3411000000000001
-4879.344838604418 0.36049999999999993 0.31909999999999994 0.32040000000000013
-4868.111722257217 0.36049999999999993 0.33979999999999994 0.29970000000000013
-4851.147429344937 0.36049999999999993 0.36049999999999993 0.27900000000000014
-4837.313918782286 0.36049999999999993 0.38119999999999993 0.25830000000000014
-4814.708020038268 0.36049999999999993 0.4018999999999999 0.23760000000000014
-4793.132733324448 0.36049999999999993 0.4225999999999999 0.21690000000000015
-4770.07519562417 0.36049999999999993 0.4432999999999999 0.19620000000000015
-4743.071655380871 0.36049999999999993 0.4639999999999999 0.17550000000000016
-4714.042108948593 0.36049999999999993 0.4846999999999999 0.15480000000000016
-4682.636117076084 0.36049999999999993 0.5054 0.1341000000000001
-4647.846897497147 0.36049999999999993 0.5260999999999999 0.11340000000000017
-4611.601483974686 0.36049999999999993 0.5468 0.09270000000000012
-4574.81144875085 0.36049999999999993 0.5674999999999999 0.07200000000000017
-4534.867003686659 0.36049999999999993 0.5882 0.05130000000000012
-4492.19680621607 0.36049999999999993 0.6089 0.03060000000000007
-4907.486247767204 0.38119999999999993 0.05 0.5688
-4926.01574761575 0.38119999999999993 0.0707 0.5481
-4945.034391277346 0.38119999999999993 0.0914 0.5274
-4958.850148216588 0.38119999999999993 0.11209999999999999 0.5067
-4972.932726709218 0.38119999999999993 0.13279999999999997 0.48600000000000004
-4984.736368426813 0.38119999999999993 0.15349999999999997 0.46530000000000005
-4994.227410944726 0.38119999999999993 0.17419999999999997 0.44460000000000005
-4995.725588569407 0.38119999999999993 0.19489999999999996 0.42390000000000005
-4993.233990979009 0.38119999999999993 0.21559999999999996 0.40320000000000006
-4988.814423035842 0.38119999999999993 0.23629999999999995 0.38250000000000006
-4983.45909011922 0.38119999999999993 0.25699999999999995 0.36180000000000007
-4976.532551098937 0.38119999999999993 0.27769999999999995 0.34110000000000007
-4965.052818080198 0.38119999999999993 0.29839999999999994 0.3204000000000001
-4956.55410094963 0.38119999999999993 0.31909999999999994 0.2997000000000001
-4941.933965249515 0.38119999999999993 0.33979999999999994 0.2790000000000001
-4925.207734395492 0.38119999999999993 0.36049999999999993 0.2583000000000001
-4911.9310548796 0.38119999999999993 0.38119999999999993 0.2376000000000001
-4886.404633357905 0.38119999999999993 0.4018999999999999 0.2169000000000001
-4863.186355446615 0.38119999999999993 0.4225999999999999 0.1962000000000001
-4839.380695528085 0.38119999999999993 0.4432999999999999 0.1755000000000001
-4813.595351512434 0.38119999999999993 0.4639999999999999 0.1548000000000001
-4782.384629312472 0.38119999999999993 0.4846999999999999 0.1341000000000001
-4750.612685446357 0.38119999999999993 0.5054 0.11340000000000006
-4714.202076915417 0.38119999999999993 0.5260999999999999 0.09270000000000012
-4678.514460379323 0.38119999999999993 0.5468 0.07200000000000006
-4640.240390328206 0.38119999999999993 0.5674999999999999 0.05130000000000012
-4599.872632872616 0.38119999999999993 0.5882 0.03060000000000007
-4995.605679664134 0.4018999999999999 0.05 0.5481
-5015.01883775028 0.4018999999999999 0.0707 0.5274000000000001
-5032.0899493897805 0.4018999999999999 0.0914 0.5067
-5046.776721388152 0.4018999999999999 0.11209999999999999 0.4860000000000001
-5059.0928334333685 0.4018999999999999 0.13279999999999997 0.4653000000000001
-5071.223660588657 0.4018999999999999 0.15349999999999997 0.4446000000000001
-5076.61273233681 0.4018999999999999 0.17419999999999997 0.4239000000000001
-5077.60568305753 0.4018999999999999 0.19489999999999996 0.4032000000000001
-5075.241770286716 0.4018999999999999 0.21559999999999996 0.3825000000000001
-5065.2583478190545 0.4018999999999999 0.23629999999999995 0.3618000000000001
-5062.608574822684 0.4018999999999999 0.25699999999999995 0.3411000000000001
-5053.799791383731 0.4018999999999999 0.27769999999999995 0.32040000000000013
-5043.216423332182 0.4018999999999999 0.29839999999999994 0.29970000000000013
-5031.8116068230065 0.4018999999999999 0.31909999999999994 0.27900000000000014
-5017.904343653849 0.4018999999999999 0.33979999999999994 0.25830000000000014
-5002.077793865516 0.4018999999999999 0.36049999999999993 0.23760000000000014
-4983.575916028351 0.4018999999999999 0.38119999999999993 0.21690000000000015
-4961.889604360497 0.4018999999999999 0.4018999999999999 0.19620000000000015
-4938.015106408373 0.4018999999999999 0.4225999999999999 0.17550000000000016
-4913.049667225977 0.4018999999999999 0.4432999999999999 0.15480000000000016
-4883.332626904309 0.4018999999999999 0.4639999999999999 0.13410000000000016
-4853.351570060568 0.4018999999999999 0.4846999999999999 0.11340000000000017
-4818.517644083895 0.4018999999999999 0.5054 0.09270000000000012
-4783.928876456322 0.4018999999999999 0.5260999999999999 0.07200000000000017
-4747.387393508087 0.4018999999999999 0.5468 0.05130000000000012
-4708.2237666524 0.4018999999999999 0.5674999999999999 0.030600000000000183
