-5083.137301037654 0.4225999999999999 0.05 0.5274000000000001
-5099.705353932843 0.4225999999999999 0.0707 0.5067000000000002
-5115.721178955737 0.4225999999999999 0.0914 0.48600000000000015
-5130.7179143647345 0.4225999999999999 0.11209999999999999 0.46530000000000016
-5142.50737934905 0.4225999999999999 0.13279999999999997 0.44460000000000016
-5153.054998336175 0.4225999999999999 0.15349999999999997 0.42390000000000017
-5160.90630357501 0.4225999999999999 0.17419999999999997 0.40320000000000017
-5158.450940450948 0.4225999999999999 0.19489999999999996 0.3825000000000002
-5154.650850838378 0.4225999999999999 0.21559999999999996 0.3618000000000002
-5146.522963910596 0.4225999999999999 0.23629999999999995 0.3411000000000002
-5138.687295593427 0.4225999999999999 0.25699999999999995 0.3204000000000002
-5131.435222177783 0.4225999999999999 0.27769999999999995 0.2997000000000002
-5119.434047771391 0.4225999999999999 0.29839999999999994 0.2790000000000002
-5106.4803622668005 0.4225999999999999 0.31909999999999994 0.2583000000000002
-5092.1067892667415 0.4225999999999999 0.33979999999999994 0.2376000000000002
-5076.437940358706 0.4225999999999999 0.36049999999999993 0.2169000000000002
-5058.512883867811 0.4225999999999999 0.38119999999999993 0.1962000000000002
-5033.582174558801 0.4225999999999999 0.4018999999999999 0.1755000000000002
-5007.772425682518 0.4225999999999999 0.4225999999999999 0.15480000000000022
-4981.562285497277 0.4225999999999999 0.4432999999999999 0.13410000000000022
-4953.718937205423 0.4225999999999999 0.4639999999999999 0.11340000000000022
-4919.904564301621 0.4225999999999999 0.4846999999999999 0.09270000000000023
-4886.875912482065 0.4225999999999999 0.5054 0.07200000000000017
-4850.372085298652 0.4225999999999999 0.5260999999999999 0.051300000000000234
-4812.220487554562 0.4225999999999999 0.5468 0.030600000000000183
-5170.403599098903 0.4432999999999999 0.05 0.5067
-5187.7591046554135 0.4432999999999999 0.0707 0.4860000000000001
-5203.317263520287 0.4432999999999999 0.0914 0.4653000000000001
-5215.968818879617 0.4432999999999999 0.11209999999999999 0.4446000000000001
-5226.1953030375 0.4432999999999999 0.13279999999999997 0.4239000000000001
-5237.454854462398 0.4432999999999999 0.15349999999999997 0.4032000000000001
-5241.523061029246 0.4432999999999999 0.17419999999999997 0.3825000000000001
-5237.048975716006 0.4432999999999999 0.19489999999999996 0.3618000000000001
-5234.444152660161 0.4432999999999999 0.21559999999999996 0.3411000000000001
-5225.238636666128 0.4432999999999999 0.23629999999999995 0.32040000000000013
-5216.661031915824 0.4432999999999999 0.25699999999999995 0.29970000000000013
-5207.554973399011 0.4432999999999999 0.27769999999999995 0.27900000000000014
-5193.936622525688 0.4432999999999999 0.29839999999999994 0.25830000000000014
-5183.843880153073 0.4432999999999999 0.31909999999999994 0.23760000000000014
-5165.993669084674 0.4432999999999999 0.33979999999999994 0.21690000000000015
-5149.571900677598 0.4432999999999999 0.36049999999999993 0.19620000000000015
-5128.434423635234 0.4432999999999999 0.38119999999999993 0.17550000000000016
-5104.4499403173695 0.4432999999999999 0.4018999999999999 0.15480000000000016
-5080.131092948858 0.4432999999999999 0.4225999999999999 0.13410000000000016
-5050.265898953474 0.4432999999999999 0.4432999999999999 0.11340000000000017
-5024.153556306385 0.4432999999999999 0.4639999999999999 0.09270000000000017
-4990.951421092255 0.4432999999999999 0.4846999999999999 0.07200000000000017
-4956.806684525774 0.4432999999999999 0.5054 0.05130000000000012
-4918.056872728746 0.4432999999999999 0.5260999999999999 0.030600000000000183
-5256.771506936875 0.4639999999999999 0.05 0.48600000000000004
-5273.159726675441 0.4639999999999999 0.0707 0.46530000000000005
-5288.6261574368355 0.4639999999999999 0.0914 0.44460000000000005
-5301.0163040433 0.4639999999999999 0.11209999999999999 0.42390000000000005
-5312.335405031834 0.4639999999999999 0.13279999999999997 0.40320000000000006
-5320.668024264502 0.4639999999999999 0.15349999999999997 0.38250000000000006
-5322.268279928176 0.4639999999999999 0.17419999999999997 0.36180000000000007
-5317.894024876591 0.4639999999999999 0.19489999999999996 0.34110000000000007
-5312.710523274767 0.4639999999999999 0.21559999999999996 0.3204000000000001
-5303.517508770965 0.4639999999999999 0.23629999999999995 0.2997000000000001
-5294.785639371294 0.4639999999999999 0.25699999999999995 0.2790000000000001
-5284.380191735111 0.4639999999999999 0.27769999999999995 0.2583000000000001
-5272.258977162141 0.4639999999999999 0.29839999999999994 0.2376000000000001
-5258.783756073343 0.4639999999999999 0.31909999999999994 0.2169000000000001
-5243.566303419606 0.4639999999999999 0.33979999999999994 0.1962000000000001
-5223.663352528162 0.4639999999999999 0.36049999999999993 0.1755000000000001
-5200.50413397627 0.4639999999999999 0.38119999999999993 0.1548000000000001
-5176.723507366404 0.4639999999999999 0.4018999999999999 0.1341000000000001
-5151.001638950724 0.4639999999999999 0.4225999999999999 0.11340000000000011
-5121.790454037534 0.4639999999999999 0.4432999999999999 0.09270000000000012
-5092.719304330981 0.4639999999999999 0.4639999999999999 0.07200000000000012
-5058.138504817348 0.4639999999999999 0.4846999999999999 0.05130000000000012
-5021.3747954234705 0.4639999999999999 0.5054 0.03060000000000007
