-3286.4034385610016 0.05 0.05 0.8999999999999999
-3284.3032100523883 0.05 0.0707 0.8793
-3278.4729494209637 0.05 0.0914 0.8585999999999999
-3267.39344990691 0.05 0.11209999999999999 0.8379
-3256.0003108208484 0.05 0.13279999999999997 0.8171999999999999
-3245.937347900228 0.05 0.15349999999999997 0.7965
-3228.430774320796 0.05 0.17419999999999997 0.7758
-3224.2227046866233 0.05 0.19489999999999996 0.7551
-3202.7592572412227 0.05 0.21559999999999996 0.7343999999999999
-3186.0474254906503 0.05 0.23629999999999995 0.7137
-3169.7075834696257 0.05 0.25699999999999995 0.6930000000000001
-3147.321650989844 0.05 0.27769999999999995 0.6723
-3125.4945207737273 0.05 0.29839999999999994 0.6516
-3113.734122354124 0.05 0.31909999999999994 0.6309
-3104.3690475768617 0.05 0.33979999999999994 0.6102000000000001
-3071.5949056616923 0.05 0.36049999999999993 0.5895
-3066.6278904913684 0.05 0.38119999999999993 0.5688
-3052.2765825097313 0.05 0.4018999999999999 0.5481
-3025.356888071457 0.05 0.4225999999999999 0.5274000000000001
-3010.8581970047376 0.05 0.4432999999999999 0.5067
-2980.076542528075 0.05 0.4639999999999999 0.48600000000000004
-2953.1025784169296 0.05 0.4846999999999999 0.46530000000000005
-2948.800613721496 0.05 0.5054 0.4446
-2910.8780139233654 0.05 0.5260999999999999 0.42390000000000005
-2904.3438294213756 0.05 0.5468 0.4032
-2877.9679067661896 0.05 0.5674999999999999 0.38250000000000006
-2850.3708880761938 0.05 0.5882 0.3618
-2834.743520799868 0.05 0.6089 0.34109999999999996
-2822.9926710436703 0.05 0.6295999999999999 0.3204
-2777.3529898085912 0.05 0.6502999999999999 0.2997000000000001
-2767.6367040522764 0.05 0.6709999999999999 0.279
-2732.827408949591 0.05 0.6917 0.2583
-2717.81723144485 0.05 0.7123999999999999 0.23760000000000003
-2696.1276876288553 0.05 0.7330999999999999 0.2169000000000001
-2661.2840485020247 0.05 0.7537999999999999 0.19620000000000004
-2662.1418668406604 0.05 0.7745 0.1755
-2661.969582601762 0.05 0.7951999999999999 0.15480000000000005
-2661.086425876822 0.05 0.8158999999999998 0.1341000000000001
-2657.582517122235 0.05 0.8365999999999999 0.11340000000000006
-2643.8472876335413 0.05 0.8573 0.0927
-2629.8541680853527 0.05 0.8779999999999999 0.07200000000000006
-2607.2765176091616 0.05 0.8986999999999998 0.05130000000000012
-2531.2706526404504 0.05 0.9193999999999999 0.03060000000000007
-3343.9932700003137 0.0707 0.05 0.8793
-3349.3209450007125 0.0707 0.0707 0.8586
-3330.818794153752 0.0707 0.0914 0.8379
-3330.5042796094203 0.0707 0.11209999999999999 0.8172
-3302.178759022571 0.0707 0.13279999999999997 0.7965
-3298.864105834608 0.0707 0.15349999999999997 0.7758
-3285.1775824486376 0.0707 0.17419999999999997 0.7551000000000001
-3273.0703886111064 0.0707 0.19489999999999996 0.7344
-3262.8599617919003 0.0707 0.21559999999999996 0.7137
-3242.1240907824026 0.0707 0.23629999999999995 0.6930000000000001
-3225.992791565827 0.0707 0.25699999999999995 0.6723000000000001
-3214.764967357902 0.0707 0.27769999999999995 0.6516000000000001
-3198.234542880039 0.0707 0.29839999999999994 0.6309
-3170.9195308893254 0.0707 0.31909999999999994 0.6102000000000001
-3163.3985943715343 0.0707 0.33979999999999994 0.5895000000000001
-3149.2955438129407 0.0707 0.36049999999999993 0.5688000000000001
-3137.131272439657 0.0707 0.38119999999999993 0.5481
-3109.1665552263717 0.0707 0.4018999999999999 0.5274000000000001
-3095.4279704663622 0.0707 0.4225999999999999 0.5067000000000002
-3080.0006232876067 0.0707 0.4432999999999999 0.4860000000000001
-3042.6559512457648 0.0707 0.4639999999999999 0.4653000000000001
-3046.363856391238 0.0707 0.4846999999999999 0.4446000000000001
-3015.298566571738 0.0707 0.5054 0.42390000000000005
-2986.2874446412625 0.0707 0.5260999999999999 0.4032000000000001
-2962.327684434042 0.0707 0.5468 0.38250000000000006
-2956.1191967386158 0.0707 0.5674999999999999 0.3618000000000001
-2929.9577239618848 0.0707 0.5882 0.34110000000000007
-2909.1698063687404 0.0707 0.6089 0.3204
-2884.4143578974777 0.0707 0.6295999999999999 0.2997000000000001
-2873.5748092532417 0.0707 0.6502999999999999 0.27900000000000014
-2829.011595222572 0.0707 0.6709999999999999 0.2583000000000001
-2818.0788126878206 0.0707 0.6917 0.23760000000000003
-2781.999934935306 0.0707 0.7123999999999999 0.2169000000000001
-2779.109032062639 0.0707 0.7330999999999999 0.19620000000000015
-2781.169503422684 0.0707 0.7537999999999999 0.1755000000000001
-2776.771108794031 0.0707 0.7745 0.15480000000000005
-2766.26778924302 0.0707 0.7951999999999999 0.1341000000000001
-2747.7838217755607 0.0707 0.8158999999999998 0.11340000000000017
-2731.451890369171 0.0707 0.8365999999999999 0.09270000000000012
-2707.543949738346 0.0707 0.8573 0.07200000000000006
-2685.0591156128517 0.0707 0.8779999999999999 0.05130000000000012
-2599.2881799786514 0.0707 0.8986999999999998 0.030600000000000183
-3391.1115743121254 0.0914 0.05 0.8585999999999999
-3380.6187100500542 0.0914 0.0707 0.8379
-3379.448828390028 0.0914 0.0914 0.8171999999999999
-3372.806395335355 0.0914 0.11209999999999999 0.7965
-3359.3616715981298 0.0914 0.13279999999999997 0.7758
-3353.246195180936 0.0914 0.15349999999999997 0.7551
-3332.391293535691 0.0914 0.17419999999999997 0.7343999999999999
-3327.106284068909 0.0914 0.19489999999999996 0.7137
-3311.8101532828255 0.0914 0.21559999999999996 0.6930000000000001
-3302.7096928474584 0.0914 0.23629999999999995 0.6723
-3295.844865221967 0.0914 0.25699999999999995 0.6516
-3280.8835822342107 0.0914 0.27769999999999995 0.6309
-3250.5859685425435 0.0914 0.29839999999999994 0.6102000000000001
-3243.7773629763037 0.0914 0.31909999999999994 0.5895
-3225.292273702989 0.0914 0.33979999999999994 0.5688
-3208.191135441953 0.0914 0.36049999999999993 0.5481
-3186.9084051489613 0.0914 0.38119999999999993 0.5274000000000001
-3178.879894069825 0.0914 0.4018999999999999 0.5067
-3159.379074003317 0.0914 0.4225999999999999 0.48600000000000004
-3141.9442921547297 0.0914 0.4432999999999999 0.46530000000000005
-3125.1340328749757 0.0914 0.4639999999999999 0.44460000000000005
-3107.7109958738392 0.0914 0.4846999999999999 0.42390000000000005
-3091.3075881251652 0.0914 0.5054 0.4032
-3059.754488273258 0.0914 0.5260999999999999 0.38250000000000006
-3050.0913352549956 0.0914 0.5468 0.3618
-3022.6928427571443 0.0914 0.5674999999999999 0.34110000000000007
-3005.814109064633 0.0914 0.5882 0.3204
-2980.7030422361167 0.0914 0.6089 0.29969999999999997
-2960.851323158077 0.0914 0.6295999999999999 0.279
-2936.791615101792 0.0914 0.6502999999999999 0.2583000000000001
-2928.517257409833 0.0914 0.6709999999999999 0.23760000000000003
-2900.2651325485726 0.0914 0.6917 0.21689999999999998
-2902.1275931034097 0.0914 0.7123999999999999 0.19620000000000004
-2886.621622701346 0.0914 0.7330999999999999 0.1755000000000001
-2870.4305732392195 0.0914 0.7537999999999999 0.15480000000000005
-2851.08853257532 0.0914 0.7745 0.1341
-2832.1404766291707 0.0914 0.7951999999999999 0.11340000000000006
-2801.235345926333 0.0914 0.8158999999999998 0.09270000000000012
-2783.9263567305798 0.0914 0.8365999999999999 0.07200000000000006
-2796.0567895038976 0.0914 0.8573 0.05130000000000001
-2806.884124458956 0.0914 0.8779999999999999 0.03060000000000007
