-4166.3319537529605 0.23629999999999995 0.05 0.7137
-4153.3080268945 0.23629999999999995 0.0707 0.6930000000000001
-4138.806832035782 0.23629999999999995 0.0914 0.6723
-4125.530404643336 0.23629999999999995 0.11209999999999999 0.6516000000000001
-4111.016247590744 0.23629999999999995 0.13279999999999997 0.6309
-4096.499467927897 0.23629999999999995 0.15349999999999997 0.6102000000000001
-4082.6346444904075 0.23629999999999995 0.17419999999999997 0.5895000000000001
-4068.3849331588444 0.23629999999999995 0.19489999999999996 0.5688000000000001
-4054.9786228906823 0.23629999999999995 0.21559999999999996 0.5481
-4040.8573161224926 0.23629999999999995 0.23629999999999995 0.5274000000000001
-4026.647969918166 0.23629999999999995 0.25699999999999995 0.5067000000000002
-4012.448900310814 0.23629999999999995 0.27769999999999995 0.4860000000000001
-3998.1475478151206 0.23629999999999995 0.29839999999999994 0.4653000000000001
-3983.5513761091033 0.23629999999999995 0.31909999999999994 0.4446000000000001
-3968.039679563004 0.23629999999999995 0.33979999999999994 0.4239000000000001
-3952.0129720260647 0.23629999999999995 0.36049999999999993 0.4032000000000001
-3936.4186640816974 0.23629999999999995 0.38119999999999993 0.3825000000000001
-3919.3142292164516 0.23629999999999995 0.4018999999999999 0.3618000000000001
-3901.492285859969 0.23629999999999995 0.4225999999999999 0.3411000000000001
-3883.1535291218947 0.23629999999999995 0.4432999999999999 0.32040000000000013
-3864.8018501136157 0.23629999999999995 0.4639999999999999 0.29970000000000013
-3845.669470588331 0.23629999999999995 0.4846999999999999 0.27900000000000014
-3825.9155887492593 0.23629999999999995 0.5054 0.2583000000000001
-3805.1182997729998 0.23629999999999995 0.5260999999999999 0.23760000000000014
-3784.7917655628435 0.23629999999999995 0.5468 0.2169000000000001
-3762.9141495606414 0.23629999999999995 0.5674999999999999 0.19620000000000015
-3740.9461258632577 0.23629999999999995 0.5882 0.1755000000000001
-3718.302886071747 0.23629999999999995 0.6089 0.15480000000000005
-3693.5590717072687 0.23629999999999995 0.6295999999999999 0.1341000000000001
-3670.432175748815 0.23629999999999995 0.6502999999999999 0.11340000000000017
-3644.9819310334237 0.23629999999999995 0.6709999999999999 0.09270000000000012
-3620.6604096264873 0.23629999999999995 0.6917 0.07200000000000006
-3597.3827639382685 0.23629999999999995 0.7123999999999999 0.05130000000000012
-3571.426935499296 0.23629999999999995 0.7330999999999999 0.030600000000000183
-4253.390082072263 0.25699999999999995 0.05 0.6930000000000001
-4239.133826294893 0.25699999999999995 0.0707 0.6723000000000001
-4225.1915945919 0.25699999999999995 0.0914 0.6516000000000001
-4211.753151557465 0.25699999999999995 0.11209999999999999 0.6309000000000001
-4197.7923994507455 0.25699999999999995 0.13279999999999997 0.6102000000000001
-4182.968014341866 0.25699999999999995 0.15349999999999997 0.5895000000000001
-4169.539121230416 0.25699999999999995 0.17419999999999997 0.5688000000000002
-4155.119876326476 0.25699999999999995 0.19489999999999996 0.5481000000000001
-4141.11509366542 0.25699999999999995 0.21559999999999996 0.5274000000000001
-4126.8946895940835 0.25699999999999995 0.23629999999999995 0.5067000000000002
-4113.139730685281 0.25699999999999995 0.25699999999999995 0.48600000000000015
-4098.653216709103 0.25699999999999995 0.27769999999999995 0.46530000000000016
-4084.1106777162518 0.25699999999999995 0.29839999999999994 0.44460000000000016
-4068.9713376919194 0.25699999999999995 0.31909999999999994 0.42390000000000017
-4052.9094990720046 0.25699999999999995 0.33979999999999994 0.40320000000000017
-4037.649440349359 0.25699999999999995 0.36049999999999993 0.3825000000000002
-4020.843968562544 0.25699999999999995 0.38119999999999993 0.3618000000000002
-4003.4228444647565 0.25699999999999995 0.4018999999999999 0.3411000000000002
-3985.8106309701407 0.25699999999999995 0.4225999999999999 0.3204000000000002
-3966.532053093119 0.25699999999999995 0.4432999999999999 0.2997000000000002
-3948.0944190863493 0.25699999999999995 0.4639999999999999 0.2790000000000002
-3928.887625187993 0.25699999999999995 0.4846999999999999 0.2583000000000002
-3908.7884010820176 0.25699999999999995 0.5054 0.23760000000000014
-3888.500513419501 0.25699999999999995 0.5260999999999999 0.2169000000000002
-3866.3106510693647 0.25699999999999995 0.5468 0.19620000000000015
-3844.802203112094 0.25699999999999995 0.5674999999999999 0.1755000000000002
-3823.569883687694 0.25699999999999995 0.5882 0.15480000000000016
-3798.205685490657 0.25699999999999995 0.6089 0.1341000000000001
-3774.9472777135293 0.25699999999999995 0.6295999999999999 0.11340000000000017
-3749.5816597840303 0.25699999999999995 0.6502999999999999 0.09270000000000023
-3726.3447614999836 0.25699999999999995 0.6709999999999999 0.07200000000000017
-3699.734459901143 0.25699999999999995 0.6917 0.05130000000000012
-3676.1796509927763 0.25699999999999995 0.7123999999999999 0.030600000000000183
-4339.874063548518 0.27769999999999995 0.05 0.6723
-4325.659324568909 0.27769999999999995 0.0707 0.6516000000000001
-4312.245631902859 0.27769999999999995 0.0914 0.6309
-4297.840860499518 0.27769999999999995 0.11209999999999999 0.6102000000000001
-4282.7879118521505 0.27769999999999995 0.13279999999999997 0.5895000000000001
-4269.350926921109 0.27769999999999995 0.15349999999999997 0.5688000000000001
-4255.273005832104 0.27769999999999995 0.17419999999999997 0.5481
-4241.5017730462205 0.27769999999999995 0.19489999999999996 0.5274000000000001
-4227.2497300490795 0.27769999999999995 0.21559999999999996 0.5067000000000002
-4213.300868838915 0.27769999999999995 0.23629999999999995 0.4860000000000001
-4199.382116561255 0.27769999999999995 0.25699999999999995 0.4653000000000001
-4185.145748954554 0.27769999999999995 0.27769999999999995 0.4446000000000001
-4169.963180354744 0.27769999999999995 0.29839999999999994 0.4239000000000001
-4155.351615852972 0.27769999999999995 0.31909999999999994 0.4032000000000001
-4138.743849208394 0.27769999999999995 0.33979999999999994 0.3825000000000001
-4122.4274828225525 0.27769999999999995 0.36049999999999993 0.3618000000000001
-4105.828824471744 0.27769999999999995 0.38119999999999993 0.3411000000000001
-4088.2938486044704 0.27769999999999995 0.4018999999999999 0.32040000000000013
-4069.7366025596466 0.27769999999999995 0.4225999999999999 0.29970000000000013
-4051.1729865346906 0.27769999999999995 0.4432999999999999 0.27900000000000014
-4032.2524396753324 0.27769999999999995 0.4639999999999999 0.25830000000000014
-4011.723142298969 0.27769999999999995 0.4846999999999999 0.23760000000000014
-3991.1689475322696 0.27769999999999995 0.5054 0.2169000000000001
-3970.3431712054344 0.27769999999999995 0.5260999999999999 0.19620000000000015
-3950.112405955508 0.27769999999999995 0.5468 0.1755000000000001
-3926.697303110532 0.27769999999999995 0.5674999999999999 0.15480000000000016
-3903.2542106166693 0.27769999999999995 0.5882 0.1341000000000001
-3880.2399336507947 0.27769999999999995 0.6089 0.11340000000000006
-3855.0081333400203 0.27769999999999995 0.6295999999999999 0.09270000000000012
-3831.19906842575 0.27769999999999995 0.6502999999999999 0.07200000000000017
-3806.6070823500754 0.27769999999999995 0.6709999999999999 0.05130000000000012
-3779.7606637976724 0.27769999999999995 0.6917 0.03060000000000007
