-6264.648020367085 0.7330999999999999 0.05 0.21690000000000015
-6252.103688950441 0.7330999999999999 0.0707 0.19620000000000015
-6235.46516300856 0.7330999999999999 0.0914 0.17550000000000016
-6219.628213644672 0.7330999999999999 0.11209999999999999 0.15480000000000016
-6202.736679503793 0.7330999999999999 0.13279999999999997 0.13410000000000016
-6184.563822713199 0.7330999999999999 0.15349999999999997 0.11340000000000017
-6167.6308902960745 0.7330999999999999 0.17419999999999997 0.09270000000000017
-6144.575684219413 0.7330999999999999 0.19489999999999996 0.07200000000000017
-6123.647744554428 0.7330999999999999 0.21559999999999996 0.05130000000000018
-6099.926888582444 0.7330999999999999 0.23629999999999995 0.030600000000000183
-6353.238473530171 0.7537999999999999 0.05 0.1962000000000001
-6338.795997075133 0.7537999999999999 0.0707 0.1755000000000001
-6321.363650315328 0.7537999999999999 0.0914 0.1548000000000001
-6307.409603499627 0.7537999999999999 0.11209999999999999 0.1341000000000001
-6287.427349853336 0.7537999999999999 0.13279999999999997 0.11340000000000011
-6270.699687307467 0.7537999999999999 0.15349999999999997 0.09270000000000012
-6250.500261999918 0.7537999999999999 0.17419999999999997 0.07200000000000012
-6227.584861561337 0.7537999999999999 0.19489999999999996 0.05130000000000012
-6206.592114694198 0.7537999999999999 0.21559999999999996 0.030600000000000127
-6439.982023886049 0.7745 0.05 0.17550000000000004
-6425.27659211798 0.7745 0.0707 0.15480000000000005
-6409.990057093921 0.7745 0.0914 0.13410000000000005
-6392.958164259072 0.7745 0.11209999999999999 0.11340000000000004
-6373.853051822708 0.7745 0.13279999999999997 0.09270000000000006
-6353.844386116286 0.7745 0.15349999999999997 0.07200000000000006
-6333.531973399102 0.7745 0.17419999999999997 0.05130000000000007
-6310.661857057987 0.7745 0.19489999999999996 0.03060000000000007
