-5740.488830893254 0.6089 0.05 0.3411
-5726.003015633594 0.6089 0.0707 0.3204
-5711.440304393747 0.6089 0.0914 0.2997
-5697.581831879909 0.6089 0.11209999999999999 0.279
-5681.0805365171755 0.6089 0.13279999999999997 0.25830000000000003
-5668.596066413845 0.6089 0.15349999999999997 0.23760000000000003
-5653.177895089642 0.6089 0.17419999999999997 0.21690000000000004
-5636.434980641938 0.6089 0.19489999999999996 0.19620000000000004
-5619.20715361272 0.6089 0.21559999999999996 0.17550000000000004
-5598.131841710233 0.6089 0.23629999999999995 0.15480000000000005
-5581.356716154464 0.6089 0.25699999999999995 0.13410000000000005
-5561.423657284711 0.6089 0.27769999999999995 0.11340000000000006
-5539.943660570283 0.6089 0.29839999999999994 0.09270000000000006
-5517.45058134829 0.6089 0.31909999999999994 0.07200000000000006
-5491.466018715049 0.6089 0.33979999999999994 0.05130000000000007
-5468.797446758857 0.6089 0.36049999999999993 0.03060000000000007
-5826.819350447062 0.6295999999999999 0.05 0.3204000000000001
-5814.951943489989 0.6295999999999999 0.0707 0.2997000000000001
-5798.709468763345 0.6295999999999999 0.0914 0.2790000000000001
-5784.392330688418 0.6295999999999999 0.11209999999999999 0.2583000000000001
-5769.4716250403735 0.6295999999999999 0.13279999999999997 0.2376000000000001
-5754.114122632146 0.6295999999999999 0.15349999999999997 0.2169000000000001
-5740.768168998404 0.6295999999999999 0.17419999999999997 0.1962000000000001
-5721.505178674593 0.6295999999999999 0.19489999999999996 0.1755000000000001
-5703.585188031562 0.6295999999999999 0.21559999999999996 0.1548000000000001
-5684.073701328571 0.6295999999999999 0.23629999999999995 0.1341000000000001
-5664.279061529894 0.6295999999999999 0.25699999999999995 0.11340000000000011
-5645.735466462315 0.6295999999999999 0.27769999999999995 0.09270000000000012
-5621.634823895994 0.6295999999999999 0.29839999999999994 0.07200000000000012
-5598.433209105746 0.6295999999999999 0.31909999999999994 0.05130000000000012
-5572.91465978579 0.6295999999999999 0.33979999999999994 0.030600000000000127
-5915.868168803728 0.6502999999999999 0.05 0.29970000000000013
-5901.5591255244835 0.6502999999999999 0.0707 0.27900000000000014
-5884.863300441401 0.6502999999999999 0.0914 0.25830000000000014
-5872.59894714376 0.6502999999999999 0.11209999999999999 0.23760000000000014
-5855.743981126203 0.6502999999999999 0.13279999999999997 0.21690000000000015
-5842.570144395061 0.6502999999999999 0.15349999999999997 0.19620000000000015
-5826.128587714293 0.6502999999999999 0.17419999999999997 0.17550000000000016
-5806.071318219942 0.6502999999999999 0.19489999999999996 0.15480000000000016
-5789.6120185559175 0.6502999999999999 0.21559999999999996 0.13410000000000016
-5767.646363765239 0.6502999999999999 0.23629999999999995 0.11340000000000017
-5749.331937488978 0.6502999999999999 0.25699999999999995 0.09270000000000017
-5727.670254047848 0.6502999999999999 0.27769999999999995 0.07200000000000017
-5702.126755783374 0.6502999999999999 0.29839999999999994 0.05130000000000018
-5679.903924777302 0.6502999999999999 0.31909999999999994 0.030600000000000183
