-4428.631757538379 0.29839999999999994 0.05 0.6516
-4414.652670664884 0.29839999999999994 0.0707 0.6309
-4401.274923603365 0.29839999999999994 0.0914 0.6102
-4386.481711473448 0.29839999999999994 0.11209999999999999 0.5895
-4372.073291484763 0.29839999999999994 0.13279999999999997 0.5688
-4358.061846058625 0.29839999999999994 0.15349999999999997 0.5481
-4344.254069553245 0.29839999999999994 0.17419999999999997 0.5274000000000001
-4330.549408288583 0.29839999999999994 0.19489999999999996 0.5067
-4315.793116698103 0.29839999999999994 0.21559999999999996 0.48600000000000004
-4302.042249953528 0.29839999999999994 0.23629999999999995 0.46530000000000005
-4287.775452836823 0.29839999999999994 0.25699999999999995 0.44460000000000005
-4273.506793813397 0.29839999999999994 0.27769999999999995 0.42390000000000005
-4258.120338982352 0.29839999999999994 0.29839999999999994 0.40320000000000006
-4243.097739881391 0.29839999999999994 0.31909999999999994 0.38250000000000006
-4226.70549675172 0.29839999999999994 0.33979999999999994 0.36180000000000007
-4210.513224441779 0.29839999999999994 0.36049999999999993 0.34110000000000007
-4193.13088959097 0.29839999999999994 0.38119999999999993 0.3204000000000001
-4174.518706306486 0.29839999999999994 0.4018999999999999 0.2997000000000001
-4156.6293261183855 0.29839999999999994 0.4225999999999999 0.2790000000000001
-4138.157513256088 0.29839999999999994 0.4432999999999999 0.2583000000000001
-4117.207925453575 0.29839999999999994 0.4639999999999999 0.2376000000000001
-4096.781717933311 0.29839999999999994 0.4846999999999999 0.2169000000000001
-4075.7821874596257 0.29839999999999994 0.5054 0.19620000000000004
-4054.6990090546665 0.29839999999999994 0.5260999999999999 0.1755000000000001
-4033.8854264041643 0.29839999999999994 0.5468 0.15480000000000005
-4010.879754883272 0.29839999999999994 0.5674999999999999 0.1341000000000001
-3988.1009979095 0.29839999999999994 0.5882 0.11340000000000006
-3962.3893762222233 0.29839999999999994 0.6089 0.0927
-3938.672201184188 0.29839999999999994 0.6295999999999999 0.07200000000000006
-3913.2516050563654 0.29839999999999994 0.6502999999999999 0.05130000000000012
-3888.208942249629 0.29839999999999994 0.6709999999999999 0.03060000000000007
-4514.763862248843 0.31909999999999994 0.05 0.6309
-4501.24454262032 0.31909999999999994 0.0707 0.6102000000000001
-4487.06185555004 0.31909999999999994 0.0914 0.5895
-4472.441114596673 0.31909999999999994 0.11209999999999999 0.5688000000000001
-4457.786329449685 0.31909999999999994 0.13279999999999997 0.5481
-4446.0486198434455 0.31909999999999994 0.15349999999999997 0.5274000000000001
-4431.970806864722 0.31909999999999994 0.17419999999999997 0.5067000000000002
-4416.576268545077 0.31909999999999994 0.19489999999999996 0.4860000000000001
-4402.370678635752 0.31909999999999994 0.21559999999999996 0.4653000000000001
-4388.274685821078 0.31909999999999994 0.23629999999999995 0.4446000000000001
-4374.219717726817 0.31909999999999994 0.25699999999999995 0.4239000000000001
-4359.451912213032 0.31909999999999994 0.27769999999999995 0.4032000000000001
-4343.964665403123 0.31909999999999994 0.29839999999999994 0.3825000000000001
-4329.633547273806 0.31909999999999994 0.31909999999999994 0.3618000000000001
-4312.382892224603 0.31909999999999994 0.33979999999999994 0.3411000000000001
-4295.116923296101 0.31909999999999994 0.36049999999999993 0.32040000000000013
-4277.3665175023425 0.31909999999999994 0.38119999999999993 0.29970000000000013
-4259.546386428574 0.31909999999999994 0.4018999999999999 0.27900000000000014
-4240.5332731325125 0.31909999999999994 0.4225999999999999 0.25830000000000014
-4221.0287435103355 0.31909999999999994 0.4432999999999999 0.23760000000000014
-4201.842623015459 0.31909999999999994 0.4639999999999999 0.21690000000000015
-4180.57321831427 0.31909999999999994 0.4846999999999999 0.19620000000000015
-4159.972122352195 0.31909999999999994 0.5054 0.1755000000000001
-4138.238956435873 0.31909999999999994 0.5260999999999999 0.15480000000000016
-4115.1068495172085 0.31909999999999994 0.5468 0.1341000000000001
-4091.6613191550823 0.31909999999999994 0.5674999999999999 0.11340000000000017
-4067.232458180568 0.31909999999999994 0.5882 0.09270000000000012
-4042.435885930771 0.31909999999999994 0.6089 0.07200000000000006
-4017.8875658692837 0.31909999999999994 0.6295999999999999 0.05130000000000012
-3992.0974548219706 0.31909999999999994 0.6502999999999999 0.030600000000000183
-4603.620255789365 0.33979999999999994 0.05 0.6102000000000001
-4588.9128321058015 0.33979999999999994 0.0707 0.5895000000000001
-4574.734064237285 0.33979999999999994 0.0914 0.5688000000000001
-4562.2339205368335 0.33979999999999994 0.11209999999999999 0.5481000000000001
-4546.733633637577 0.33979999999999994 0.13279999999999997 0.5274000000000001
-4533.047708998387 0.33979999999999994 0.15349999999999997 0.5067000000000002
-4518.925752782724 0.33979999999999994 0.17419999999999997 0.48600000000000015
-4504.904353586839 0.33979999999999994 0.19489999999999996 0.46530000000000016
-4491.045948889475 0.33979999999999994 0.21559999999999996 0.44460000000000016
-4476.6759576251725 0.33979999999999994 0.23629999999999995 0.42390000000000017
-4462.621585557606 0.33979999999999994 0.25699999999999995 0.40320000000000017
-4448.387686725015 0.33979999999999994 0.27769999999999995 0.3825000000000002
-4432.665596480115 0.33979999999999994 0.29839999999999994 0.3618000000000002
-4416.899858934312 0.33979999999999994 0.31909999999999994 0.3411000000000002
-4397.81290890798 0.33979999999999994 0.33979999999999994 0.3204000000000002
-4382.608861180904 0.33979999999999994 0.36049999999999993 0.2997000000000002
-4364.742776450089 0.33979999999999994 0.38119999999999993 0.2790000000000002
-4346.33282324867 0.33979999999999994 0.4018999999999999 0.2583000000000002
-4327.094794500655 0.33979999999999994 0.4225999999999999 0.2376000000000002
-4307.57220354007 0.33979999999999994 0.4432999999999999 0.2169000000000002
-4286.6466735120475 0.33979999999999994 0.4639999999999999 0.1962000000000002
-4265.923212933132 0.33979999999999994 0.4846999999999999 0.1755000000000002
-4244.984048470121 0.33979999999999994 0.5054 0.15480000000000016
-4222.135446933636 0.33979999999999994 0.5260999999999999 0.13410000000000022
-4198.832350686094 0.33979999999999994 0.5468 0.11340000000000017
-4174.198851593983 0.33979999999999994 0.5674999999999999 0.09270000000000023
-4148.541645466731 0.33979999999999994 0.5882 0.07200000000000017
-4124.17964387766 0.33979999999999994 0.6089 0.05130000000000012
-4099.642644053036 0.33979999999999994 0.6295999999999999 0.030600000000000183
