-6526.557872988138 0.7951999999999999 0.05 0.1548000000000001
-6513.862170236017 0.7951999999999999 0.0707 0.1341000000000001
-6495.126385484228 0.7951999999999999 0.0914 0.1134000000000001
-6480.069260472856 0.7951999999999999 0.11209999999999999 0.0927000000000001
-6457.819554035563 0.7951999999999999 0.13279999999999997 0.07200000000000012
-6437.240607085613 0.7951999999999999 0.15349999999999997 0.05130000000000012
-6417.500918339035 0.7951999999999999 0.17419999999999997 0.030600000000000127
-6615.23650793903 0.8158999999999998 0.05 0.13410000000000016
-6600.059943164619 0.8158999999999998 0.0707 0.11340000000000015
-6582.751341911052 0.8158999999999998 0.0914 0.09270000000000016
-6563.753226296552 0.8158999999999998 0.11209999999999999 0.07200000000000016
-6540.705404451969 0.8158999999999998 0.13279999999999997 0.05130000000000018
-6520.606620104559 0.8158999999999998 0.15349999999999997 0.030600000000000183
-6701.615911632564 0.8365999999999999 0.05 0.1134000000000001
-6688.194251470769 0.8365999999999999 0.0707 0.0927000000000001
-6667.591948321295 0.8365999999999999 0.0914 0.0720000000000001
-6647.414945825701 0.8365999999999999 0.11209999999999999 0.05130000000000011
-6624.719449418698 0.8365999999999999 0.13279999999999997 0.030600000000000127
