-4690.123668912677 0.36049999999999993 0.05 0.5895
-4677.130926584766 0.36049999999999993 0.0707 0.5688000000000001
-4661.138585562463 0.36049999999999993 0.0914 0.5481
-4647.266555705684 0.36049999999999993 0.11209999999999999 0.5274000000000001
-4633.168738989642 0.36049999999999993 0.13279999999999997 0.5067000000000002
-4620.500953535992 0.36049999999999993 0.15349999999999997 0.4860000000000001
-4605.721862962757 0.36049999999999993 0.17419999999999997 0.4653000000000001
-4591.577596878699 0.36049999999999993 0.19489999999999996 0.4446000000000001
-4577.643351609798 0.36049999999999993 0.21559999999999996 0.4239000000000001
-4563.278595696895 0.36049999999999993 0.23629999999999995 0.4032000000000001
-4548.965890336167 0.36049999999999993 0.25699999999999995 0.3825000000000001
-4534.118285655629 0.36049999999999993 0.27769999999999995 0.3618000000000001
-4517.818133584414 0.36049999999999993 0.29839999999999994 0.3411000000000001
-4501.88865167558 0.36049999999999993 0.31909999999999994 0.32040000000000013
-4484.72480414506 0.36049999999999993 0.33979999999999994 0.29970000000000013
-4467.401838063726 0.36049999999999993 0.36049999999999993 0.27900000000000014
-4448.802531250738 0.36049999999999993 0.38119999999999993 0.25830000000000014
-4429.604155643163 0.36049999999999993 0.4018999999999999 0.23760000000000014
-4410.21513128799 0.36049999999999993 0.4225999999999999 0.21690000000000015
-4389.698979362342 0.36049999999999993 0.4432999999999999 0.19620000000000015
-4369.963716508239 0.36049999999999993 0.4639999999999999 0.17550000000000016
-4348.735361060913 0.36049999999999993 0.4846999999999999 0.15480000000000016
-4325.582853423782 0.36049999999999993 0.5054 0.1341000000000001
-4302.913426642089 0.36049999999999993 0.5260999999999999 0.11340000000000017
-4278.223940902209 0.36049999999999993 0.5468 0.09270000000000012
-4253.307547269476 0.36049999999999993 0.5674999999999999 0.07200000000000017
-4229.0899492886565 0.36049999999999993 0.5882 0.05130000000000012
-4203.479607235136 0.36049999999999993 0.6089 0.03060000000000007
-4776.504170305083 0.38119999999999993 0.05 0.5688
-4763.573508226214 0.38119999999999993 0.0707 0.5481
-4749.646516128371 0.38119999999999993 0.0914 0.5274
-4735.634989616706 0.38119999999999993 0.11209999999999999 0.5067
-4720.253271565657 0.38119999999999993 0.13279999999999997 0.48600000000000004
-4705.94069320903 0.38119999999999993 0.15349999999999997 0.46530000000000005
-4692.225186109511 0.38119999999999993 0.17419999999999997 0.44460000000000005
-4678.179906670631 0.38119999999999993 0.19489999999999996 0.42390000000000005
-4664.2549036094715 0.38119999999999993 0.21559999999999996 0.40320000000000006
-4649.742688631376 0.38119999999999993 0.23629999999999995 0.38250000000000006
-4635.19677691937 0.38119999999999993 0.25699999999999995 0.36180000000000007
-4622.284967149617 0.38119999999999993 0.27769999999999995 0.34110000000000007
-4603.989832425376 0.38119999999999993 0.29839999999999994 0.3204000000000001
-4588.859744956699 0.38119999999999993 0.31909999999999994 0.2997000000000001
-4569.656706257727 0.38119999999999993 0.33979999999999994 0.2790000000000001
-4551.353054820159 0.38119999999999993 0.36049999999999993 0.2583000000000001
-4535.104304912321 0.38119999999999993 0.38119999999999993 0.2376000000000001
-4513.408820084904 0.38119999999999993 0.4018999999999999 0.2169000000000001
-4493.1556156082 0.38119999999999993 0.4225999999999999 0.1962000000000001
-4472.807130665956 0.38119999999999993 0.4432999999999999 0.1755000000000001
-4451.878269605125 0.38119999999999993 0.4639999999999999 0.1548000000000001
-4429.815899156076 0.38119999999999993 0.4846999999999999 0.1341000000000001
-4406.912897274434 0.38119999999999993 0.5054 0.11340000000000006
-4382.105809807714 0.38119999999999993 0.5260999999999999 0.09270000000000012
-4357.9954295460575 0.38119999999999993 0.5468 0.07200000000000006
-4333.558338749037 0.38119999999999993 0.5674999999999999 0.05130000000000012
-4308.245124061084 0.38119999999999993 0.5882 0.03060000000000007
-4865.143853879248 0.4018999999999999 0.05 0.5481
-4851.893497090571 0.4018999999999999 0.0707 0.5274000000000001
-4836.909720852555 0.4018999999999999 0.0914 0.5067
-4823.011794278533 0.4018999999999999 0.11209999999999999 0.4860000000000001
-4808.544033839469 0.4018999999999999 0.13279999999999997 0.4653000000000001
-4794.843109026673 0.4018999999999999 0.15349999999999997 0.4446000000000001
-4781.145549730407 0.4018999999999999 0.17419999999999997 0.4239000000000001
-4766.677973839332 0.4018999999999999 0.19489999999999996 0.4032000000000001
-4752.977805505897 0.4018999999999999 0.21559999999999996 0.3825000000000001
-4736.227156435821 0.4018999999999999 0.23629999999999995 0.3618000000000001
-4723.539630661144 0.4018999999999999 0.25699999999999995 0.3411000000000001
-4708.457186545505 0.4018999999999999 0.27769999999999995 0.32040000000000013
-4691.096469031106 0.4018999999999999 0.29839999999999994 0.29970000000000013
-4674.361835320594 0.4018999999999999 0.31909999999999994 0.27900000000000014
-4653.958310335785 0.4018999999999999 0.33979999999999994 0.25830000000000014
-4638.097947739196 0.4018999999999999 0.36049999999999993 0.23760000000000014
-4618.702784473834 0.4018999999999999 0.38119999999999993 0.21690000000000015
-4599.142932857707 0.4018999999999999 0.4018999999999999 0.19620000000000015
-4578.864007213483 0.4018999999999999 0.4225999999999999 0.17550000000000016
-4558.334189334701 0.4018999999999999 0.4432999999999999 0.15480000000000016
-4535.887366263317 0.4018999999999999 0.4639999999999999 0.13410000000000016
-4513.7564652525425 0.4018999999999999 0.4846999999999999 0.11340000000000017
-4489.655300975496 0.4018999999999999 0.5054 0.09270000000000012
-4464.794945408636 0.4018999999999999 0.5260999999999999 0.07200000000000017
-4440.105822871002 0.4018999999999999 0.5468 0.05130000000000012
-4415.097681050774 0.4018999999999999 0.5674999999999999 0.030600000000000183
