-3906.522859232715 0.17419999999999997 0.05 0.7758
-3943.8414754416417 0.17419999999999997 0.0707 0.7551000000000001
-3950.2769023252517 0.17419999999999997 0.0914 0.7344
-3950.4255047270904 0.17419999999999997 0.11209999999999999 0.7137000000000001
-3954.873262760157 0.17419999999999997 0.13279999999999997 0.6930000000000001
-3957.095695791761 0.17419999999999997 0.15349999999999997 0.6723000000000001
-3958.642255913147 0.17419999999999997 0.17419999999999997 0.6516000000000002
-3963.2371903316184 0.17419999999999997 0.19489999999999996 0.6309000000000001
-3953.6440976137624 0.17419999999999997 0.21559999999999996 0.6102000000000001
-3945.466488126502 0.17419999999999997 0.23629999999999995 0.5895000000000001
-3919.8945727130113 0.17419999999999997 0.25699999999999995 0.5688000000000002
-3895.5770326302927 0.17419999999999997 0.27769999999999995 0.5481000000000001
-3867.1625888368094 0.17419999999999997 0.29839999999999994 0.5274000000000001
-3845.997303180525 0.17419999999999997 0.31909999999999994 0.5067000000000002
-3821.4034109477093 0.17419999999999997 0.33979999999999994 0.48600000000000015
-3791.805999187648 0.17419999999999997 0.36049999999999993 0.46530000000000016
-3767.3282010133553 0.17419999999999997 0.38119999999999993 0.44460000000000016
-3746.1631122046592 0.17419999999999997 0.4018999999999999 0.42390000000000017
-3717.0986668501255 0.17419999999999997 0.4225999999999999 0.40320000000000017
-3687.859183347161 0.17419999999999997 0.4432999999999999 0.3825000000000002
-3664.2606038043227 0.17419999999999997 0.4639999999999999 0.3618000000000002
-3633.689098123134 0.17419999999999997 0.4846999999999999 0.3411000000000002
-3614.3343251491433 0.17419999999999997 0.5054 0.32040000000000013
-3582.546059469903 0.17419999999999997 0.5260999999999999 0.2997000000000002
-3552.9108729372238 0.17419999999999997 0.5468 0.27900000000000014
-3531.960247214319 0.17419999999999997 0.5674999999999999 0.2583000000000002
-3504.0355126716718 0.17419999999999997 0.5882 0.23760000000000014
-3475.0303246163276 0.17419999999999997 0.6089 0.2169000000000001
-3446.694946413522 0.17419999999999997 0.6295999999999999 0.19620000000000015
-3425.6349945813113 0.17419999999999997 0.6502999999999999 0.1755000000000002
-3394.3142124258666 0.17419999999999997 0.6709999999999999 0.15480000000000016
-3367.3384090517407 0.17419999999999997 0.6917 0.1341000000000001
-3335.184938354159 0.17419999999999997 0.7123999999999999 0.11340000000000017
-3302.422249134105 0.17419999999999997 0.7330999999999999 0.09270000000000023
-3287.189538459876 0.17419999999999997 0.7537999999999999 0.07200000000000017
-3255.525223331688 0.17419999999999997 0.7745 0.05130000000000012
-3222.9899381144146 0.17419999999999997 0.7951999999999999 0.030600000000000183
-4007.502191308011 0.19489999999999996 0.05 0.7551
-4018.7082218255828 0.19489999999999996 0.0707 0.7344
-4025.3004345935874 0.19489999999999996 0.0914 0.7137
-4028.538744022881 0.19489999999999996 0.11209999999999999 0.6930000000000001
-4028.447769256913 0.19489999999999996 0.13279999999999997 0.6723000000000001
-4028.777622857213 0.19489999999999996 0.15349999999999997 0.6516000000000001
-4031.6912035951436 0.19489999999999996 0.17419999999999997 0.6309
-4028.7825588514493 0.19489999999999996 0.19489999999999996 0.6102000000000001
-4029.6909324376893 0.19489999999999996 0.21559999999999996 0.5895000000000001
-4022.1265285473214 0.19489999999999996 0.23629999999999995 0.5688000000000001
-3989.4207078887707 0.19489999999999996 0.25699999999999995 0.5481
-3963.200464919575 0.19489999999999996 0.27769999999999995 0.5274000000000001
-3942.789339866865 0.19489999999999996 0.29839999999999994 0.5067000000000002
-3912.7502289028102 0.19489999999999996 0.31909999999999994 0.4860000000000001
-3887.776664667376 0.19489999999999996 0.33979999999999994 0.4653000000000001
-3864.7445438506056 0.19489999999999996 0.36049999999999993 0.4446000000000001
-3840.318067315947 0.19489999999999996 0.38119999999999993 0.4239000000000001
-3808.9246720762153 0.19489999999999996 0.4018999999999999 0.4032000000000001
-3788.599806885391 0.19489999999999996 0.4225999999999999 0.3825000000000001
-3761.2871111878994 0.19489999999999996 0.4432999999999999 0.3618000000000001
-3732.1873822829148 0.19489999999999996 0.4639999999999999 0.3411000000000001
-3710.1492389094888 0.19489999999999996 0.4846999999999999 0.32040000000000013
-3678.940175161726 0.19489999999999996 0.5054 0.2997000000000001
-3654.1228859767807 0.19489999999999996 0.5260999999999999 0.27900000000000014
-3634.6198061080954 0.19489999999999996 0.5468 0.2583000000000001
-3598.878364082478 0.19489999999999996 0.5674999999999999 0.23760000000000014
-3575.617722006872 0.19489999999999996 0.5882 0.2169000000000001
-3551.0229179839052 0.19489999999999996 0.6089 0.19620000000000004
-3517.1364244691854 0.19489999999999996 0.6295999999999999 0.1755000000000001
-3484.9374283428047 0.19489999999999996 0.6502999999999999 0.15480000000000016
-3468.0832984635535 0.19489999999999996 0.6709999999999999 0.1341000000000001
-3432.325359627114 0.19489999999999996 0.6917 0.11340000000000006
-3415.2818647182353 0.19489999999999996 0.7123999999999999 0.09270000000000012
-3380.2739880290806 0.19489999999999996 0.7330999999999999 0.07200000000000017
-3349.732457690477 0.19489999999999996 0.7537999999999999 0.05130000000000012
-3326.733895617557 0.19489999999999996 0.7745 0.03060000000000007
-4104.30946399253 0.21559999999999996 0.05 0.7343999999999999
-4111.54718989933 0.21559999999999996 0.0707 0.7137
-4112.480127951564 0.21559999999999996 0.0914 0.693
-4113.665740137256 0.21559999999999996 0.11209999999999999 0.6723
-4115.786323439579 0.21559999999999996 0.13279999999999997 0.6516
-4114.286364506658 0.21559999999999996 0.15349999999999997 0.6309
-4118.793373384178 0.21559999999999996 0.17419999999999997 0.6102000000000001
-4114.514423014162 0.21559999999999996 0.19489999999999996 0.5895
-4111.884203482746 0.21559999999999996 0.21559999999999996 0.5688
-4090.0901810930977 0.21559999999999996 0.23629999999999995 0.5481
-4063.4482030025883 0.21559999999999996 0.25699999999999995 0.5274000000000001
-4040.5935562462146 0.21559999999999996 0.27769999999999995 0.5067
-4015.653869866673 0.21559999999999996 0.29839999999999994 0.48600000000000004
-3989.604541857485 0.21559999999999996 0.31909999999999994 0.46530000000000005
-3968.4083931950686 0.21559999999999996 0.33979999999999994 0.44460000000000005
-3938.296403739401 0.21559999999999996 0.36049999999999993 0.42390000000000005
-3917.255464706688 0.21559999999999996 0.38119999999999993 0.40320000000000006
-3889.0180067097717 0.21559999999999996 0.4018999999999999 0.38250000000000006
-3865.7761813307156 0.21559999999999996 0.4225999999999999 0.36180000000000007
-3832.644268892441 0.21559999999999996 0.4432999999999999 0.34110000000000007
-3809.220230162596 0.21559999999999996 0.4639999999999999 0.3204000000000001
-3782.4107065089847 0.21559999999999996 0.4846999999999999 0.2997000000000001
-3766.3950504531517 0.21559999999999996 0.5054 0.279
-3736.2484627071667 0.21559999999999996 0.5260999999999999 0.2583000000000001
-3706.472841810912 0.21559999999999996 0.5468 0.23760000000000003
-3682.5237368165226 0.21559999999999996 0.5674999999999999 0.2169000000000001
-3652.0236667397307 0.21559999999999996 0.5882 0.19620000000000004
-3623.8496903278165 0.21559999999999996 0.6089 0.1755
-3608.4184293406215 0.21559999999999996 0.6295999999999999 0.15480000000000005
-3564.1397413337827 0.21559999999999996 0.6502999999999999 0.1341000000000001
-3539.117182468323 0.21559999999999996 0.6709999999999999 0.11340000000000006
-3511.489092581572 0.21559999999999996 0.6917 0.0927
