-3263.7056999678825 0.05 0.05 0.8999999999999999
-3270.561099237809 0.05 0.0707 0.8793
-3277.1391630041117 0.05 0.0914 0.8585999999999999
-3282.3736044135467 0.05 0.11209999999999999 0.8379
-3329.118749589128 0.05 0.13279999999999997 0.8171999999999999
-3288.758144441962 0.05 0.15349999999999997 0.7965
-3380.6587374671826 0.05 0.17419999999999997 0.7758
-3427.59127627993 0.05 0.19489999999999996 0.7551
-3473.0779271882498 0.05 0.21559999999999996 0.7343999999999999
-3430.4920793653782 0.05 0.23629999999999995 0.7137
-3474.6254640887987 0.05 0.25699999999999995 0.6930000000000001
-3456.457793790376 0.05 0.27769999999999995 0.6723
-3426.6084819808707 0.05 0.29839999999999994 0.6516
-3401.223864973748 0.05 0.31909999999999994 0.6309
-3375.7413196393054 0.05 0.33979999999999994 0.6102000000000001
-3352.2228221806954 0.05 0.36049999999999993 0.5895
-3329.5021765351344 0.05 0.38119999999999993 0.5688
-3299.974629765869 0.05 0.4018999999999999 0.5481
-3275.0794329525365 0.05 0.4225999999999999 0.5274000000000001
-3247.7120330667476 0.05 0.4432999999999999 0.5067
-3225.875400983581 0.05 0.4639999999999999 0.48600000000000004
-3197.0788280661786 0.05 0.4846999999999999 0.46530000000000005
-3173.85473972895 0.05 0.5054 0.4446
-3149.1205165480405 0.05 0.5260999999999999 0.42390000000000005
-3120.145519000883 0.05 0.5468 0.4032
-3094.984026605749 0.05 0.5674999999999999 0.38250000000000006
-3065.995090370254 0.05 0.5882 0.3618
-3039.7589819048917 0.05 0.6089 0.34109999999999996
-3015.332839443113 0.05 0.6295999999999999 0.3204
-2988.364947541568 0.05 0.6502999999999999 0.2997000000000001
-2956.6685372137254 0.05 0.6709999999999999 0.279
-2931.4979840358046 0.05 0.6917 0.2583
-2905.04171988751 0.05 0.7123999999999999 0.23760000000000003
-2876.903035508165 0.05 0.7330999999999999 0.2169000000000001
-2850.14661929435 0.05 0.7537999999999999 0.19620000000000004
-2821.3681436288266 0.05 0.7745 0.1755
-2794.67544223461 0.05 0.7951999999999999 0.15480000000000005
-2763.298659325036 0.05 0.8158999999999998 0.1341000000000001
-2740.141630319491 0.05 0.8365999999999999 0.11340000000000006
-2707.7590597638805 0.05 0.8573 0.0927
-2683.0494095678346 0.05 0.8779999999999999 0.07200000000000006
-2655.2658321866534 0.05 0.8986999999999998 0.05130000000000012
-2624.5724991298066 0.05 0.9193999999999999 0.03060000000000007
-3277.9730618416374 0.0707 0.05 0.8793
-3284.0319519982277 0.0707 0.0707 0.8586
-3332.365202296769 0.0707 0.0914 0.8379
-3292.0705644683712 0.0707 0.11209999999999999 0.8172
-3470.508394500782 0.0707 0.13279999999999997 0.7965
-3386.4414655424407 0.0707 0.15349999999999997 0.7758
-3478.5406174425193 0.0707 0.17419999999999997 0.7551000000000001
-3537.3971466674843 0.0707 0.19489999999999996 0.7344
-3540.9422000645545 0.0707 0.21559999999999996 0.7137
-3540.468183695158 0.0707 0.23629999999999995 0.6930000000000001
-3538.566951071698 0.0707 0.25699999999999995 0.6723000000000001
-3518.779684829995 0.0707 0.27769999999999995 0.6516000000000001
-3488.7146648306884 0.0707 0.29839999999999994 0.6309
-3462.1977737024677 0.0707 0.31909999999999994 0.6102000000000001
-3436.739239794203 0.0707 0.33979999999999994 0.5895000000000001
-3413.4272560095933 0.0707 0.36049999999999993 0.5688000000000001
-3388.9411663520586 0.0707 0.38119999999999993 0.5481
-3368.6263429852543 0.0707 0.4018999999999999 0.5274000000000001
-3339.5575305502725 0.0707 0.4225999999999999 0.5067000000000002
-3313.6223577954534 0.0707 0.4432999999999999 0.4860000000000001
-3283.276993455976 0.0707 0.4639999999999999 0.4653000000000001
-3260.1837341963396 0.0707 0.4846999999999999 0.4446000000000001
-3235.902857915859 0.0707 0.5054 0.42390000000000005
-3205.4728435862635 0.0707 0.5260999999999999 0.4032000000000001
-3183.229516408341 0.0707 0.5468 0.38250000000000006
-3154.2532079547077 0.0707 0.5674999999999999 0.3618000000000001
-3127.520168363756 0.0707 0.5882 0.34110000000000007
-3102.339286194831 0.0707 0.6089 0.3204
-3074.2042595529347 0.0707 0.6295999999999999 0.2997000000000001
-3046.747703902124 0.0707 0.6502999999999999 0.27900000000000014
-3022.07684542292 0.0707 0.6709999999999999 0.2583000000000001
-2990.388860891064 0.0707 0.6917 0.23760000000000003
-2967.4705300377345 0.0707 0.7123999999999999 0.2169000000000001
