-6001.836124859337 0.6709999999999999 0.05 0.2790000000000001
-5993.823825607173 0.6709999999999999 0.0707 0.2583000000000001
-5978.86866610146 0.6709999999999999 0.0914 0.2376000000000001
-5963.194975981717 0.6709999999999999 0.11209999999999999 0.2169000000000001
-5929.430552247423 0.6709999999999999 0.13279999999999997 0.1962000000000001
-5908.74533689514 0.6709999999999999 0.15349999999999997 0.1755000000000001
-5884.602079781507 0.6709999999999999 0.17419999999999997 0.1548000000000001
-5857.842087224857 0.6709999999999999 0.19489999999999996 0.1341000000000001
-5833.988880290796 0.6709999999999999 0.21559999999999996 0.11340000000000011
-5805.528042179278 0.6709999999999999 0.23629999999999995 0.09270000000000012
-5787.824108694472 0.6709999999999999 0.25699999999999995 0.07200000000000012
-5754.712276990081 0.6709999999999999 0.27769999999999995 0.05130000000000012
-5724.973979739386 0.6709999999999999 0.29839999999999994 0.030600000000000127
-6084.399263295019 0.6917 0.05 0.25830000000000003
-6077.567117998614 0.6917 0.0707 0.23760000000000003
-6067.393671239654 0.6917 0.0914 0.21690000000000004
-6038.620272496644 0.6917 0.11209999999999999 0.19620000000000004
-6017.066699290864 0.6917 0.13279999999999997 0.17550000000000004
-5988.570062635679 0.6917 0.15349999999999997 0.15480000000000005
-5966.1154015600605 0.6917 0.17419999999999997 0.13410000000000005
-5935.325340100972 0.6917 0.19489999999999996 0.11340000000000006
-5921.5939150476415 0.6917 0.21559999999999996 0.09270000000000006
-5887.777189048986 0.6917 0.23629999999999995 0.07200000000000006
-5860.677906149982 0.6917 0.25699999999999995 0.05130000000000007
-5839.295988686968 0.6917 0.27769999999999995 0.03060000000000007
-6183.52096591491 0.7123999999999999 0.05 0.2376000000000001
-6175.485384401601 0.7123999999999999 0.0707 0.2169000000000001
-6153.974577835816 0.7123999999999999 0.0914 0.1962000000000001
-6130.9311569773845 0.7123999999999999 0.11209999999999999 0.1755000000000001
-6093.661152458006 0.7123999999999999 0.13279999999999997 0.1548000000000001
-6075.368373616909 0.7123999999999999 0.15349999999999997 0.1341000000000001
-6059.458211730801 0.7123999999999999 0.17419999999999997 0.11340000000000011
-6024.2660364295225 0.7123999999999999 0.19489999999999996 0.09270000000000012
-6004.063134338238 0.7123999999999999 0.21559999999999996 0.07200000000000012
-5975.050831667319 0.7123999999999999 0.23629999999999995 0.05130000000000012
-5946.252843589047 0.7123999999999999 0.25699999999999995 0.030600000000000127
