-6516.8134552063875 0.7951999999999999 0.05 0.1548000000000001
-6499.203689846674 0.7951999999999999 0.0707 0.1341000000000001
-6474.33230025406 0.7951999999999999 0.0914 0.1134000000000001
-6448.09104005439 0.7951999999999999 0.11209999999999999 0.0927000000000001
-6424.968485814012 0.7951999999999999 0.13279999999999997 0.07200000000000012
-6396.577732519062 0.7951999999999999 0.15349999999999997 0.05130000000000012
-6371.398824229101 0.7951999999999999 0.17419999999999997 0.030600000000000127
-6602.06995700817 0.8158999999999998 0.05 0.13410000000000016
-6588.344521147384 0.8158999999999998 0.0707 0.11340000000000015
-6561.604145965721 0.8158999999999998 0.0914 0.09270000000000016
-6533.238081258387 0.8158999999999998 0.11209999999999999 0.07200000000000016
-6509.4674426715155 0.8158999999999998 0.13279999999999997 0.05130000000000018
-6485.304786546482 0.8158999999999998 0.15349999999999997 0.030600000000000183
-6693.2052095471145 0.8365999999999999 0.05 0.1134000000000001
-6673.436198983671 0.8365999999999999 0.0707 0.0927000000000001
-6645.079551846019 0.8365999999999999 0.0914 0.0720000000000001
-6619.078019742911 0.8365999999999999 0.11209999999999999 0.05130000000000011
-6592.472778226994 0.8365999999999999 0.13279999999999997 0.030600000000000127
