-6254.548923722429 0.7330999999999999 0.05 0.21690000000000015
-6251.143072144059 0.7330999999999999 0.0707 0.19620000000000015
-6225.213796833822 0.7330999999999999 0.0914 0.17550000000000016
-6200.449250044889 0.7330999999999999 0.11209999999999999 0.15480000000000016
-6176.570032954839 0.7330999999999999 0.13279999999999997 0.13410000000000016
-6148.790145507718 0.7330999999999999 0.15349999999999997 0.11340000000000017
-6124.524280467961 0.7330999999999999 0.17419999999999997 0.09270000000000017
-6106.2688054515065 0.7330999999999999 0.19489999999999996 0.07200000000000017
-6072.315292451908 0.7330999999999999 0.21559999999999996 0.05130000000000018
-6051.558677736666 0.7330999999999999 0.23629999999999995 0.030600000000000183
-6340.666803145575 0.7537999999999999 0.05 0.1962000000000001
-6331.126133251405 0.7537999999999999 0.0707 0.1755000000000001
-6306.869652873426 0.7537999999999999 0.0914 0.1548000000000001
-6284.775581701788 0.7537999999999999 0.11209999999999999 0.1341000000000001
-6257.535438198402 0.7537999999999999 0.13279999999999997 0.11340000000000011
-6241.677429220813 0.7537999999999999 0.15349999999999997 0.09270000000000012
-6208.1832564964725 0.7537999999999999 0.17419999999999997 0.07200000000000012
-6182.625880361423 0.7537999999999999 0.19489999999999996 0.05130000000000012
-6154.060104192989 0.7537999999999999 0.21559999999999996 0.030600000000000127
-6437.14142439744 0.7745 0.05 0.17550000000000004
-6422.229622612699 0.7745 0.0707 0.15480000000000005
-6395.961271416026 0.7745 0.0914 0.13410000000000005
-6373.084696596153 0.7745 0.11209999999999999 0.11340000000000004
-6345.121220919075 0.7745 0.13279999999999997 0.09270000000000006
-6324.151579282335 0.7745 0.15349999999999997 0.07200000000000006
-6300.554721872667 0.7745 0.17419999999999997 0.05130000000000007
-6268.811816941976 0.7745 0.19489999999999996 0.03060000000000007
