-6354.64904401996 0.7434999999999999 0.001 0.25550000000000006
-6332.628283510468 0.7434999999999999 0.0235 0.23300000000000007
-6314.550396460626 0.7434999999999999 0.046 0.21050000000000008
-6298.400307558615 0.7434999999999999 0.0685 0.18800000000000006
-6281.947128218148 0.7434999999999999 0.091 0.16550000000000006
-6263.558865265786 0.7434999999999999 0.11349999999999999 0.14300000000000007
-6243.897103714698 0.7434999999999999 0.136 0.12050000000000005
-6223.263344827846 0.7434999999999999 0.1585 0.09800000000000006
-6202.21652488684 0.7434999999999999 0.181 0.07550000000000007
-6179.475815222235 0.7434999999999999 0.2035 0.053000000000000075
-6154.515562526547 0.7434999999999999 0.22599999999999998 0.030500000000000083
-6122.881807585577 0.7434999999999999 0.256 0.000500000000000056
-6448.016874143068 0.766 0.001 0.23299999999999998
-6426.213927211671 0.766 0.0235 0.2105
-6409.221708652721 0.766 0.046 0.188
-6392.508703635868 0.766 0.0685 0.16549999999999998
-6375.73275938051 0.766 0.091 0.143
-6356.673157294119 0.766 0.11349999999999999 0.1205
-6336.15716042708 0.766 0.136 0.09799999999999998
-6314.9151950759315 0.766 0.1585 0.07549999999999998
-6292.982464837439 0.766 0.181 0.05299999999999999
-6268.749230147372 0.766 0.2035 0.0305
-6237.462268982716 0.766 0.233 0.0009999999999999731
-6542.247779297755 0.7885 0.001 0.21050000000000002
-6521.305811516704 0.7885 0.0235 0.18800000000000003
-6502.157501315164 0.7885 0.046 0.16550000000000004
-6487.072991223537 0.7885 0.0685 0.14300000000000002
-6469.556579759106 0.7885 0.091 0.12050000000000002
-6449.911104629492 0.7885 0.11349999999999999 0.09800000000000003
-6428.930083689886 0.7885 0.136 0.07550000000000001
-6407.745131263411 0.7885 0.1585 0.05300000000000002
-6383.242916181241 0.7885 0.181 0.030500000000000027
-6351.527242979634 0.7885 0.211 0.0005000000000000282
