-4639.561143220942 0.33849999999999997 0.001 0.6605
-4624.918468394882 0.33849999999999997 0.0235 0.638
-4612.5535739309535 0.33849999999999997 0.046 0.6154999999999999
-4599.691175679297 0.33849999999999997 0.0685 0.593
-4583.398686583098 0.33849999999999997 0.091 0.5705
-4567.597632934148 0.33849999999999997 0.11349999999999999 0.548
-4552.104599156509 0.33849999999999997 0.136 0.5255
-4535.182993319324 0.33849999999999997 0.1585 0.503
-4517.831244460963 0.33849999999999997 0.181 0.4805
-4500.620525718142 0.33849999999999997 0.2035 0.45799999999999996
-4482.579425668617 0.33849999999999997 0.22599999999999998 0.4355
-4464.311389670147 0.33849999999999997 0.2485 0.413
-4446.008544722403 0.33849999999999997 0.271 0.39049999999999996
-4427.281334649842 0.33849999999999997 0.2935 0.368
-4409.243090089832 0.33849999999999997 0.316 0.3455
-4389.599257419227 0.33849999999999997 0.33849999999999997 0.323
-4370.17513313225 0.33849999999999997 0.361 0.3005
-4349.680781301371 0.33849999999999997 0.3835 0.27799999999999997
-4327.231524544663 0.33849999999999997 0.40599999999999997 0.2555
-4305.790829428784 0.33849999999999997 0.4285 0.23299999999999998
-4285.266406560756 0.33849999999999997 0.45099999999999996 0.21050000000000002
-4263.7322224364525 0.33849999999999997 0.4735 0.188
-4243.35733315548 0.33849999999999997 0.496 0.16549999999999998
-4218.651046417311 0.33849999999999997 0.5185 0.14300000000000002
-4194.97660170695 0.33849999999999997 0.541 0.12049999999999994
-4169.320287726433 0.33849999999999997 0.5635 0.09799999999999998
-4144.549329905248 0.33849999999999997 0.586 0.07550000000000001
-4119.195444769786 0.33849999999999997 0.6084999999999999 0.05300000000000005
-4094.2220486301235 0.33849999999999997 0.631 0.03049999999999997
-4062.0731572960917 0.33849999999999997 0.661 0.0004999999999999449
-4734.594328532115 0.361 0.001 0.638
-4719.929449309713 0.361 0.0235 0.6155
-4706.2108954537425 0.361 0.046 0.593
-4692.990830794908 0.361 0.0685 0.5705
-4680.122548119395 0.361 0.091 0.548
-4663.908390723975 0.361 0.11349999999999999 0.5255000000000001
-4646.468413232157 0.361 0.136 0.503
-4630.077302314806 0.361 0.1585 0.48050000000000004
-4612.2119140860195 0.361 0.181 0.458
-4593.1467693745335 0.361 0.2035 0.4355
-4575.495864886916 0.361 0.22599999999999998 0.41300000000000003
-4557.672507885442 0.361 0.2485 0.3905
-4540.525922989229 0.361 0.271 0.368
-4521.610629002353 0.361 0.2935 0.34550000000000003
-4504.091687118334 0.361 0.316 0.323
-4483.721530054368 0.361 0.33849999999999997 0.30050000000000004
-4462.807991351634 0.361 0.361 0.278
-4440.681949488369 0.361 0.3835 0.2555
-4419.8156756252065 0.361 0.40599999999999997 0.23300000000000004
-4398.139478181543 0.361 0.4285 0.21050000000000002
-4377.565047836052 0.361 0.45099999999999996 0.18800000000000006
-4356.508673245198 0.361 0.4735 0.16550000000000004
-4331.721554512108 0.361 0.496 0.14300000000000002
-4308.339717521846 0.361 0.5185 0.12050000000000005
-4283.926778752403 0.361 0.541 0.09799999999999998
-4258.948572240454 0.361 0.5635 0.07550000000000001
-4233.911854051067 0.361 0.586 0.05300000000000005
-4208.371174391073 0.361 0.6084999999999999 0.030500000000000083
-4177.167175218646 0.361 0.638 0.0010000000000000009
-4830.096729426189 0.3835 0.001 0.6155
-4814.4832605496895 0.3835 0.0235 0.5930000000000001
-4803.0696741614065 0.3835 0.046 0.5705
-4787.1661234715275 0.3835 0.0685 0.548
-4774.469675767292 0.3835 0.091 0.5255000000000001
-4757.92006518105 0.3835 0.11349999999999999 0.5030000000000001
-4740.72187451096 0.3835 0.136 0.48050000000000004
-4723.668909903277 0.3835 0.1585 0.4580000000000001
-4705.454293601714 0.3835 0.181 0.43550000000000005
-4687.461305579751 0.3835 0.2035 0.41300000000000003
-4670.004841328728 0.3835 0.22599999999999998 0.39050000000000007
-4652.3328959344935 0.3835 0.2485 0.36800000000000005
-4634.68646026426 0.3835 0.271 0.34550000000000003
-4616.620503568114 0.3835 0.2935 0.32300000000000006
-4596.390042862141 0.3835 0.316 0.30050000000000004
-4575.991796634066 0.3835 0.33849999999999997 0.2780000000000001
-4554.713459139649 0.3835 0.361 0.25550000000000006
-4533.343989106004 0.3835 0.3835 0.23300000000000004
-4512.6279322296805 0.3835 0.40599999999999997 0.21050000000000008
-4491.11534603559 0.3835 0.4285 0.18800000000000006
-4470.5203247106865 0.3835 0.45099999999999996 0.1655000000000001
-4446.437310897713 0.3835 0.4735 0.14300000000000007
-4421.90475444017 0.3835 0.496 0.12050000000000005
-4398.424590363104 0.3835 0.5185 0.09800000000000009
-4373.393416214926 0.3835 0.541 0.07550000000000001
-4348.286966816715 0.3835 0.5635 0.05300000000000005
-4322.866797966657 0.3835 0.586 0.030500000000000083
-4291.060153766274 0.3835 0.616 0.000500000000000056
