-4354.939512905652 0.271 0.001 0.728
-4340.277583285443 0.271 0.0235 0.7055
-4325.028332327916 0.271 0.046 0.6829999999999999
-4314.35110495312 0.271 0.0685 0.6605
-4299.193382501191 0.271 0.091 0.638
-4282.192851259315 0.271 0.11349999999999999 0.6154999999999999
-4265.116866840512 0.271 0.136 0.593
-4247.772435022113 0.271 0.1585 0.5705
-4229.811250145001 0.271 0.181 0.548
-4213.754947891952 0.271 0.2035 0.5255
-4200.632732262631 0.271 0.22599999999999998 0.503
-4183.184249588262 0.271 0.2485 0.4805
-4165.847724406782 0.271 0.271 0.45799999999999996
-4148.740224284245 0.271 0.2935 0.4355
-4128.384740781399 0.271 0.316 0.413
-4111.44623447839 0.271 0.33849999999999997 0.3905
-4090.3066956970883 0.271 0.361 0.368
-4070.742550921927 0.271 0.3835 0.3455
-4050.7335315424066 0.271 0.40599999999999997 0.323
-4029.4019782840273 0.271 0.4285 0.3005
-4008.061676711172 0.271 0.45099999999999996 0.278
-3985.946550792926 0.271 0.4735 0.2555
-3964.7015115973095 0.271 0.496 0.23299999999999998
-3944.3525358317156 0.271 0.5185 0.21050000000000002
-3923.6526943549047 0.271 0.541 0.18799999999999994
-3899.9346719472146 0.271 0.5635 0.16549999999999998
-3874.552881857254 0.271 0.586 0.14300000000000002
-3851.0751569297504 0.271 0.6084999999999999 0.12050000000000005
-3825.8329395813794 0.271 0.631 0.09799999999999998
-3800.7482857965288 0.271 0.6535 0.07550000000000001
-3775.7872575840456 0.271 0.6759999999999999 0.05300000000000005
-3750.3640981794483 0.271 0.6985 0.03049999999999997
-3718.9757194693084 0.271 0.728 0.0010000000000000009
-4449.41103692101 0.2935 0.001 0.7055
-4434.5370994037 0.2935 0.0235 0.683
-4422.584613718652 0.2935 0.046 0.6605
-4403.744192795592 0.2935 0.0685 0.638
-4393.306291062251 0.2935 0.091 0.6155
-4380.885420894609 0.2935 0.11349999999999999 0.593
-4363.85554025735 0.2935 0.136 0.5705
-4340.7527610437055 0.2935 0.1585 0.548
-4330.300556981208 0.2935 0.181 0.5255000000000001
-4312.181902048433 0.2935 0.2035 0.503
-4295.028189068063 0.2935 0.22599999999999998 0.48050000000000004
-4276.998996537304 0.2935 0.2485 0.458
-4259.98124763356 0.2935 0.271 0.4355
-4241.257269724159 0.2935 0.2935 0.41300000000000003
-4222.336981678309 0.2935 0.316 0.3905
-4203.514741364844 0.2935 0.33849999999999997 0.36800000000000005
-4183.210468060191 0.2935 0.361 0.34550000000000003
-4164.012641743884 0.2935 0.3835 0.323
-4142.5642054959135 0.2935 0.40599999999999997 0.30050000000000004
-4121.917790466347 0.2935 0.4285 0.278
-4100.2616625980045 0.2935 0.45099999999999996 0.25550000000000006
-4078.4585824177684 0.2935 0.4735 0.23300000000000004
-4058.1138016480704 0.2935 0.496 0.21050000000000002
-4036.5583211713574 0.2935 0.5185 0.18800000000000006
-4013.7007526437324 0.2935 0.541 0.16549999999999998
-3989.373530770815 0.2935 0.5635 0.14300000000000002
-3965.9279476322695 0.2935 0.586 0.12050000000000005
-3940.8797210276684 0.2935 0.6084999999999999 0.09800000000000009
-3915.2921152298277 0.2935 0.631 0.07550000000000001
-3890.327930846146 0.2935 0.6535 0.05300000000000005
-3865.0594310638216 0.2935 0.6759999999999999 0.030500000000000083
-3833.326635163432 0.2935 0.706 0.000500000000000056
-4542.120629999414 0.316 0.001 0.6829999999999999
-4530.735531402721 0.316 0.0235 0.6605
-4517.127890805019 0.316 0.046 0.6379999999999999
-4504.820480970297 0.316 0.0685 0.6154999999999999
-4490.77079510703 0.316 0.091 0.593
-4475.205151417268 0.316 0.11349999999999999 0.5705
-4458.631452835546 0.316 0.136 0.5479999999999999
-4440.943142557643 0.316 0.1585 0.5255
-4418.312039548491 0.316 0.181 0.5029999999999999
-4406.822586046694 0.316 0.2035 0.4804999999999999
-4389.012414859024 0.316 0.22599999999999998 0.45799999999999996
-4371.72813266214 0.316 0.2485 0.43549999999999994
-4352.0962520101 0.316 0.271 0.4129999999999999
-4334.985844283587 0.316 0.2935 0.39049999999999996
-4316.784283910959 0.316 0.316 0.36799999999999994
-4298.0894000806375 0.316 0.33849999999999997 0.3455
-4276.757183909832 0.316 0.361 0.32299999999999995
-4256.1133274704125 0.316 0.3835 0.30049999999999993
-4235.493316097728 0.316 0.40599999999999997 0.27799999999999997
-4213.837480310579 0.316 0.4285 0.25549999999999995
-4192.486752709643 0.316 0.45099999999999996 0.23299999999999998
-4171.343300536614 0.316 0.4735 0.21049999999999996
-4150.914969094438 0.316 0.496 0.18799999999999994
-4128.252386325176 0.316 0.5185 0.16549999999999998
-4104.42467646201 0.316 0.541 0.1429999999999999
-4079.8389272655886 0.316 0.5635 0.12049999999999994
-4054.0377569628845 0.316 0.586 0.09799999999999998
-4029.7186504030237 0.316 0.6084999999999999 0.07550000000000001
-4004.384303878056 0.316 0.631 0.052999999999999936
-3979.3684645890576 0.316 0.6535 0.03049999999999997
-3948.0373264417894 0.316 0.683 0.0009999999999998899
