-5212.18734662722 0.4846999999999999 0.05 0.4653000000000001
-5200.044146567953 0.4846999999999999 0.0707 0.4446000000000001
-5183.282495107282 0.4846999999999999 0.0914 0.4239000000000001
-5171.023998311784 0.4846999999999999 0.11209999999999999 0.4032000000000001
-5152.894846199535 0.4846999999999999 0.13279999999999997 0.3825000000000001
-5137.156059481294 0.4846999999999999 0.15349999999999997 0.3618000000000001
-5123.406103831132 0.4846999999999999 0.17419999999999997 0.3411000000000001
-5104.605188362501 0.4846999999999999 0.19489999999999996 0.32040000000000013
-5091.030549268089 0.4846999999999999 0.21559999999999996 0.29970000000000013
-5071.51303166837 0.4846999999999999 0.23629999999999995 0.27900000000000014
-5054.085034705166 0.4846999999999999 0.25699999999999995 0.25830000000000014
-5037.894171371741 0.4846999999999999 0.27769999999999995 0.23760000000000014
-5017.23631244964 0.4846999999999999 0.29839999999999994 0.21690000000000015
-5001.040405081107 0.4846999999999999 0.31909999999999994 0.19620000000000015
-4979.927413082354 0.4846999999999999 0.33979999999999994 0.17550000000000016
-4961.635849226706 0.4846999999999999 0.36049999999999993 0.15480000000000016
-4944.568279879871 0.4846999999999999 0.38119999999999993 0.13410000000000016
-4921.8257981638835 0.4846999999999999 0.4018999999999999 0.11340000000000017
-4904.427266548799 0.4846999999999999 0.4225999999999999 0.09270000000000017
-4880.308822814268 0.4846999999999999 0.4432999999999999 0.07200000000000017
-4858.609358868635 0.4846999999999999 0.4639999999999999 0.05130000000000018
-4839.288851806965 0.4846999999999999 0.4846999999999999 0.030600000000000183
-5300.842193280044 0.5054 0.05 0.44460000000000005
-5286.532770824751 0.5054 0.0707 0.42390000000000005
-5272.273669649613 0.5054 0.0914 0.40320000000000006
-5257.024189137328 0.5054 0.11209999999999999 0.38250000000000006
-5239.046312874446 0.5054 0.13279999999999997 0.36180000000000007
-5225.548074050209 0.5054 0.15349999999999997 0.34110000000000007
-5209.149540520601 0.5054 0.17419999999999997 0.3204000000000001
-5192.328647699971 0.5054 0.19489999999999996 0.2997000000000001
-5176.446224867161 0.5054 0.21559999999999996 0.2790000000000001
-5156.991459040109 0.5054 0.23629999999999995 0.2583000000000001
-5141.613833917831 0.5054 0.25699999999999995 0.2376000000000001
-5123.362605153624 0.5054 0.27769999999999995 0.2169000000000001
-5104.922170309078 0.5054 0.29839999999999994 0.1962000000000001
-5085.6846177072275 0.5054 0.31909999999999994 0.1755000000000001
-5065.075149522435 0.5054 0.33979999999999994 0.1548000000000001
-5048.316407691078 0.5054 0.36049999999999993 0.1341000000000001
-5027.980379302753 0.5054 0.38119999999999993 0.11340000000000011
-5006.804237393244 0.5054 0.4018999999999999 0.09270000000000012
-4986.133971564739 0.5054 0.4225999999999999 0.07200000000000012
-4962.655798433711 0.5054 0.4432999999999999 0.05130000000000012
-4943.028618176447 0.5054 0.4639999999999999 0.030600000000000127
-5386.886415927707 0.5260999999999999 0.05 0.4239000000000001
-5375.041882847163 0.5260999999999999 0.0707 0.4032000000000001
-5358.4728090929875 0.5260999999999999 0.0914 0.3825000000000001
-5343.891301898463 0.5260999999999999 0.11209999999999999 0.3618000000000001
-5326.941343517197 0.5260999999999999 0.13279999999999997 0.3411000000000001
-5311.253803094221 0.5260999999999999 0.15349999999999997 0.32040000000000013
-5296.954177864641 0.5260999999999999 0.17419999999999997 0.29970000000000013
-5278.819704590243 0.5260999999999999 0.19489999999999996 0.27900000000000014
-5261.693499450885 0.5260999999999999 0.21559999999999996 0.25830000000000014
-5244.49623613952 0.5260999999999999 0.23629999999999995 0.23760000000000014
-5226.0462908093 0.5260999999999999 0.25699999999999995 0.21690000000000015
-5209.954540329869 0.5260999999999999 0.27769999999999995 0.19620000000000015
-5189.087510441626 0.5260999999999999 0.29839999999999994 0.17550000000000016
-5170.658378610994 0.5260999999999999 0.31909999999999994 0.15480000000000016
-5151.254664524422 0.5260999999999999 0.33979999999999994 0.13410000000000016
-5132.1612936267375 0.5260999999999999 0.36049999999999993 0.11340000000000017
-5113.886602962471 0.5260999999999999 0.38119999999999993 0.09270000000000017
-5090.012471656431 0.5260999999999999 0.4018999999999999 0.07200000000000017
-5068.930345084167 0.5260999999999999 0.4225999999999999 0.05130000000000018
-5046.890383889215 0.5260999999999999 0.4432999999999999 0.030600000000000183
