-6259.07803748502 0.7330999999999999 0.05 0.21690000000000015
-6245.405923611634 0.7330999999999999 0.0707 0.19620000000000015
-6226.91604874706 0.7330999999999999 0.0914 0.17550000000000016
-6210.824427173784 0.7330999999999999 0.11209999999999999 0.15480000000000016
-6193.307718578968 0.7330999999999999 0.13279999999999997 0.13410000000000016
-6174.897699653123 0.7330999999999999 0.15349999999999997 0.11340000000000017
-6157.94142133267 0.7330999999999999 0.17419999999999997 0.09270000000000017
-6137.396353067002 0.7330999999999999 0.19489999999999996 0.07200000000000017
-6117.539256621368 0.7330999999999999 0.21559999999999996 0.05130000000000018
-6095.9438490370685 0.7330999999999999 0.23629999999999995 0.030600000000000183
-6346.471770993638 0.7537999999999999 0.05 0.1962000000000001
-6331.1888242807045 0.7537999999999999 0.0707 0.1755000000000001
-6312.805721918884 0.7537999999999999 0.0914 0.1548000000000001
-6297.982178490636 0.7537999999999999 0.11209999999999999 0.1341000000000001
-6277.530112282619 0.7537999999999999 0.13279999999999997 0.11340000000000011
-6261.5123864699835 0.7537999999999999 0.15349999999999997 0.09270000000000012
-6243.606613313071 0.7537999999999999 0.17419999999999997 0.07200000000000012
-6221.128553700342 0.7537999999999999 0.19489999999999996 0.05130000000000012
-6202.284605446468 0.7537999999999999 0.21559999999999996 0.030600000000000127
-6433.0657089857095 0.7745 0.05 0.17550000000000004
-6417.364782580756 0.7745 0.0707 0.15480000000000005
-6400.456444104137 0.7745 0.0914 0.13410000000000005
-6382.872822533673 0.7745 0.11209999999999999 0.11340000000000004
-6364.751355783247 0.7745 0.13279999999999997 0.09270000000000006
-6346.258013456994 0.7745 0.15349999999999997 0.07200000000000006
-6326.039027917328 0.7745 0.17419999999999997 0.05130000000000007
-6305.708788379538 0.7745 0.19489999999999996 0.03060000000000007
