-5475.465759513531 0.5468 0.05 0.40320000000000006
-5461.117257055758 0.5468 0.0707 0.38250000000000006
-5444.102774859857 0.5468 0.0914 0.36180000000000007
-5430.779919217041 0.5468 0.11209999999999999 0.34110000000000007
-5412.729349980863 0.5468 0.13279999999999997 0.3204000000000001
-5398.964705248755 0.5468 0.15349999999999997 0.2997000000000001
-5383.173099839055 0.5468 0.17419999999999997 0.2790000000000001
-5364.463174098249 0.5468 0.19489999999999996 0.2583000000000001
-5348.96129492949 0.5468 0.21559999999999996 0.2376000000000001
-5329.923506301296 0.5468 0.23629999999999995 0.2169000000000001
-5312.989331989099 0.5468 0.25699999999999995 0.1962000000000001
-5294.656555381074 0.5468 0.27769999999999995 0.1755000000000001
-5273.746923243254 0.5468 0.29839999999999994 0.1548000000000001
-5257.586000593437 0.5468 0.31909999999999994 0.1341000000000001
-5235.574363483997 0.5468 0.33979999999999994 0.11340000000000011
-5217.086780485762 0.5468 0.36049999999999993 0.09270000000000012
-5196.631757031739 0.5468 0.38119999999999993 0.07200000000000012
-5172.805670960286 0.5468 0.4018999999999999 0.05130000000000012
-5153.399826287562 0.5468 0.4225999999999999 0.030600000000000127
-5561.696716565906 0.5674999999999999 0.05 0.3825000000000001
-5547.576374186582 0.5674999999999999 0.0707 0.3618000000000001
-5533.107231076792 0.5674999999999999 0.0914 0.3411000000000001
-5517.134747605412 0.5674999999999999 0.11209999999999999 0.32040000000000013
-5500.856664075034 0.5674999999999999 0.13279999999999997 0.29970000000000013
-5485.057370251165 0.5674999999999999 0.15349999999999997 0.27900000000000014
-5468.6411619182045 0.5674999999999999 0.17419999999999997 0.25830000000000014
-5452.54391798871 0.5674999999999999 0.19489999999999996 0.23760000000000014
-5434.748130785545 0.5674999999999999 0.21559999999999996 0.21690000000000015
-5416.91898154082 0.5674999999999999 0.23629999999999995 0.19620000000000015
-5397.8879982407325 0.5674999999999999 0.25699999999999995 0.17550000000000016
-5379.824474765988 0.5674999999999999 0.27769999999999995 0.15480000000000016
-5360.904271646765 0.5674999999999999 0.29839999999999994 0.13410000000000016
-5341.783102834848 0.5674999999999999 0.31909999999999994 0.11340000000000017
-5320.941375965205 0.5674999999999999 0.33979999999999994 0.09270000000000017
-5300.29053013586 0.5674999999999999 0.36049999999999993 0.07200000000000017
-5279.260487108661 0.5674999999999999 0.38119999999999993 0.05130000000000018
-5257.521914947643 0.5674999999999999 0.4018999999999999 0.030600000000000183
-5648.25764520804 0.5882 0.05 0.36180000000000007
-5635.872318303331 0.5882 0.0707 0.34110000000000007
-5618.871025450171 0.5882 0.0914 0.3204000000000001
-5605.46648112755 0.5882 0.11209999999999999 0.2997000000000001
-5587.178353317813 0.5882 0.13279999999999997 0.2790000000000001
-5571.055891435495 0.5882 0.15349999999999997 0.2583000000000001
-5556.566350478432 0.5882 0.17419999999999997 0.2376000000000001
-5537.481347506125 0.5882 0.19489999999999996 0.2169000000000001
-5521.531127522067 0.5882 0.21559999999999996 0.1962000000000001
-5501.1297836134645 0.5882 0.23629999999999995 0.1755000000000001
-5482.536321915225 0.5882 0.25699999999999995 0.1548000000000001
-5466.330304384982 0.5882 0.27769999999999995 0.1341000000000001
-5444.802908023891 0.5882 0.29839999999999994 0.11340000000000011
-5427.934013820507 0.5882 0.31909999999999994 0.09270000000000012
-5403.979912916698 0.5882 0.33979999999999994 0.07200000000000012
-5383.019644369342 0.5882 0.36049999999999993 0.05130000000000012
-5363.753351552179 0.5882 0.38119999999999993 0.030600000000000127
