-3263.457057465544 0.05 0.05 0.8999999999999999
-3270.828611729344 0.05 0.0707 0.8793
-3276.795187457587 0.05 0.0914 0.8585999999999999
-3325.0496107106046 0.05 0.11209999999999999 0.8379
-3329.7667131146263 0.05 0.13279999999999997 0.8171999999999999
-3333.0013066466868 0.05 0.15349999999999997 0.7965
-3336.538915588247 0.05 0.17419999999999997 0.7758
-3428.2229170144374 0.05 0.19489999999999996 0.7551
-3429.7009367435767 0.05 0.21559999999999996 0.7343999999999999
-3430.884218517072 0.05 0.23629999999999995 0.7137
-3478.5243649512836 0.05 0.25699999999999995 0.6930000000000001
-3457.271733628658 0.05 0.27769999999999995 0.6723
-3429.351281602271 0.05 0.29839999999999994 0.6516
-3403.335634027837 0.05 0.31909999999999994 0.6309
-3379.339326363333 0.05 0.33979999999999994 0.6102000000000001
-3346.506644968128 0.05 0.36049999999999993 0.5895
-3327.7914422797894 0.05 0.38119999999999993 0.5688
-3300.949399799718 0.05 0.4018999999999999 0.5481
-3275.218274381233 0.05 0.4225999999999999 0.5274000000000001
-3252.3849680263893 0.05 0.4432999999999999 0.5067
-3228.170421566962 0.05 0.4639999999999999 0.48600000000000004
-3199.773689638614 0.05 0.4846999999999999 0.46530000000000005
-3168.5596650751554 0.05 0.5054 0.4446
-3148.2478846420354 0.05 0.5260999999999999 0.42390000000000005
-3120.752448024185 0.05 0.5468 0.4032
-3092.059804692807 0.05 0.5674999999999999 0.38250000000000006
-3066.5000483773924 0.05 0.5882 0.3618
-3039.0260265717297 0.05 0.6089 0.34109999999999996
-3015.677822736536 0.05 0.6295999999999999 0.3204
-2988.3690963787717 0.05 0.6502999999999999 0.2997000000000001
-2935.929702336453 0.05 0.6709999999999999 0.279
-2930.5044828076957 0.05 0.6917 0.2583
-2906.4542547932556 0.05 0.7123999999999999 0.23760000000000003
-2875.5367671225677 0.05 0.7330999999999999 0.2169000000000001
-2847.6627617629047 0.05 0.7537999999999999 0.19620000000000004
-2823.655386165701 0.05 0.7745 0.1755
-2793.5843020655466 0.05 0.7951999999999999 0.15480000000000005
-2765.7721332180054 0.05 0.8158999999999998 0.1341000000000001
-2736.7078457247785 0.05 0.8365999999999999 0.11340000000000006
-2709.6508745174883 0.05 0.8573 0.0927
-2684.2663313279722 0.05 0.8779999999999999 0.07200000000000006
-2651.5416733457155 0.05 0.8986999999999998 0.05130000000000012
-2623.916733712498 0.05 0.9193999999999999 0.03060000000000007
-3320.643478679711 0.0707 0.05 0.8793
-3284.077610976782 0.0707 0.0707 0.8586
-3375.5208846020105 0.0707 0.0914 0.8379
-3378.9248485615985 0.0707 0.11209999999999999 0.8172
-3427.472341160562 0.0707 0.13279999999999997 0.7965
-3518.9613074295116 0.0707 0.15349999999999997 0.7758
-3521.84760183738 0.0707 0.17419999999999997 0.7551000000000001
-3526.8241801780773 0.0707 0.19489999999999996 0.7344
-3539.2988446097993 0.0707 0.21559999999999996 0.7137
-3541.149318980094 0.0707 0.23629999999999995 0.6930000000000001
-3540.5393814197037 0.0707 0.25699999999999995 0.6723000000000001
-3516.402126949516 0.0707 0.27769999999999995 0.6516000000000001
-3488.691494662386 0.0707 0.29839999999999994 0.6309
-3465.411985116316 0.0707 0.31909999999999994 0.6102000000000001
-3438.743877128437 0.0707 0.33979999999999994 0.5895000000000001
-3414.358454949693 0.0707 0.36049999999999993 0.5688000000000001
-3387.940505535992 0.0707 0.38119999999999993 0.5481
-3362.8495580090553 0.0707 0.4018999999999999 0.5274000000000001
-3335.4663576589132 0.0707 0.4225999999999999 0.5067000000000002
-3313.9512432686906 0.0707 0.4432999999999999 0.4860000000000001
-3288.4086764760996 0.0707 0.4639999999999999 0.4653000000000001
-3258.6439655410204 0.0707 0.4846999999999999 0.4446000000000001
-3233.1749422463236 0.0707 0.5054 0.42390000000000005
-3210.2648050836283 0.0707 0.5260999999999999 0.4032000000000001
-3177.8444516289437 0.0707 0.5468 0.38250000000000006
-3158.121798246432 0.0707 0.5674999999999999 0.3618000000000001
-3127.2816455580114 0.0707 0.5882 0.34110000000000007
-3102.95591159306 0.0707 0.6089 0.3204
-3077.8027125589374 0.0707 0.6295999999999999 0.2997000000000001
-3049.4662399787567 0.0707 0.6502999999999999 0.27900000000000014
-3021.6991139942006 0.0707 0.6709999999999999 0.2583000000000001
-2991.7156199921255 0.0707 0.6917 0.23760000000000003
-2968.298783636099 0.0707 0.7123999999999999 0.2169000000000001
-2936.744733387723 0.0707 0.7330999999999999 0.19620000000000015
-2912.322818516525 0.0707 0.7537999999999999 0.1755000000000001
-2884.751248558559 0.0707 0.7745 0.15480000000000005
-2852.4918612632564 0.0707 0.7951999999999999 0.1341000000000001
-2826.878512743575 0.0707 0.8158999999999998 0.11340000000000017
-2796.1293647411503 0.0707 0.8365999999999999 0.09270000000000012
-2771.401966781304 0.0707 0.8573 0.07200000000000006
-2743.1107860611746 0.0707 0.8779999999999999 0.05130000000000012
-2714.301634699059 0.0707 0.8986999999999998 0.030600000000000183
-3334.5124246017926 0.0914 0.05 0.8585999999999999
-3425.5056493185652 0.0914 0.0707 0.8379
-3473.024347704097 0.0914 0.0914 0.8171999999999999
-3565.9461950810237 0.0914 0.11209999999999999 0.7965
-3612.19354066552 0.0914 0.13279999999999997 0.7758
-3618.508998474023 0.0914 0.15349999999999997 0.7551
-3619.7743596980476 0.0914 0.17419999999999997 0.7343999999999999
-3622.695789941084 0.0914 0.19489999999999996 0.7137
-3625.5317297175607 0.0914 0.21559999999999996 0.6930000000000001
-3625.796307346746 0.0914 0.23629999999999995 0.6723
-3619.133913961561 0.0914 0.25699999999999995 0.6516
-3593.1793758848585 0.0914 0.27769999999999995 0.6309
-3567.082969925619 0.0914 0.29839999999999994 0.6102000000000001
-3540.9073893218288 0.0914 0.31909999999999994 0.5895
-3519.1611072203323 0.0914 0.33979999999999994 0.5688
-3492.5952612702417 0.0914 0.36049999999999993 0.5481
-3466.394474509455 0.0914 0.38119999999999993 0.5274000000000001
-3441.196163105491 0.0914 0.4018999999999999 0.5067
-3414.2692483800797 0.0914 0.4225999999999999 0.48600000000000004
-3389.9300622845694 0.0914 0.4432999999999999 0.46530000000000005
-3362.955627941379 0.0914 0.4639999999999999 0.44460000000000005
-3332.5988303986137 0.0914 0.4846999999999999 0.42390000000000005
-3310.696023641125 0.0914 0.5054 0.4032
-3283.1637819448297 0.0914 0.5260999999999999 0.38250000000000006
-3258.8723248621927 0.0914 0.5468 0.3618
-3231.223232707204 0.0914 0.5674999999999999 0.34110000000000007
-3203.7956706971117 0.0914 0.5882 0.3204
-3178.3241755669596 0.0914 0.6089 0.29969999999999997
-3155.3677040773914 0.0914 0.6295999999999999 0.279
-3123.6292967922395 0.0914 0.6502999999999999 0.2583000000000001
-3096.966790352355 0.0914 0.6709999999999999 0.23760000000000003
-3071.607454527031 0.0914 0.6917 0.21689999999999998
-3042.3070483174506 0.0914 0.7123999999999999 0.19620000000000004
-3013.8934520880266 0.0914 0.7330999999999999 0.1755000000000001
-2984.37004015585 0.0914 0.7537999999999999 0.15480000000000005
-2956.47685767012 0.0914 0.7745 0.1341
-2933.1474832385425 0.0914 0.7951999999999999 0.11340000000000006
-2903.2298627176456 0.0914 0.8158999999999998 0.09270000000000012
-2875.3803671322275 0.0914 0.8365999999999999 0.07200000000000006
-2846.536545811981 0.0914 0.8573 0.05130000000000001
-2817.1782401699634 0.0914 0.8779999999999999 0.03060000000000007
