-5742.019333492307 0.6089 0.05 0.3411
-5731.8345813477745 0.6089 0.0707 0.3204
-5729.371696327863 0.6089 0.0914 0.2997
-5721.074709273109 0.6089 0.11209999999999999 0.279
-5695.785432242359 0.6089 0.13279999999999997 0.25830000000000003
-5674.364925997952 0.6089 0.15349999999999997 0.23760000000000003
-5645.73515559818 0.6089 0.17419999999999997 0.21690000000000004
-5621.581937538052 0.6089 0.19489999999999996 0.19620000000000004
-5590.476354368284 0.6089 0.21559999999999996 0.17550000000000004
-5560.203483178838 0.6089 0.23629999999999995 0.15480000000000005
-5538.020124852547 0.6089 0.25699999999999995 0.13410000000000005
-5511.6862901857285 0.6089 0.27769999999999995 0.11340000000000006
-5488.408058908552 0.6089 0.29839999999999994 0.09270000000000006
-5467.627265313904 0.6089 0.31909999999999994 0.07200000000000006
-5441.943659911086 0.6089 0.33979999999999994 0.05130000000000007
-5406.318738783484 0.6089 0.36049999999999993 0.03060000000000007
-5820.665601752661 0.6295999999999999 0.05 0.3204000000000001
-5822.147924536847 0.6295999999999999 0.0707 0.2997000000000001
-5806.768425601529 0.6295999999999999 0.0914 0.2790000000000001
-5796.67962771448 0.6295999999999999 0.11209999999999999 0.2583000000000001
-5772.967430166078 0.6295999999999999 0.13279999999999997 0.2376000000000001
-5745.054230267361 0.6295999999999999 0.15349999999999997 0.2169000000000001
-5737.671588271261 0.6295999999999999 0.17419999999999997 0.1962000000000001
-5698.387211821125 0.6295999999999999 0.19489999999999996 0.1755000000000001
-5686.190375179324 0.6295999999999999 0.21559999999999996 0.1548000000000001
-5645.871543919256 0.6295999999999999 0.23629999999999995 0.1341000000000001
-5623.638102316192 0.6295999999999999 0.25699999999999995 0.11340000000000011
-5595.831063949588 0.6295999999999999 0.27769999999999995 0.09270000000000012
-5570.942417119847 0.6295999999999999 0.29839999999999994 0.07200000000000012
-5552.905674218394 0.6295999999999999 0.31909999999999994 0.05130000000000012
-5522.216368303668 0.6295999999999999 0.33979999999999994 0.030600000000000127
-5921.727733421583 0.6502999999999999 0.05 0.29970000000000013
-5922.156169583911 0.6502999999999999 0.0707 0.27900000000000014
-5908.038255437025 0.6502999999999999 0.0914 0.25830000000000014
-5889.917664904376 0.6502999999999999 0.11209999999999999 0.23760000000000014
-5857.267050580962 0.6502999999999999 0.13279999999999997 0.21690000000000015
-5842.0127529003075 0.6502999999999999 0.15349999999999997 0.19620000000000015
-5808.170682225388 0.6502999999999999 0.17419999999999997 0.17550000000000016
-5778.800052379189 0.6502999999999999 0.19489999999999996 0.15480000000000016
-5761.615419877444 0.6502999999999999 0.21559999999999996 0.13410000000000016
-5735.785633371317 0.6502999999999999 0.23629999999999995 0.11340000000000017
-5698.734728098454 0.6502999999999999 0.25699999999999995 0.09270000000000017
-5684.263964863725 0.6502999999999999 0.27769999999999995 0.07200000000000017
-5647.698484794017 0.6502999999999999 0.29839999999999994 0.05130000000000018
-5617.75038031371 0.6502999999999999 0.31909999999999994 0.030600000000000183
