-5997.208456765595 0.6709999999999999 0.05 0.2790000000000001
-5991.633263785531 0.6709999999999999 0.0707 0.2583000000000001
-5977.247089978609 0.6709999999999999 0.0914 0.2376000000000001
-5967.100376125953 0.6709999999999999 0.11209999999999999 0.2169000000000001
-5932.528425937597 0.6709999999999999 0.13279999999999997 0.1962000000000001
-5909.921528054626 0.6709999999999999 0.15349999999999997 0.1755000000000001
-5878.17272310477 0.6709999999999999 0.17419999999999997 0.1548000000000001
-5857.179715711952 0.6709999999999999 0.19489999999999996 0.1341000000000001
-5834.174530746082 0.6709999999999999 0.21559999999999996 0.11340000000000011
-5805.123198474314 0.6709999999999999 0.23629999999999995 0.09270000000000012
-5786.290627547768 0.6709999999999999 0.25699999999999995 0.07200000000000012
-5752.839768419705 0.6709999999999999 0.27769999999999995 0.05130000000000012
-5725.265390796683 0.6709999999999999 0.29839999999999994 0.030600000000000127
-6080.4935082063785 0.6917 0.05 0.25830000000000003
-6072.824519400228 0.6917 0.0707 0.23760000000000003
-6069.0055662863 0.6917 0.0914 0.21690000000000004
-6042.424830730269 0.6917 0.11209999999999999 0.19620000000000004
-6016.93167511264 0.6917 0.13279999999999997 0.17550000000000004
-5989.386754564245 0.6917 0.15349999999999997 0.15480000000000005
-5970.454129814866 0.6917 0.17419999999999997 0.13410000000000005
-5942.27281264466 0.6917 0.19489999999999996 0.11340000000000006
-5911.82304130921 0.6917 0.21559999999999996 0.09270000000000006
-5889.654598880725 0.6917 0.23629999999999995 0.07200000000000006
-5868.109319097146 0.6917 0.25699999999999995 0.05130000000000007
-5839.563778299197 0.6917 0.27769999999999995 0.03060000000000007
-6182.168866034231 0.7123999999999999 0.05 0.2376000000000001
-6174.916561399694 0.7123999999999999 0.0707 0.2169000000000001
-6156.296827400855 0.7123999999999999 0.0914 0.1962000000000001
-6132.145548248742 0.7123999999999999 0.11209999999999999 0.1755000000000001
-6101.990837481685 0.7123999999999999 0.13279999999999997 0.1548000000000001
-6073.2872341776665 0.7123999999999999 0.15349999999999997 0.1341000000000001
-6045.674522964933 0.7123999999999999 0.17419999999999997 0.11340000000000011
-6022.177205805207 0.7123999999999999 0.19489999999999996 0.09270000000000012
-6009.7130215341795 0.7123999999999999 0.21559999999999996 0.07200000000000012
-5971.286468384795 0.7123999999999999 0.23629999999999995 0.05130000000000012
-5951.162317646283 0.7123999999999999 0.25699999999999995 0.030600000000000127
