-4954.061509376602 0.4225999999999999 0.05 0.5274000000000001
-4939.0059608210495 0.4225999999999999 0.0707 0.5067000000000002
-4924.012513972116 0.4225999999999999 0.0914 0.48600000000000015
-4910.053708658446 0.4225999999999999 0.11209999999999999 0.46530000000000016
-4895.039036905825 0.4225999999999999 0.13279999999999997 0.44460000000000016
-4879.0825563986 0.4225999999999999 0.15349999999999997 0.42390000000000017
-4865.266503406161 0.4225999999999999 0.17419999999999997 0.40320000000000017
-4846.897643906116 0.4225999999999999 0.19489999999999996 0.3825000000000002
-4831.128678331371 0.4225999999999999 0.21559999999999996 0.3618000000000002
-4813.934761391261 0.4225999999999999 0.23629999999999995 0.3411000000000002
-4797.022130088653 0.4225999999999999 0.25699999999999995 0.3204000000000002
-4781.849223859937 0.4225999999999999 0.27769999999999995 0.2997000000000002
-4761.856128920419 0.4225999999999999 0.29839999999999994 0.2790000000000002
-4744.163637636958 0.4225999999999999 0.31909999999999994 0.2583000000000002
-4725.60425670039 0.4225999999999999 0.33979999999999994 0.2376000000000002
-4707.385776699457 0.4225999999999999 0.36049999999999993 0.2169000000000002
-4691.012666588704 0.4225999999999999 0.38119999999999993 0.1962000000000002
-4669.517955387185 0.4225999999999999 0.4018999999999999 0.1755000000000002
-4649.802685544579 0.4225999999999999 0.4225999999999999 0.15480000000000022
-4629.448023880103 0.4225999999999999 0.4432999999999999 0.13410000000000022
-4609.179117515571 0.4225999999999999 0.4639999999999999 0.11340000000000022
-4588.086146808089 0.4225999999999999 0.4846999999999999 0.09270000000000023
-4567.5026763187125 0.4225999999999999 0.5054 0.07200000000000017
-4546.044915925518 0.4225999999999999 0.5260999999999999 0.051300000000000234
-4523.086376541868 0.4225999999999999 0.5468 0.030600000000000183
-5040.757703696473 0.4432999999999999 0.05 0.5067
-5027.133724063627 0.4432999999999999 0.0707 0.4860000000000001
-5013.0795518920195 0.4432999999999999 0.0914 0.4653000000000001
-4998.540439311958 0.4432999999999999 0.11209999999999999 0.4446000000000001
-4980.452070552227 0.4432999999999999 0.13279999999999997 0.4239000000000001
-4966.985024514142 0.4432999999999999 0.15349999999999997 0.4032000000000001
-4951.483684148777 0.4432999999999999 0.17419999999999997 0.3825000000000001
-4932.952086320631 0.4432999999999999 0.19489999999999996 0.3618000000000001
-4918.67003723639 0.4432999999999999 0.21559999999999996 0.3411000000000001
-4899.507895220969 0.4432999999999999 0.23629999999999995 0.32040000000000013
-4884.639471207999 0.4432999999999999 0.25699999999999995 0.29970000000000013
-4867.275616490238 0.4432999999999999 0.27769999999999995 0.27900000000000014
-4847.162110221222 0.4432999999999999 0.29839999999999994 0.25830000000000014
-4831.376925553136 0.4432999999999999 0.31909999999999994 0.23760000000000014
-4810.337904460137 0.4432999999999999 0.33979999999999994 0.21690000000000015
-4793.955508821192 0.4432999999999999 0.36049999999999993 0.19620000000000015
-4775.036603108844 0.4432999999999999 0.38119999999999993 0.17550000000000016
-4753.359558020795 0.4432999999999999 0.4018999999999999 0.15480000000000016
-4735.665483190446 0.4432999999999999 0.4225999999999999 0.13410000000000016
-4712.886257190409 0.4432999999999999 0.4432999999999999 0.11340000000000017
-4695.084819587383 0.4432999999999999 0.4639999999999999 0.09270000000000017
-4673.851072460984 0.4432999999999999 0.4846999999999999 0.07200000000000017
-4652.338952137411 0.4432999999999999 0.5054 0.05130000000000012
-4629.809897783589 0.4432999999999999 0.5260999999999999 0.030600000000000183
-5127.360922638446 0.4639999999999999 0.05 0.48600000000000004
-5113.522412521377 0.4639999999999999 0.0707 0.46530000000000005
-5099.310592518899 0.4639999999999999 0.0914 0.44460000000000005
-5084.377542348418 0.4639999999999999 0.11209999999999999 0.42390000000000005
-5069.075076260777 0.4639999999999999 0.13279999999999997 0.40320000000000006
-5053.10128635626 0.4639999999999999 0.15349999999999997 0.38250000000000006
-5037.2855416176635 0.4639999999999999 0.17419999999999997 0.36180000000000007
-5020.878411851197 0.4639999999999999 0.19489999999999996 0.34110000000000007
-5004.60618930044 0.4639999999999999 0.21559999999999996 0.3204000000000001
-4987.223711868895 0.4639999999999999 0.23629999999999995 0.2997000000000001
-4969.876890559553 0.4639999999999999 0.25699999999999995 0.2790000000000001
-4952.522735732029 0.4639999999999999 0.27769999999999995 0.2583000000000001
-4934.159925017839 0.4639999999999999 0.29839999999999994 0.2376000000000001
-4916.192955102883 0.4639999999999999 0.31909999999999994 0.2169000000000001
-4897.4571244397275 0.4639999999999999 0.33979999999999994 0.1962000000000001
-4878.42937887867 0.4639999999999999 0.36049999999999993 0.1755000000000001
-4859.638943489132 0.4639999999999999 0.38119999999999993 0.1548000000000001
-4839.160260309442 0.4639999999999999 0.4018999999999999 0.1341000000000001
-4819.220359989934 0.4639999999999999 0.4225999999999999 0.11340000000000011
-4798.39257998074 0.4639999999999999 0.4432999999999999 0.09270000000000012
-4777.702729950381 0.4639999999999999 0.4639999999999999 0.07200000000000012
-4756.432588827419 0.4639999999999999 0.4846999999999999 0.05130000000000012
-4734.085738223833 0.4639999999999999 0.5054 0.03060000000000007
