-5739.530355034699 0.6089 0.05 0.3411
-5724.541917962926 0.6089 0.0707 0.3204
-5709.028129377752 0.6089 0.0914 0.2997
-5693.900476874385 0.6089 0.11209999999999999 0.279
-5675.45666364707 0.6089 0.13279999999999997 0.25830000000000003
-5661.341822652357 0.6089 0.15349999999999997 0.23760000000000003
-5644.050152429757 0.6089 0.17419999999999997 0.21690000000000004
-5626.441926150193 0.6089 0.19489999999999996 0.19620000000000004
-5608.707077397392 0.6089 0.21559999999999996 0.17550000000000004
-5588.079005220439 0.6089 0.23629999999999995 0.15480000000000005
-5571.740120912469 0.6089 0.25699999999999995 0.13410000000000005
-5552.598593170489 0.6089 0.27769999999999995 0.11340000000000006
-5532.276236376621 0.6089 0.29839999999999994 0.09270000000000006
-5512.217485849336 0.6089 0.31909999999999994 0.07200000000000006
-5489.305343651253 0.6089 0.33979999999999994 0.05130000000000007
-5470.089181010898 0.6089 0.36049999999999993 0.03060000000000007
-5825.605863752501 0.6295999999999999 0.05 0.3204000000000001
-5813.238394794271 0.6295999999999999 0.0707 0.2997000000000001
-5795.175539656923 0.6295999999999999 0.0914 0.2790000000000001
-5779.400356901044 0.6295999999999999 0.11209999999999999 0.2583000000000001
-5763.531989526433 0.6295999999999999 0.13279999999999997 0.2376000000000001
-5746.701985670958 0.6295999999999999 0.15349999999999997 0.2169000000000001
-5731.857656999428 0.6295999999999999 0.17419999999999997 0.1962000000000001
-5711.559940425567 0.6295999999999999 0.19489999999999996 0.1755000000000001
-5693.723498898571 0.6295999999999999 0.21559999999999996 0.1548000000000001
-5674.9876070623695 0.6295999999999999 0.23629999999999995 0.1341000000000001
-5655.975603307992 0.6295999999999999 0.25699999999999995 0.11340000000000011
-5638.552301934375 0.6295999999999999 0.27769999999999995 0.09270000000000012
-5616.124324682919 0.6295999999999999 0.29839999999999994 0.07200000000000012
-5595.621948199501 0.6295999999999999 0.31909999999999994 0.05130000000000012
-5573.937178969788 0.6295999999999999 0.33979999999999994 0.030600000000000127
-5914.386247760606 0.6502999999999999 0.05 0.29970000000000013
-5899.502286798223 0.6502999999999999 0.0707 0.27900000000000014
-5881.29436852462 0.6502999999999999 0.0914 0.25830000000000014
-5867.676297895145 0.6502999999999999 0.11209999999999999 0.23760000000000014
-5849.027990606158 0.6502999999999999 0.13279999999999997 0.21690000000000015
-5834.624095607146 0.6502999999999999 0.15349999999999997 0.19620000000000015
-5817.266522361899 0.6502999999999999 0.17419999999999997 0.17550000000000016
-5796.727019380976 0.6502999999999999 0.19489999999999996 0.15480000000000016
-5780.5177888327835 0.6502999999999999 0.21559999999999996 0.13410000000000016
-5759.572993933794 0.6502999999999999 0.23629999999999995 0.11340000000000017
-5742.669587265194 0.6502999999999999 0.25699999999999995 0.09270000000000017
-5722.67668556614 0.6502999999999999 0.27769999999999995 0.07200000000000017
-5699.728817989754 0.6502999999999999 0.29839999999999994 0.05130000000000018
-5680.890281153401 0.6502999999999999 0.31909999999999994 0.030600000000000183
