-3647.389289589703 0.11209999999999999 0.05 0.8379
-3634.239715642164 0.11209999999999999 0.0707 0.8172
-3620.2877365009626 0.11209999999999999 0.0914 0.7965
-3605.0939809788106 0.11209999999999999 0.11209999999999999 0.7758
-3592.822947077585 0.11209999999999999 0.13279999999999997 0.7551000000000001
-3578.313691668901 0.11209999999999999 0.15349999999999997 0.7344
-3561.5988007744004 0.11209999999999999 0.17419999999999997 0.7137
-3546.38111729063 0.11209999999999999 0.19489999999999996 0.6930000000000001
-3530.9429077304007 0.11209999999999999 0.21559999999999996 0.6723000000000001
-3514.6324816540814 0.11209999999999999 0.23629999999999995 0.6516000000000001
-3498.8269658172417 0.11209999999999999 0.25699999999999995 0.6309
-3483.8370746354094 0.11209999999999999 0.27769999999999995 0.6102000000000001
-3466.743071248989 0.11209999999999999 0.29839999999999994 0.5895000000000001
-3450.8393174295957 0.11209999999999999 0.31909999999999994 0.5688000000000001
-3433.977302804707 0.11209999999999999 0.33979999999999994 0.5481
-3417.389786601321 0.11209999999999999 0.36049999999999993 0.5274000000000001
-3400.619704123462 0.11209999999999999 0.38119999999999993 0.5067000000000002
-3383.0661665364864 0.11209999999999999 0.4018999999999999 0.4860000000000001
-3365.6017322542784 0.11209999999999999 0.4225999999999999 0.4653000000000001
-3347.7617592281345 0.11209999999999999 0.4432999999999999 0.4446000000000001
-3330.3057535285006 0.11209999999999999 0.4639999999999999 0.4239000000000001
-3311.8830643160272 0.11209999999999999 0.4846999999999999 0.4032000000000001
-3294.1516760847885 0.11209999999999999 0.5054 0.38250000000000006
-3276.04232651308 0.11209999999999999 0.5260999999999999 0.3618000000000001
-3257.0088696890743 0.11209999999999999 0.5468 0.34110000000000007
-3238.2290369785546 0.11209999999999999 0.5674999999999999 0.32040000000000013
-3219.166843042084 0.11209999999999999 0.5882 0.2997000000000001
-3200.05016580876 0.11209999999999999 0.6089 0.279
-3180.643447006001 0.11209999999999999 0.6295999999999999 0.2583000000000001
-3160.5451211397476 0.11209999999999999 0.6502999999999999 0.23760000000000014
-3140.5475135741663 0.11209999999999999 0.6709999999999999 0.2169000000000001
-3119.855031727275 0.11209999999999999 0.6917 0.19620000000000004
-3099.6643742144715 0.11209999999999999 0.7123999999999999 0.1755000000000001
-3078.933518416199 0.11209999999999999 0.7330999999999999 0.15480000000000016
-3057.569904790568 0.11209999999999999 0.7537999999999999 0.1341000000000001
-3036.1618602712856 0.11209999999999999 0.7745 0.11340000000000006
-3014.1724559429954 0.11209999999999999 0.7951999999999999 0.09270000000000012
-2992.417191594992 0.11209999999999999 0.8158999999999998 0.07200000000000017
-2970.2240821394953 0.11209999999999999 0.8365999999999999 0.05130000000000012
-2947.5046875525736 0.11209999999999999 0.8573 0.03060000000000007
-3736.375451803031 0.13279999999999997 0.05 0.8171999999999999
-3722.246833041506 0.13279999999999997 0.0707 0.7965
-3708.041363272255 0.13279999999999997 0.0914 0.7757999999999999
-3693.338994363052 0.13279999999999997 0.11209999999999999 0.7551
-3680.823142687858 0.13279999999999997 0.13279999999999997 0.7343999999999999
-3664.474854533142 0.13279999999999997 0.15349999999999997 0.7137
-3650.281072882689 0.13279999999999997 0.17419999999999997 0.6930000000000001
-3634.2590453012845 0.13279999999999997 0.19489999999999996 0.6723
-3618.327940574395 0.13279999999999997 0.21559999999999996 0.6516
-3602.3878705183106 0.13279999999999997 0.23629999999999995 0.6309
-3586.4992593053794 0.13279999999999997 0.25699999999999995 0.6102000000000001
-3570.806343607285 0.13279999999999997 0.27769999999999995 0.5895
-3554.228587089229 0.13279999999999997 0.29839999999999994 0.5688
-3537.8901304751594 0.13279999999999997 0.31909999999999994 0.5481
-3521.499359654417 0.13279999999999997 0.33979999999999994 0.5274000000000001
-3504.740414797361 0.13279999999999997 0.36049999999999993 0.5067
-3487.6959823867696 0.13279999999999997 0.38119999999999993 0.48600000000000004
-3469.9086365475337 0.13279999999999997 0.4018999999999999 0.46530000000000005
-3452.753328017479 0.13279999999999997 0.4225999999999999 0.44460000000000005
-3435.2766727895278 0.13279999999999997 0.4432999999999999 0.42390000000000005
-3416.797856410015 0.13279999999999997 0.4639999999999999 0.40320000000000006
-3399.1031744191173 0.13279999999999997 0.4846999999999999 0.38250000000000006
-3380.8985918823464 0.13279999999999997 0.5054 0.3618
-3362.260413661516 0.13279999999999997 0.5260999999999999 0.34110000000000007
-3343.4801348447477 0.13279999999999997 0.5468 0.3204
-3324.2685729150694 0.13279999999999997 0.5674999999999999 0.2997000000000001
-3305.398522619546 0.13279999999999997 0.5882 0.279
-3286.2828179097755 0.13279999999999997 0.6089 0.2583
-3265.95094862986 0.13279999999999997 0.6295999999999999 0.23760000000000003
-3246.2373394913884 0.13279999999999997 0.6502999999999999 0.2169000000000001
-3225.756289093079 0.13279999999999997 0.6709999999999999 0.19620000000000004
-3205.338479849473 0.13279999999999997 0.6917 0.1755
-3184.571794454267 0.13279999999999997 0.7123999999999999 0.15480000000000005
-3163.5396154057985 0.13279999999999997 0.7330999999999999 0.1341000000000001
-3142.2224975448175 0.13279999999999997 0.7537999999999999 0.11340000000000006
-3120.3703234069703 0.13279999999999997 0.7745 0.0927
-3098.5837459784047 0.13279999999999997 0.7951999999999999 0.07200000000000006
-3076.554141521655 0.13279999999999997 0.8158999999999998 0.05130000000000012
-3052.8779933356473 0.13279999999999997 0.8365999999999999 0.03060000000000007
-3822.7433547305036 0.15349999999999997 0.05 0.7965
-3808.2196838988875 0.15349999999999997 0.0707 0.7758
-3794.9597499543956 0.15349999999999997 0.0914 0.7551
-3779.8016427327375 0.15349999999999997 0.11209999999999999 0.7344
-3765.9861745626863 0.15349999999999997 0.13279999999999997 0.7137
-3750.301309736683 0.15349999999999997 0.15349999999999997 0.6930000000000001
-3734.4625335871 0.15349999999999997 0.17419999999999997 0.6723000000000001
-3719.3325975080566 0.15349999999999997 0.19489999999999996 0.6516000000000001
-3704.1144420600262 0.15349999999999997 0.21559999999999996 0.6309
-3687.4998111119494 0.15349999999999997 0.23629999999999995 0.6102000000000001
-3671.7875300987207 0.15349999999999997 0.25699999999999995 0.5895000000000001
-3656.412984687136 0.15349999999999997 0.27769999999999995 0.5688000000000001
-3639.7812803501865 0.15349999999999997 0.29839999999999994 0.5481
-3623.6007606539497 0.15349999999999997 0.31909999999999994 0.5274000000000001
-3606.397620086632 0.15349999999999997 0.33979999999999994 0.5067000000000002
-3589.6298888229326 0.15349999999999997 0.36049999999999993 0.4860000000000001
-3572.6380773248025 0.15349999999999997 0.38119999999999993 0.4653000000000001
-3554.97449015679 0.15349999999999997 0.4018999999999999 0.4446000000000001
-3537.6443080483755 0.15349999999999997 0.4225999999999999 0.4239000000000001
-3519.353210641905 0.15349999999999997 0.4432999999999999 0.4032000000000001
-3501.592982731147 0.15349999999999997 0.4639999999999999 0.3825000000000001
-3483.591882972407 0.15349999999999997 0.4846999999999999 0.3618000000000001
-3464.867164497092 0.15349999999999997 0.5054 0.34110000000000007
-3446.2744744054808 0.15349999999999997 0.5260999999999999 0.32040000000000013
-3426.96325255715 0.15349999999999997 0.5468 0.2997000000000001
-3408.166653361334 0.15349999999999997 0.5674999999999999 0.27900000000000014
-3389.3876376846324 0.15349999999999997 0.5882 0.2583000000000001
-3369.4748172313743 0.15349999999999997 0.6089 0.23760000000000003
-3349.6437558356674 0.15349999999999997 0.6295999999999999 0.2169000000000001
-3328.729467448472 0.15349999999999997 0.6502999999999999 0.19620000000000015
-3308.9361655887374 0.15349999999999997 0.6709999999999999 0.1755000000000001
-3288.3451886578105 0.15349999999999997 0.6917 0.15480000000000005
-3266.7453913412023 0.15349999999999997 0.7123999999999999 0.1341000000000001
-3245.631582205482 0.15349999999999997 0.7330999999999999 0.11340000000000017
-3223.9753928618516 0.15349999999999997 0.7537999999999999 0.09270000000000012
-3202.2669867420855 0.15349999999999997 0.7745 0.07200000000000006
-3180.062402525642 0.15349999999999997 0.7951999999999999 0.05130000000000012
-3156.4912453613088 0.15349999999999997 0.8158999999999998 0.030600000000000183
