-3386.135913562783 0.05 0.05 0.8999999999999999
-3372.714727835035 0.05 0.0707 0.8793
-3358.7712529381142 0.05 0.0914 0.8585999999999999
-3344.9775339016333 0.05 0.11209999999999999 0.8379
-3331.5290258664772 0.05 0.13279999999999997 0.8171999999999999
-3316.9038118119547 0.05 0.15349999999999997 0.7965
-3303.000569613753 0.05 0.17419999999999997 0.7758
-3289.1671777844444 0.05 0.19489999999999996 0.7551
-3273.817907324019 0.05 0.21559999999999996 0.7343999999999999
-3257.495936178608 0.05 0.23629999999999995 0.7137
-3241.202656081126 0.05 0.25699999999999995 0.6930000000000001
-3225.45224170869 0.05 0.27769999999999995 0.6723
-3208.620932949494 0.05 0.29839999999999994 0.6516
-3192.421833125758 0.05 0.31909999999999994 0.6309
-3176.350455473317 0.05 0.33979999999999994 0.6102000000000001
-3159.486790671119 0.05 0.36049999999999993 0.5895
-3143.5432701208038 0.05 0.38119999999999993 0.5688
-3126.423027217373 0.05 0.4018999999999999 0.5481
-3109.314568919647 0.05 0.4225999999999999 0.5274000000000001
-3091.5610420920566 0.05 0.4432999999999999 0.5067
-3074.3845064727193 0.05 0.4639999999999999 0.48600000000000004
-3057.0473894788956 0.05 0.4846999999999999 0.46530000000000005
-3038.713483274326 0.05 0.5054 0.4446
-3021.171540139351 0.05 0.5260999999999999 0.42390000000000005
-3002.5820161914257 0.05 0.5468 0.4032
-2984.5283916539943 0.05 0.5674999999999999 0.38250000000000006
-2966.003135675046 0.05 0.5882 0.3618
-2946.787546183563 0.05 0.6089 0.34109999999999996
-2928.0184605713193 0.05 0.6295999999999999 0.3204
-2908.3351063004693 0.05 0.6502999999999999 0.2997000000000001
-2889.387676743349 0.05 0.6709999999999999 0.279
-2869.8978391690885 0.05 0.6917 0.2583
-2849.243116996385 0.05 0.7123999999999999 0.23760000000000003
-2829.1563653596636 0.05 0.7330999999999999 0.2169000000000001
-2808.2880833036947 0.05 0.7537999999999999 0.19620000000000004
-2787.66993364078 0.05 0.7745 0.1755
-2766.7379311047166 0.05 0.7951999999999999 0.15480000000000005
-2744.9885885172903 0.05 0.8158999999999998 0.1341000000000001
-2723.750156296239 0.05 0.8365999999999999 0.11340000000000006
-2701.5199430882262 0.05 0.8573 0.0927
-2679.4608730957866 0.05 0.8779999999999999 0.07200000000000006
-2656.9036831452436 0.05 0.8986999999999998 0.05130000000000012
-2634.6190136228875 0.05 0.9193999999999999 0.03060000000000007
-3472.539705000115 0.0707 0.05 0.8793
-3459.2410309259794 0.0707 0.0707 0.8586
-3445.268028800685 0.0707 0.0914 0.8379
-3431.7354518999155 0.0707 0.11209999999999999 0.8172
-3417.0117932874277 0.0707 0.13279999999999997 0.7965
-3403.655020457005 0.0707 0.15349999999999997 0.7758
-3388.1373648219437 0.0707 0.17419999999999997 0.7551000000000001
-3373.7676395582394 0.0707 0.19489999999999996 0.7344
-3358.8889489086014 0.0707 0.21559999999999996 0.7137
-3341.9377228214885 0.0707 0.23629999999999995 0.6930000000000001
-3325.8631867714635 0.0707 0.25699999999999995 0.6723000000000001
-3310.0111000981 0.0707 0.27769999999999995 0.6516000000000001
-3293.778464892054 0.0707 0.29839999999999994 0.6309
-3277.781134877032 0.0707 0.31909999999999994 0.6102000000000001
-3261.1133579804587 0.0707 0.33979999999999994 0.5895000000000001
-3244.731519898456 0.0707 0.36049999999999993 0.5688000000000001
-3228.2422166254823 0.0707 0.38119999999999993 0.5481
-3210.93921528259 0.0707 0.4018999999999999 0.5274000000000001
-3194.198506333831 0.0707 0.4225999999999999 0.5067000000000002
-3176.332612119622 0.0707 0.4432999999999999 0.4860000000000001
-3159.136342301073 0.0707 0.4639999999999999 0.4653000000000001
-3140.971091393078 0.0707 0.4846999999999999 0.4446000000000001
-3123.3174424676436 0.0707 0.5054 0.42390000000000005
-3104.8283751961276 0.0707 0.5260999999999999 0.4032000000000001
-3086.780219144425 0.0707 0.5468 0.38250000000000006
-3068.30554247133 0.0707 0.5674999999999999 0.3618000000000001
-3049.37671503623 0.0707 0.5882 0.34110000000000007
-3030.661359936719 0.0707 0.6089 0.3204
-3011.3074437005203 0.0707 0.6295999999999999 0.2997000000000001
-2991.9337293201397 0.0707 0.6502999999999999 0.27900000000000014
-2972.4955855977955 0.0707 0.6709999999999999 0.2583000000000001
-2952.16526751807 0.0707 0.6917 0.23760000000000003
-2932.083228411212 0.0707 0.7123999999999999 0.2169000000000001
-2911.123242311401 0.0707 0.7330999999999999 0.19620000000000015
-2890.7553646805222 0.0707 0.7537999999999999 0.1755000000000001
-2869.9359022535236 0.0707 0.7745 0.15480000000000005
-2848.398347744489 0.0707 0.7951999999999999 0.1341000000000001
-2827.0500667850315 0.0707 0.8158999999999998 0.11340000000000017
-2804.8833375444797 0.0707 0.8365999999999999 0.09270000000000012
-2782.86629149994 0.0707 0.8573 0.07200000000000006
-2760.743276906012 0.0707 0.8779999999999999 0.05130000000000012
-2737.5141318120577 0.0707 0.8986999999999998 0.030600000000000183
-3561.349276034103 0.0914 0.05 0.8585999999999999
-3547.5622271698003 0.0914 0.0707 0.8379
-3533.6843637498014 0.0914 0.0914 0.8171999999999999
-3520.4179590264785 0.0914 0.11209999999999999 0.7965
-3505.5804936109885 0.0914 0.13279999999999997 0.7758
-3490.508408642897 0.0914 0.15349999999999997 0.7551
-3476.883035052369 0.0914 0.17419999999999997 0.7343999999999999
-3460.6751401663414 0.0914 0.19489999999999996 0.7137
-3445.4575713076047 0.0914 0.21559999999999996 0.6930000000000001
-3429.7887485048577 0.0914 0.23629999999999995 0.6723
-3413.401636373799 0.0914 0.25699999999999995 0.6516
-3397.6196704570434 0.0914 0.27769999999999995 0.6309
-3381.540345407236 0.0914 0.29839999999999994 0.6102000000000001
-3365.0776410918807 0.0914 0.31909999999999994 0.5895
-3348.362849272534 0.0914 0.33979999999999994 0.5688
-3331.9966934681975 0.0914 0.36049999999999993 0.5481
-3315.4690725720175 0.0914 0.38119999999999993 0.5274000000000001
-3297.960342334532 0.0914 0.4018999999999999 0.5067
-3281.040568307157 0.0914 0.4225999999999999 0.48600000000000004
-3263.4189796847504 0.0914 0.4432999999999999 0.46530000000000005
-3245.7259456755696 0.0914 0.4639999999999999 0.44460000000000005
-3227.790582209196 0.0914 0.4846999999999999 0.42390000000000005
-3209.853540518918 0.0914 0.5054 0.4032
-3191.7630636825784 0.0914 0.5260999999999999 0.38250000000000006
-3173.4632554369778 0.0914 0.5468 0.3618
-3154.5608074633833 0.0914 0.5674999999999999 0.34110000000000007
-3135.989934672898 0.0914 0.5882 0.3204
-3116.4929563612054 0.0914 0.6089 0.29969999999999997
-3097.3280288710425 0.0914 0.6295999999999999 0.279
-3077.502188584639 0.0914 0.6502999999999999 0.2583000000000001
-3057.5770912274797 0.0914 0.6709999999999999 0.23760000000000003
-3037.4517652392638 0.0914 0.6917 0.21689999999999998
-3017.0582206060753 0.0914 0.7123999999999999 0.19620000000000004
-2996.3854205725156 0.0914 0.7330999999999999 0.1755000000000001
-2975.561306544258 0.0914 0.7537999999999999 0.15480000000000005
-2953.5686416297317 0.0914 0.7745 0.1341
-2932.9032628765794 0.0914 0.7951999999999999 0.11340000000000006
-2910.91053082607 0.0914 0.8158999999999998 0.09270000000000012
-2888.934923267908 0.0914 0.8365999999999999 0.07200000000000006
-2866.662233254535 0.0914 0.8573 0.05130000000000001
-2844.1033054165287 0.0914 0.8779999999999999 0.03060000000000007
