-4692.78029731907 0.36049999999999993 0.05 0.5895
-4678.146572544195 0.36049999999999993 0.0707 0.5688000000000001
-4662.772648289081 0.36049999999999993 0.0914 0.5481
-4649.296410189537 0.36049999999999993 0.11209999999999999 0.5274000000000001
-4633.699672888614 0.36049999999999993 0.13279999999999997 0.5067000000000002
-4618.366130785433 0.36049999999999993 0.15349999999999997 0.4860000000000001
-4602.870747814217 0.36049999999999993 0.17419999999999997 0.4653000000000001
-4586.659227997944 0.36049999999999993 0.19489999999999996 0.4446000000000001
-4571.210547791198 0.36049999999999993 0.21559999999999996 0.4239000000000001
-4554.55083806391 0.36049999999999993 0.23629999999999995 0.4032000000000001
-4537.866159968921 0.36049999999999993 0.25699999999999995 0.3825000000000001
-4521.068497638716 0.36049999999999993 0.27769999999999995 0.3618000000000001
-4503.678227139179 0.36049999999999993 0.29839999999999994 0.3411000000000001
-4486.320547424706 0.36049999999999993 0.31909999999999994 0.32040000000000013
-4468.336937418184 0.36049999999999993 0.33979999999999994 0.29970000000000013
-4450.523921572773 0.36049999999999993 0.36049999999999993 0.27900000000000014
-4432.343704429305 0.36049999999999993 0.38119999999999993 0.25830000000000014
-4413.601113374998 0.36049999999999993 0.4018999999999999 0.23760000000000014
-4394.802500705701 0.36049999999999993 0.4225999999999999 0.21690000000000015
-4375.447084780667 0.36049999999999993 0.4432999999999999 0.19620000000000015
-4355.894263531556 0.36049999999999993 0.4639999999999999 0.17550000000000016
-4336.081598719139 0.36049999999999993 0.4846999999999999 0.15480000000000016
-4315.837596642551 0.36049999999999993 0.5054 0.1341000000000001
-4295.373525662074 0.36049999999999993 0.5260999999999999 0.11340000000000017
-4274.057469228322 0.36049999999999993 0.5468 0.09270000000000012
-4252.904497140983 0.36049999999999993 0.5674999999999999 0.07200000000000017
-4231.185347183152 0.36049999999999993 0.5882 0.05130000000000012
-4208.251617007435 0.36049999999999993 0.6089 0.03060000000000007
-4777.554865507784 0.38119999999999993 0.05 0.5688
-4764.241963431762 0.38119999999999993 0.0707 0.5481
-4749.687424082709 0.38119999999999993 0.0914 0.5274
-4735.139042024097 0.38119999999999993 0.11209999999999999 0.5067
-4720.2342801878 0.38119999999999993 0.13279999999999997 0.48600000000000004
-4704.607464580901 0.38119999999999993 0.15349999999999997 0.46530000000000005
-4689.228466122974 0.38119999999999993 0.17419999999999997 0.44460000000000005
-4672.99962075105 0.38119999999999993 0.19489999999999996 0.42390000000000005
-4657.181417295294 0.38119999999999993 0.21559999999999996 0.40320000000000006
-4640.346059561586 0.38119999999999993 0.23629999999999995 0.38250000000000006
-4623.552720855285 0.38119999999999993 0.25699999999999995 0.36180000000000007
-4609.110566155467 0.38119999999999993 0.27769999999999995 0.34110000000000007
-4589.171277555234 0.38119999999999993 0.29839999999999994 0.3204000000000001
-4573.872736200147 0.38119999999999993 0.31909999999999994 0.2997000000000001
-4553.616511446568 0.38119999999999993 0.33979999999999994 0.2790000000000001
-4535.364667100661 0.38119999999999993 0.36049999999999993 0.2583000000000001
-4519.289530441824 0.38119999999999993 0.38119999999999993 0.2376000000000001
-4498.34567145312 0.38119999999999993 0.4018999999999999 0.2169000000000001
-4479.002341121707 0.38119999999999993 0.4225999999999999 0.1962000000000001
-4459.87606709166 0.38119999999999993 0.4432999999999999 0.1755000000000001
-4439.815261060668 0.38119999999999993 0.4639999999999999 0.1548000000000001
-4419.177424120156 0.38119999999999993 0.4846999999999999 0.1341000000000001
-4398.858759729794 0.38119999999999993 0.5054 0.11340000000000006
-4377.935216542153 0.38119999999999993 0.5260999999999999 0.09270000000000012
-4356.8993248849665 0.38119999999999993 0.5468 0.07200000000000006
-4334.750054054908 0.38119999999999993 0.5674999999999999 0.05130000000000012
-4312.458347867173 0.38119999999999993 0.5882 0.03060000000000007
-4865.885805846498 0.4018999999999999 0.05 0.5481
-4852.037222668885 0.4018999999999999 0.0707 0.5274000000000001
-4838.403607935476 0.4018999999999999 0.0914 0.5067
-4823.883856169101 0.4018999999999999 0.11209999999999999 0.4860000000000001
-4808.172840948432 0.4018999999999999 0.13279999999999997 0.4653000000000001
-4793.0734293069345 0.4018999999999999 0.15349999999999997 0.4446000000000001
-4777.133548088026 0.4018999999999999 0.17419999999999997 0.4239000000000001
-4760.76228336409 0.4018999999999999 0.19489999999999996 0.4032000000000001
-4745.034839669939 0.4018999999999999 0.21559999999999996 0.3825000000000001
-4726.079563011476 0.4018999999999999 0.23629999999999995 0.3618000000000001
-4711.699899997879 0.4018999999999999 0.25699999999999995 0.3411000000000001
-4694.246614275039 0.4018999999999999 0.27769999999999995 0.32040000000000013
-4676.639086723245 0.4018999999999999 0.29839999999999994 0.29970000000000013
-4658.969397267213 0.4018999999999999 0.31909999999999994 0.27900000000000014
-4638.661645511153 0.4018999999999999 0.33979999999999994 0.25830000000000014
-4622.160900396344 0.4018999999999999 0.36049999999999993 0.23760000000000014
-4603.913331647544 0.4018999999999999 0.38119999999999993 0.21690000000000015
-4584.782053618519 0.4018999999999999 0.4018999999999999 0.19620000000000015
-4565.673170814989 0.4018999999999999 0.4225999999999999 0.17550000000000016
-4546.238611481576 0.4018999999999999 0.4432999999999999 0.15480000000000016
-4525.562008013527 0.4018999999999999 0.4639999999999999 0.13410000000000016
-4505.153863293586 0.4018999999999999 0.4846999999999999 0.11340000000000017
-4484.194046673207 0.4018999999999999 0.5054 0.09270000000000012
-4463.342036954432 0.4018999999999999 0.5260999999999999 0.07200000000000017
-4441.671150441831 0.4018999999999999 0.5468 0.05130000000000012
-4419.341455369888 0.4018999999999999 0.5674999999999999 0.030600000000000183
