-4431.64261697159 0.29839999999999994 0.05 0.6516
-4416.485170840543 0.29839999999999994 0.0707 0.6309
-4402.18695578223 0.29839999999999994 0.0914 0.6102
-4388.287437428381 0.29839999999999994 0.11209999999999999 0.5895
-4373.210372925267 0.29839999999999994 0.13279999999999997 0.5688
-4358.159573034918 0.29839999999999994 0.15349999999999997 0.5481
-4342.965856491013 0.29839999999999994 0.17419999999999997 0.5274000000000001
-4326.73703489745 0.29839999999999994 0.19489999999999996 0.5067
-4310.99830889679 0.29839999999999994 0.21559999999999996 0.48600000000000004
-4294.45107262223 0.29839999999999994 0.23629999999999995 0.46530000000000005
-4278.504437913999 0.29839999999999994 0.25699999999999995 0.44460000000000005
-4262.082360824969 0.29839999999999994 0.27769999999999995 0.42390000000000005
-4245.0732713008665 0.29839999999999994 0.29839999999999994 0.40320000000000006
-4228.3743525313785 0.29839999999999994 0.31909999999999994 0.38250000000000006
-4210.358109161993 0.29839999999999994 0.33979999999999994 0.36180000000000007
-4192.642255850898 0.29839999999999994 0.36049999999999993 0.34110000000000007
-4175.429371307811 0.29839999999999994 0.38119999999999993 0.3204000000000001
-4156.507526565563 0.29839999999999994 0.4018999999999999 0.2997000000000001
-4138.567725984811 0.29839999999999994 0.4225999999999999 0.2790000000000001
-4120.218685634195 0.29839999999999994 0.4432999999999999 0.2583000000000001
-4101.33979859524 0.29839999999999994 0.4639999999999999 0.2376000000000001
-4082.3371336306645 0.29839999999999994 0.4846999999999999 0.2169000000000001
-4062.1267639863195 0.29839999999999994 0.5054 0.19620000000000004
-4042.2795105851314 0.29839999999999994 0.5260999999999999 0.1755000000000001
-4022.505469572059 0.29839999999999994 0.5468 0.15480000000000005
-4001.4717053852546 0.29839999999999994 0.5674999999999999 0.1341000000000001
-3980.884105904736 0.29839999999999994 0.5882 0.11340000000000006
-3958.6916264643432 0.29839999999999994 0.6089 0.0927
-3937.365971374571 0.29839999999999994 0.6295999999999999 0.07200000000000006
-3916.279273984231 0.29839999999999994 0.6502999999999999 0.05130000000000012
-3893.1532657092516 0.29839999999999994 0.6709999999999999 0.03060000000000007
-4517.328006249374 0.31909999999999994 0.05 0.6309
-4504.651365556753 0.31909999999999994 0.0707 0.6102000000000001
-4489.383020124922 0.31909999999999994 0.0914 0.5895
-4474.035696961586 0.31909999999999994 0.11209999999999999 0.5688000000000001
-4458.878606721665 0.31909999999999994 0.13279999999999997 0.5481
-4443.921455662832 0.31909999999999994 0.15349999999999997 0.5274000000000001
-4428.994335142484 0.31909999999999994 0.17419999999999997 0.5067000000000002
-4412.751408443155 0.31909999999999994 0.19489999999999996 0.4860000000000001
-4397.245498460317 0.31909999999999994 0.21559999999999996 0.4653000000000001
-4380.609000179278 0.31909999999999994 0.23629999999999995 0.4446000000000001
-4364.329872382636 0.31909999999999994 0.25699999999999995 0.4239000000000001
-4347.903378690273 0.31909999999999994 0.27769999999999995 0.4032000000000001
-4330.39173009964 0.31909999999999994 0.29839999999999994 0.3825000000000001
-4313.968355736475 0.31909999999999994 0.31909999999999994 0.3618000000000001
-4295.797642747251 0.31909999999999994 0.33979999999999994 0.3411000000000001
-4278.3514585919 0.31909999999999994 0.36049999999999993 0.32040000000000013
-4259.934421204043 0.31909999999999994 0.38119999999999993 0.29970000000000013
-4241.41293970225 0.31909999999999994 0.4018999999999999 0.27900000000000014
-4223.63044419378 0.31909999999999994 0.4225999999999999 0.25830000000000014
-4204.638216467933 0.31909999999999994 0.4432999999999999 0.23760000000000014
-4185.716041286766 0.31909999999999994 0.4639999999999999 0.21690000000000015
-4165.666166278977 0.31909999999999994 0.4846999999999999 0.19620000000000015
-4146.060442528623 0.31909999999999994 0.5054 0.1755000000000001
-4126.37012323898 0.31909999999999994 0.5260999999999999 0.15480000000000016
-4105.5542111873 0.31909999999999994 0.5468 0.1341000000000001
-4084.9083938558656 0.31909999999999994 0.5674999999999999 0.11340000000000017
-4063.6630158298412 0.31909999999999994 0.5882 0.09270000000000012
-4042.447522736265 0.31909999999999994 0.6089 0.07200000000000006
-4020.734127840961 0.31909999999999994 0.6295999999999999 0.05130000000000012
-3997.2910923018135 0.31909999999999994 0.6502999999999999 0.030600000000000183
-4604.955425934692 0.33979999999999994 0.05 0.6102000000000001
-4591.849689048514 0.33979999999999994 0.0707 0.5895000000000001
-4577.010661678531 0.33979999999999994 0.0914 0.5688000000000001
-4562.388975041976 0.33979999999999994 0.11209999999999999 0.5481000000000001
-4547.462739789553 0.33979999999999994 0.13279999999999997 0.5274000000000001
-4532.643438921969 0.33979999999999994 0.15349999999999997 0.5067000000000002
-4516.823808303622 0.33979999999999994 0.17419999999999997 0.48600000000000015
-4501.009008074116 0.33979999999999994 0.19489999999999996 0.46530000000000016
-4484.753973941455 0.33979999999999994 0.21559999999999996 0.44460000000000016
-4468.34833249541 0.33979999999999994 0.23629999999999995 0.42390000000000017
-4452.334053373885 0.33979999999999994 0.25699999999999995 0.40320000000000017
-4435.686426850396 0.33979999999999994 0.27769999999999995 0.3825000000000002
-4418.297769712362 0.33979999999999994 0.29839999999999994 0.3618000000000002
-4401.042079542939 0.33979999999999994 0.31909999999999994 0.3411000000000002
-4380.954589443393 0.33979999999999994 0.33979999999999994 0.3204000000000002
-4365.11960931231 0.33979999999999994 0.36049999999999993 0.2997000000000002
-4347.342166981582 0.33979999999999994 0.38119999999999993 0.2790000000000002
-4329.608005009119 0.33979999999999994 0.4018999999999999 0.2583000000000002
-4310.1497308267835 0.33979999999999994 0.4225999999999999 0.2376000000000002
-4291.652516490701 0.33979999999999994 0.4432999999999999 0.2169000000000002
-4272.24260493073 0.33979999999999994 0.4639999999999999 0.1962000000000002
-4251.960110861509 0.33979999999999994 0.4846999999999999 0.1755000000000002
-4232.5330068775065 0.33979999999999994 0.5054 0.15480000000000016
-4211.622207327428 0.33979999999999994 0.5260999999999999 0.13410000000000022
-4191.382941584592 0.33979999999999994 0.5468 0.11340000000000017
-4170.131292377871 0.33979999999999994 0.5674999999999999 0.09270000000000023
-4148.826369479073 0.33979999999999994 0.5882 0.07200000000000017
-4127.077828695725 0.33979999999999994 0.6089 0.05130000000000012
-4104.683469666987 0.33979999999999994 0.6295999999999999 0.030600000000000183
