-6521.951577106857 0.7951999999999999 0.05 0.1548000000000001
-6508.144941373759 0.7951999999999999 0.0707 0.1341000000000001
-6488.790513706166 0.7951999999999999 0.0914 0.1134000000000001
-6472.921523032269 0.7951999999999999 0.11209999999999999 0.0927000000000001
-6451.760832515473 0.7951999999999999 0.13279999999999997 0.07200000000000012
-6432.889051747304 0.7951999999999999 0.15349999999999997 0.05130000000000012
-6414.790050020602 0.7951999999999999 0.17419999999999997 0.030600000000000127
-6610.914527049627 0.8158999999999998 0.05 0.13410000000000016
-6593.950751415652 0.8158999999999998 0.0707 0.11340000000000015
-6576.0690712404785 0.8158999999999998 0.0914 0.09270000000000016
-6558.197785784291 0.8158999999999998 0.11209999999999999 0.07200000000000016
-6536.370448742722 0.8158999999999998 0.13279999999999997 0.05130000000000018
-6518.745955581513 0.8158999999999998 0.15349999999999997 0.030600000000000183
-6696.71526684702 0.8365999999999999 0.05 0.1134000000000001
-6681.818464961221 0.8365999999999999 0.0707 0.0927000000000001
-6661.793531277411 0.8365999999999999 0.0914 0.0720000000000001
-6642.9418019955 0.8365999999999999 0.11209999999999999 0.05130000000000011
-6622.626721097167 0.8365999999999999 0.13279999999999997 0.030600000000000127
