-5477.1218464658605 0.5468 0.05 0.40320000000000006
-5463.3496616307275 0.5468 0.0707 0.38250000000000006
-5446.315770162026 0.5468 0.0914 0.36180000000000007
-5433.356505507367 0.5468 0.11209999999999999 0.34110000000000007
-5415.217244290918 0.5468 0.13279999999999997 0.3204000000000001
-5401.2800437161895 0.5468 0.15349999999999997 0.2997000000000001
-5385.373364620331 0.5468 0.17419999999999997 0.2790000000000001
-5366.001900206148 0.5468 0.19489999999999996 0.2583000000000001
-5350.693395306297 0.5468 0.21559999999999996 0.2376000000000001
-5330.611154908448 0.5468 0.23629999999999995 0.2169000000000001
-5314.735440910314 0.5468 0.25699999999999995 0.1962000000000001
-5296.8246788922825 0.5468 0.27769999999999995 0.1755000000000001
-5275.685603862127 0.5468 0.29839999999999994 0.1548000000000001
-5258.851889332148 0.5468 0.31909999999999994 0.1341000000000001
-5236.419937737176 0.5468 0.33979999999999994 0.11340000000000011
-5218.484273906118 0.5468 0.36049999999999993 0.09270000000000012
-5198.202435168253 0.5468 0.38119999999999993 0.07200000000000012
-5174.89951832885 0.5468 0.4018999999999999 0.05130000000000012
-5155.609541202231 0.5468 0.4225999999999999 0.030600000000000127
-5564.339244030697 0.5674999999999999 0.05 0.3825000000000001
-5549.732222807932 0.5674999999999999 0.0707 0.3618000000000001
-5534.770732174177 0.5674999999999999 0.0914 0.3411000000000001
-5519.221162668452 0.5674999999999999 0.11209999999999999 0.32040000000000013
-5503.277435216635 0.5674999999999999 0.13279999999999997 0.29970000000000013
-5487.3797316242535 0.5674999999999999 0.15349999999999997 0.27900000000000014
-5470.860147236885 0.5674999999999999 0.17419999999999997 0.25830000000000014
-5453.528362853815 0.5674999999999999 0.19489999999999996 0.23760000000000014
-5436.319901645466 0.5674999999999999 0.21559999999999996 0.21690000000000015
-5418.198618575766 0.5674999999999999 0.23629999999999995 0.19620000000000015
-5399.880750261842 0.5674999999999999 0.25699999999999995 0.17550000000000016
-5381.524546480539 0.5674999999999999 0.27769999999999995 0.15480000000000016
-5362.1538146454905 0.5674999999999999 0.29839999999999994 0.13410000000000016
-5342.84436395241 0.5674999999999999 0.31909999999999994 0.11340000000000017
-5322.427824251161 0.5674999999999999 0.33979999999999994 0.09270000000000017
-5302.058293298428 0.5674999999999999 0.36049999999999993 0.07200000000000017
-5281.710848618388 0.5674999999999999 0.38119999999999993 0.05130000000000018
-5259.455614691004 0.5674999999999999 0.4018999999999999 0.030600000000000183
-5650.922414319071 0.5882 0.05 0.36180000000000007
-5638.811660503965 0.5882 0.0707 0.34110000000000007
-5620.964661068116 0.5882 0.0914 0.3204000000000001
-5607.449553708774 0.5882 0.11209999999999999 0.2997000000000001
-5589.64510034303 0.5882 0.13279999999999997 0.2790000000000001
-5573.226935860588 0.5882 0.15349999999999997 0.2583000000000001
-5558.55166358628 0.5882 0.17419999999999997 0.2376000000000001
-5538.858888956836 0.5882 0.19489999999999996 0.2169000000000001
-5523.249959726267 0.5882 0.21559999999999996 0.1962000000000001
-5503.14215525747 0.5882 0.23629999999999995 0.1755000000000001
-5484.707446150499 0.5882 0.25699999999999995 0.1548000000000001
-5468.098020617377 0.5882 0.27769999999999995 0.1341000000000001
-5446.78468769202 0.5882 0.29839999999999994 0.11340000000000011
-5428.929261298778 0.5882 0.31909999999999994 0.09270000000000012
-5405.930069441674 0.5882 0.33979999999999994 0.07200000000000012
-5385.5695352204275 0.5882 0.36049999999999993 0.05130000000000012
-5365.992948129584 0.5882 0.38119999999999993 0.030600000000000127
