-3641.257903379156 0.11209999999999999 0.05 0.8379
-3627.5387395091957 0.11209999999999999 0.0707 0.8172
-3613.4121538364398 0.11209999999999999 0.0914 0.7965
-3599.2340618251046 0.11209999999999999 0.11209999999999999 0.7758
-3585.3527043774434 0.11209999999999999 0.13279999999999997 0.7551000000000001
-3571.8543495783497 0.11209999999999999 0.15349999999999997 0.7344
-3557.708339343095 0.11209999999999999 0.17419999999999997 0.7137
-3543.9838359260057 0.11209999999999999 0.19489999999999996 0.6930000000000001
-3529.931509027464 0.11209999999999999 0.21559999999999996 0.6723000000000001
-3516.068293890478 0.11209999999999999 0.23629999999999995 0.6516000000000001
-3502.322162011369 0.11209999999999999 0.25699999999999995 0.6309
-3488.4668920661416 0.11209999999999999 0.27769999999999995 0.6102000000000001
-3474.2459638231467 0.11209999999999999 0.29839999999999994 0.5895000000000001
-3460.1560259807293 0.11209999999999999 0.31909999999999994 0.5688000000000001
-3445.9839152870313 0.11209999999999999 0.33979999999999994 0.5481
-3431.6800157516154 0.11209999999999999 0.36049999999999993 0.5274000000000001
-3416.957022315696 0.11209999999999999 0.38119999999999993 0.5067000000000002
-3401.9232148139877 0.11209999999999999 0.4018999999999999 0.4860000000000001
-3386.959446410118 0.11209999999999999 0.4225999999999999 0.4653000000000001
-3370.114093038597 0.11209999999999999 0.4432999999999999 0.4446000000000001
-3354.0170083155817 0.11209999999999999 0.4639999999999999 0.4239000000000001
-3336.8085427795486 0.11209999999999999 0.4846999999999999 0.4032000000000001
-3318.4375445801684 0.11209999999999999 0.5054 0.38250000000000006
-3300.2939716472506 0.11209999999999999 0.5260999999999999 0.3618000000000001
-3281.215844172885 0.11209999999999999 0.5468 0.34110000000000007
-3262.512040101429 0.11209999999999999 0.5674999999999999 0.32040000000000013
-3242.1886256080843 0.11209999999999999 0.5882 0.2997000000000001
-3222.107350204506 0.11209999999999999 0.6089 0.279
-3201.947216039615 0.11209999999999999 0.6295999999999999 0.2583000000000001
-3180.697663031757 0.11209999999999999 0.6502999999999999 0.23760000000000014
-3158.571612324481 0.11209999999999999 0.6709999999999999 0.2169000000000001
-3135.158231209963 0.11209999999999999 0.6917 0.19620000000000004
-3112.2574556851314 0.11209999999999999 0.7123999999999999 0.1755000000000001
-3088.2012211474207 0.11209999999999999 0.7330999999999999 0.15480000000000016
-3063.315327495519 0.11209999999999999 0.7537999999999999 0.1341000000000001
-3038.894540827643 0.11209999999999999 0.7745 0.11340000000000006
-3013.7140852647835 0.11209999999999999 0.7951999999999999 0.09270000000000012
-2989.2414988267087 0.11209999999999999 0.8158999999999998 0.07200000000000017
-2964.6976856934625 0.11209999999999999 0.8365999999999999 0.05130000000000012
-2939.4515153114744 0.11209999999999999 0.8573 0.03060000000000007
-3729.949062157568 0.13279999999999997 0.05 0.8171999999999999
-3715.881119895916 0.13279999999999997 0.0707 0.7965
-3701.969587577719 0.13279999999999997 0.0914 0.7757999999999999
-3688.2026527851876 0.13279999999999997 0.11209999999999999 0.7551
-3674.2621835092227 0.13279999999999997 0.13279999999999997 0.7343999999999999
-3660.4144105281503 0.13279999999999997 0.15349999999999997 0.7137
-3647.26859403424 0.13279999999999997 0.17419999999999997 0.6930000000000001
-3632.49596422688 0.13279999999999997 0.19489999999999996 0.6723
-3619.2461255046273 0.13279999999999997 0.21559999999999996 0.6516
-3604.64154178338 0.13279999999999997 0.23629999999999995 0.6309
-3590.5351543714432 0.13279999999999997 0.25699999999999995 0.6102000000000001
-3576.7089076753755 0.13279999999999997 0.27769999999999995 0.5895
-3562.243272108115 0.13279999999999997 0.29839999999999994 0.5688
-3548.7651569078416 0.13279999999999997 0.31909999999999994 0.5481
-3533.977354856505 0.13279999999999997 0.33979999999999994 0.5274000000000001
-3519.785513255445 0.13279999999999997 0.36049999999999993 0.5067
-3504.8847859296898 0.13279999999999997 0.38119999999999993 0.48600000000000004
-3488.7887344360533 0.13279999999999997 0.4018999999999999 0.46530000000000005
-3474.130032889363 0.13279999999999997 0.4225999999999999 0.44460000000000005
-3457.55166624505 0.13279999999999997 0.4432999999999999 0.42390000000000005
-3440.266007956622 0.13279999999999997 0.4639999999999999 0.40320000000000006
-3423.089775063433 0.13279999999999997 0.4846999999999999 0.38250000000000006
-3405.386389095684 0.13279999999999997 0.5054 0.3618
-3386.0975051670184 0.13279999999999997 0.5260999999999999 0.34110000000000007
-3367.8251024946244 0.13279999999999997 0.5468 0.3204
-3347.2499300368245 0.13279999999999997 0.5674999999999999 0.2997000000000001
-3327.0574458507326 0.13279999999999997 0.5882 0.279
-3306.562664661671 0.13279999999999997 0.6089 0.2583
-3285.1536852680056 0.13279999999999997 0.6295999999999999 0.23760000000000003
-3263.760181738003 0.13279999999999997 0.6502999999999999 0.2169000000000001
-3240.779834900725 0.13279999999999997 0.6709999999999999 0.19620000000000004
-3218.020144857379 0.13279999999999997 0.6917 0.1755
-3193.945384007366 0.13279999999999997 0.7123999999999999 0.15480000000000005
-3169.4481276102497 0.13279999999999997 0.7330999999999999 0.1341000000000001
-3144.918051158331 0.13279999999999997 0.7537999999999999 0.11340000000000006
-3119.681194898614 0.13279999999999997 0.7745 0.0927
-3095.3128284066097 0.13279999999999997 0.7951999999999999 0.07200000000000006
-3070.8215869354935 0.13279999999999997 0.8158999999999998 0.05130000000000012
-3045.5221554147333 0.13279999999999997 0.8365999999999999 0.03060000000000007
-3816.263848215319 0.15349999999999997 0.05 0.7965
-3802.448579633806 0.15349999999999997 0.0707 0.7758
-3788.8780408132175 0.15349999999999997 0.0914 0.7551
-3774.7335010297256 0.15349999999999997 0.11209999999999999 0.7344
-3760.398112865529 0.15349999999999997 0.13279999999999997 0.7137
-3746.7897652704864 0.15349999999999997 0.15349999999999997 0.6930000000000001
-3732.836334827687 0.15349999999999997 0.17419999999999997 0.6723000000000001
-3718.7512763109476 0.15349999999999997 0.19489999999999996 0.6516000000000001
-3705.1259942252127 0.15349999999999997 0.21559999999999996 0.6309
-3690.9244379461657 0.15349999999999997 0.23629999999999995 0.6102000000000001
-3677.024757005003 0.15349999999999997 0.25699999999999995 0.5895000000000001
-3663.2145058487336 0.15349999999999997 0.27769999999999995 0.5688000000000001
-3648.575469149013 0.15349999999999997 0.29839999999999994 0.5481
-3634.917187891412 0.15349999999999997 0.31909999999999994 0.5274000000000001
-3620.4465350568635 0.15349999999999997 0.33979999999999994 0.5067000000000002
-3605.4805418374845 0.15349999999999997 0.36049999999999993 0.4860000000000001
-3590.790193823692 0.15349999999999997 0.38119999999999993 0.4653000000000001
-3574.5568534026024 0.15349999999999997 0.4018999999999999 0.4446000000000001
-3559.0180355983143 0.15349999999999997 0.4225999999999999 0.4239000000000001
-3541.354221298974 0.15349999999999997 0.4432999999999999 0.4032000000000001
-3524.3891674700226 0.15349999999999997 0.4639999999999999 0.3825000000000001
-3507.0675971115347 0.15349999999999997 0.4846999999999999 0.3618000000000001
-3488.128194968447 0.15349999999999997 0.5054 0.34110000000000007
-3470.0369668556973 0.15349999999999997 0.5260999999999999 0.32040000000000013
-3449.6147598230214 0.15349999999999997 0.5468 0.2997000000000001
-3429.8954786179875 0.15349999999999997 0.5674999999999999 0.27900000000000014
-3408.9545235566534 0.15349999999999997 0.5882 0.2583000000000001
-3388.9402627733807 0.15349999999999997 0.6089 0.23760000000000003
-3367.0514127769707 0.15349999999999997 0.6295999999999999 0.2169000000000001
-3343.834274665898 0.15349999999999997 0.6502999999999999 0.19620000000000015
-3321.2645895978662 0.15349999999999997 0.6709999999999999 0.1755000000000001
-3298.2556221523755 0.15349999999999997 0.6917 0.15480000000000005
-3272.9585353592483 0.15349999999999997 0.7123999999999999 0.1341000000000001
-3248.521690340135 0.15349999999999997 0.7330999999999999 0.11340000000000017
-3223.1611071928287 0.15349999999999997 0.7537999999999999 0.09270000000000012
-3199.1080934459997 0.15349999999999997 0.7745 0.07200000000000006
-3174.435470112121 0.15349999999999997 0.7951999999999999 0.05130000000000012
-3149.5821700174706 0.15349999999999997 0.8158999999999998 0.030600000000000183
