-5214.6632148520475 0.4846999999999999 0.05 0.4653000000000001
-5201.372741588386 0.4846999999999999 0.0707 0.4446000000000001
-5185.25145060644 0.4846999999999999 0.0914 0.4239000000000001
-5173.677272206809 0.4846999999999999 0.11209999999999999 0.4032000000000001
-5157.169416035389 0.4846999999999999 0.13279999999999997 0.3825000000000001
-5143.581337961901 0.4846999999999999 0.15349999999999997 0.3618000000000001
-5131.520736553312 0.4846999999999999 0.17419999999999997 0.3411000000000001
-5115.205718134808 0.4846999999999999 0.19489999999999996 0.32040000000000013
-5102.661548004628 0.4846999999999999 0.21559999999999996 0.29970000000000013
-5084.541269832376 0.4846999999999999 0.23629999999999995 0.27900000000000014
-5068.2933154808725 0.4846999999999999 0.25699999999999995 0.25830000000000014
-5053.306189709123 0.4846999999999999 0.27769999999999995 0.23760000000000014
-5033.027566790708 0.4846999999999999 0.29839999999999994 0.21690000000000015
-5016.079852453439 0.4846999999999999 0.31909999999999994 0.19620000000000015
-4994.618632003468 0.4846999999999999 0.33979999999999994 0.17550000000000016
-4974.25766903646 0.4846999999999999 0.36049999999999993 0.15480000000000016
-4955.945675985354 0.4846999999999999 0.38119999999999993 0.13410000000000016
-4931.613092552262 0.4846999999999999 0.4018999999999999 0.11340000000000017
-4911.404286371455 0.4846999999999999 0.4225999999999999 0.09270000000000017
-4884.408030418398 0.4846999999999999 0.4432999999999999 0.07200000000000017
-4860.157604874953 0.4846999999999999 0.4639999999999999 0.05130000000000018
-4836.893436506934 0.4846999999999999 0.4846999999999999 0.030600000000000183
-5302.730346525902 0.5054 0.05 0.44460000000000005
-5289.390513503549 0.5054 0.0707 0.42390000000000005
-5274.192700102582 0.5054 0.0914 0.40320000000000006
-5260.167832159427 0.5054 0.11209999999999999 0.38250000000000006
-5243.80378633337 0.5054 0.13279999999999997 0.36180000000000007
-5232.231530775888 0.5054 0.15349999999999997 0.34110000000000007
-5218.325649350029 0.5054 0.17419999999999997 0.3204000000000001
-5203.31410584978 0.5054 0.19489999999999996 0.2997000000000001
-5188.456992164352 0.5054 0.21559999999999996 0.2790000000000001
-5170.12695431499 0.5054 0.23629999999999995 0.2583000000000001
-5155.329466682907 0.5054 0.25699999999999995 0.2376000000000001
-5137.668270301493 0.5054 0.27769999999999995 0.2169000000000001
-5119.620641672933 0.5054 0.29839999999999994 0.1962000000000001
-5100.036356709963 0.5054 0.31909999999999994 0.1755000000000001
-5077.813975023984 0.5054 0.33979999999999994 0.1548000000000001
-5059.274441724097 0.5054 0.36049999999999993 0.1341000000000001
-5037.769785877095 0.5054 0.38119999999999993 0.11340000000000011
-5015.850412651849 0.5054 0.4018999999999999 0.09270000000000012
-4991.6435773647745 0.5054 0.4225999999999999 0.07200000000000012
-4964.624445320101 0.5054 0.4432999999999999 0.05130000000000012
-4941.886355693924 0.5054 0.4639999999999999 0.030600000000000127
-5389.954455458843 0.5260999999999999 0.05 0.4239000000000001
-5377.210029876838 0.5260999999999999 0.0707 0.4032000000000001
-5361.853867108153 0.5260999999999999 0.0914 0.3825000000000001
-5348.324191798412 0.5260999999999999 0.11209999999999999 0.3618000000000001
-5332.558722042952 0.5260999999999999 0.13279999999999997 0.3411000000000001
-5318.8831972741855 0.5260999999999999 0.15349999999999997 0.32040000000000013
-5306.457848771913 0.5260999999999999 0.17419999999999997 0.29970000000000013
-5289.659058157827 0.5260999999999999 0.19489999999999996 0.27900000000000014
-5274.132608606301 0.5260999999999999 0.21559999999999996 0.25830000000000014
-5257.756839459346 0.5260999999999999 0.23629999999999995 0.23760000000000014
-5240.5086403727055 0.5260999999999999 0.25699999999999995 0.21690000000000015
-5224.290589827037 0.5260999999999999 0.27769999999999995 0.19620000000000015
-5203.149255247484 0.5260999999999999 0.29839999999999994 0.17550000000000016
-5183.910615972232 0.5260999999999999 0.31909999999999994 0.15480000000000016
-5162.990765047595 0.5260999999999999 0.33979999999999994 0.13410000000000016
-5142.140174652067 0.5260999999999999 0.36049999999999993 0.11340000000000017
-5121.591016859578 0.5260999999999999 0.38119999999999993 0.09270000000000017
-5095.776670175516 0.5260999999999999 0.4018999999999999 0.07200000000000017
-5071.422159508395 0.5260999999999999 0.4225999999999999 0.05130000000000018
-5045.998866681145 0.5260999999999999 0.4432999999999999 0.030600000000000183
