-4428.634962863727 0.29839999999999994 0.05 0.6516
-4414.695253640899 0.29839999999999994 0.0707 0.6309
-4401.148343188048 0.29839999999999994 0.0914 0.6102
-4387.434826060239 0.29839999999999994 0.11209999999999999 0.5895
-4373.069282264407 0.29839999999999994 0.13279999999999997 0.5688
-4359.389443926459 0.29839999999999994 0.15349999999999997 0.5481
-4345.931542106272 0.29839999999999994 0.17419999999999997 0.5274000000000001
-4329.517324258614 0.29839999999999994 0.19489999999999996 0.5067
-4315.893272126946 0.29839999999999994 0.21559999999999996 0.48600000000000004
-4301.7542619588685 0.29839999999999994 0.23629999999999995 0.46530000000000005
-4287.981434168375 0.29839999999999994 0.25699999999999995 0.44460000000000005
-4273.272119858733 0.29839999999999994 0.27769999999999995 0.42390000000000005
-4258.2437268359745 0.29839999999999994 0.29839999999999994 0.40320000000000006
-4243.091222043074 0.29839999999999994 0.31909999999999994 0.38250000000000006
-4225.809163573792 0.29839999999999994 0.33979999999999994 0.36180000000000007
-4210.683014128267 0.29839999999999994 0.36049999999999993 0.34110000000000007
-4193.609317418775 0.29839999999999994 0.38119999999999993 0.3204000000000001
-4174.980972811125 0.29839999999999994 0.4018999999999999 0.2997000000000001
-4156.729837760072 0.29839999999999994 0.4225999999999999 0.2790000000000001
-4137.861100358355 0.29839999999999994 0.4432999999999999 0.2583000000000001
-4118.0541391567685 0.29839999999999994 0.4639999999999999 0.2376000000000001
-4097.142266817696 0.29839999999999994 0.4846999999999999 0.2169000000000001
-4076.8675908372493 0.29839999999999994 0.5054 0.19620000000000004
-4055.749739540353 0.29839999999999994 0.5260999999999999 0.1755000000000001
-4033.2634010042057 0.29839999999999994 0.5468 0.15480000000000005
-4010.7869062640634 0.29839999999999994 0.5674999999999999 0.1341000000000001
-3987.4082137457945 0.29839999999999994 0.5882 0.11340000000000006
-3961.02506443775 0.29839999999999994 0.6089 0.0927
-3938.358546716901 0.29839999999999994 0.6295999999999999 0.07200000000000006
-3913.153926661987 0.29839999999999994 0.6502999999999999 0.05130000000000012
-3888.3232414528416 0.29839999999999994 0.6709999999999999 0.03060000000000007
-4514.906956108495 0.31909999999999994 0.05 0.6309
-4501.9615129845015 0.31909999999999994 0.0707 0.6102000000000001
-4486.25702670843 0.31909999999999994 0.0914 0.5895
-4472.913811453694 0.31909999999999994 0.11209999999999999 0.5688000000000001
-4458.774314214897 0.31909999999999994 0.13279999999999997 0.5481
-4444.447337881767 0.31909999999999994 0.15349999999999997 0.5274000000000001
-4430.593090640575 0.31909999999999994 0.17419999999999997 0.5067000000000002
-4416.499242029356 0.31909999999999994 0.19489999999999996 0.4860000000000001
-4402.3382001031205 0.31909999999999994 0.21559999999999996 0.4653000000000001
-4388.249725827499 0.31909999999999994 0.23629999999999995 0.4446000000000001
-4374.342281455174 0.31909999999999994 0.25699999999999995 0.4239000000000001
-4359.724571415394 0.31909999999999994 0.27769999999999995 0.4032000000000001
-4344.828550889116 0.31909999999999994 0.29839999999999994 0.3825000000000001
-4328.61709679059 0.31909999999999994 0.31909999999999994 0.3618000000000001
-4312.365069972987 0.31909999999999994 0.33979999999999994 0.3411000000000001
-4295.505054324914 0.31909999999999994 0.36049999999999993 0.32040000000000013
-4277.901923513411 0.31909999999999994 0.38119999999999993 0.29970000000000013
-4259.304623264308 0.31909999999999994 0.4018999999999999 0.27900000000000014
-4241.117550117327 0.31909999999999994 0.4225999999999999 0.25830000000000014
-4221.363835502573 0.31909999999999994 0.4432999999999999 0.23760000000000014
-4201.833360519938 0.31909999999999994 0.4639999999999999 0.21690000000000015
-4180.058732250919 0.31909999999999994 0.4846999999999999 0.19620000000000015
-4159.925641441296 0.31909999999999994 0.5054 0.1755000000000001
-4138.278824616521 0.31909999999999994 0.5260999999999999 0.15480000000000016
-4115.27081483355 0.31909999999999994 0.5468 0.1341000000000001
-4091.5494896414302 0.31909999999999994 0.5674999999999999 0.11340000000000017
-4067.355240854426 0.31909999999999994 0.5882 0.09270000000000012
-4041.4317880930703 0.31909999999999994 0.6089 0.07200000000000006
-4017.87990066002 0.31909999999999994 0.6295999999999999 0.05130000000000012
-3992.3698348107064 0.31909999999999994 0.6502999999999999 0.030600000000000183
-4603.159850653111 0.33979999999999994 0.05 0.6102000000000001
-4590.018407019502 0.33979999999999994 0.0707 0.5895000000000001
-4576.383521907985 0.33979999999999994 0.0914 0.5688000000000001
-4562.049114199171 0.33979999999999994 0.11209999999999999 0.5481000000000001
-4547.6897111507815 0.33979999999999994 0.13279999999999997 0.5274000000000001
-4533.175009237389 0.33979999999999994 0.15349999999999997 0.5067000000000002
-4519.005757357004 0.33979999999999994 0.17419999999999997 0.48600000000000015
-4506.444124736849 0.33979999999999994 0.19489999999999996 0.46530000000000016
-4491.308409184431 0.33979999999999994 0.21559999999999996 0.44460000000000016
-4477.171644826547 0.33979999999999994 0.23629999999999995 0.42390000000000017
-4462.80082697382 0.33979999999999994 0.25699999999999995 0.40320000000000017
-4447.849110536013 0.33979999999999994 0.27769999999999995 0.3825000000000002
-4432.729638457208 0.33979999999999994 0.29839999999999994 0.3618000000000002
-4416.932531540511 0.33979999999999994 0.31909999999999994 0.3411000000000002
-4396.440066897612 0.33979999999999994 0.33979999999999994 0.3204000000000002
-4382.4265521943835 0.33979999999999994 0.36049999999999993 0.2997000000000002
-4364.88877002654 0.33979999999999994 0.38119999999999993 0.2790000000000002
-4346.563507193117 0.33979999999999994 0.4018999999999999 0.2583000000000002
-4326.731452214465 0.33979999999999994 0.4225999999999999 0.2376000000000002
-4306.851012744505 0.33979999999999994 0.4432999999999999 0.2169000000000002
-4286.199420204545 0.33979999999999994 0.4639999999999999 0.1962000000000002
-4265.60645937819 0.33979999999999994 0.4846999999999999 0.1755000000000002
-4244.185694074936 0.33979999999999994 0.5054 0.15480000000000016
-4221.8213632597035 0.33979999999999994 0.5260999999999999 0.13410000000000022
-4198.6067511402225 0.33979999999999994 0.5468 0.11340000000000017
-4173.768579546588 0.33979999999999994 0.5674999999999999 0.09270000000000023
-4148.822824099411 0.33979999999999994 0.5882 0.07200000000000017
-4124.857616918492 0.33979999999999994 0.6089 0.05130000000000012
-4099.732443747711 0.33979999999999994 0.6295999999999999 0.030600000000000183
