-6002.254271524204 0.6709999999999999 0.05 0.2790000000000001
-5988.380696381921 0.6709999999999999 0.0707 0.2583000000000001
-5973.556712994055 0.6709999999999999 0.0914 0.2376000000000001
-5959.350231463698 0.6709999999999999 0.11209999999999999 0.2169000000000001
-5944.019820930904 0.6709999999999999 0.13279999999999997 0.1962000000000001
-5927.9091551331985 0.6709999999999999 0.15349999999999997 0.1755000000000001
-5910.84980396152 0.6709999999999999 0.17419999999999997 0.1548000000000001
-5892.571990410686 0.6709999999999999 0.19489999999999996 0.1341000000000001
-5873.421072712368 0.6709999999999999 0.21559999999999996 0.11340000000000011
-5852.838177447757 0.6709999999999999 0.23629999999999995 0.09270000000000012
-5831.515519613303 0.6709999999999999 0.25699999999999995 0.07200000000000012
-5809.025784689791 0.6709999999999999 0.27769999999999995 0.05130000000000012
-5783.9607463898765 0.6709999999999999 0.29839999999999994 0.030600000000000127
-6088.840386459051 0.6917 0.05 0.25830000000000003
-6076.864799844674 0.6917 0.0707 0.23760000000000003
-6060.145177609456 0.6917 0.0914 0.21690000000000004
-6047.679948134963 0.6917 0.11209999999999999 0.19620000000000004
-6030.002257030946 0.6917 0.13279999999999997 0.17550000000000004
-6013.317359468144 0.6917 0.15349999999999997 0.15480000000000005
-5997.815679288783 0.6917 0.17419999999999997 0.13410000000000005
-5976.113005993506 0.6917 0.19489999999999996 0.11340000000000006
-5958.641648087187 0.6917 0.21559999999999996 0.09270000000000006
-5935.083455066093 0.6917 0.23629999999999995 0.07200000000000006
-5912.736476775024 0.6917 0.25699999999999995 0.05130000000000007
-5890.729024443861 0.6917 0.27769999999999995 0.03060000000000007
-6177.8376469036175 0.7123999999999999 0.05 0.2376000000000001
-6163.54422689788 0.7123999999999999 0.0707 0.2169000000000001
-6148.804497266825 0.7123999999999999 0.0914 0.1962000000000001
-6133.917951008149 0.7123999999999999 0.11209999999999999 0.1755000000000001
-6115.147882925893 0.7123999999999999 0.13279999999999997 0.1548000000000001
-6100.367358962926 0.7123999999999999 0.15349999999999997 0.1341000000000001
-6081.8254894916045 0.7123999999999999 0.17419999999999997 0.11340000000000011
-6062.043441327095 0.7123999999999999 0.19489999999999996 0.09270000000000012
-6041.666953959683 0.7123999999999999 0.21559999999999996 0.07200000000000012
-6017.177263020318 0.7123999999999999 0.23629999999999995 0.05130000000000012
-5995.727969932891 0.7123999999999999 0.25699999999999995 0.030600000000000127
