-4166.288752259411 0.23629999999999995 0.05 0.7137
-4152.658484001267 0.23629999999999995 0.0707 0.6930000000000001
-4138.634227397787 0.23629999999999995 0.0914 0.6723
-4124.943904762154 0.23629999999999995 0.11209999999999999 0.6516000000000001
-4110.634351213988 0.23629999999999995 0.13279999999999997 0.6309
-4097.286624943326 0.23629999999999995 0.15349999999999997 0.6102000000000001
-4082.6626841724433 0.23629999999999995 0.17419999999999997 0.5895000000000001
-4069.0759481395135 0.23629999999999995 0.19489999999999996 0.5688000000000001
-4054.509202159169 0.23629999999999995 0.21559999999999996 0.5481
-4039.73586998844 0.23629999999999995 0.23629999999999995 0.5274000000000001
-4026.5427446792287 0.23629999999999995 0.25699999999999995 0.5067000000000002
-4012.5209224827704 0.23629999999999995 0.27769999999999995 0.4860000000000001
-3998.0076281683832 0.23629999999999995 0.29839999999999994 0.4653000000000001
-3983.1921960834793 0.23629999999999995 0.31909999999999994 0.4446000000000001
-3967.8047665875933 0.23629999999999995 0.33979999999999994 0.4239000000000001
-3952.402694937488 0.23629999999999995 0.36049999999999993 0.4032000000000001
-3935.8805790307974 0.23629999999999995 0.38119999999999993 0.3825000000000001
-3919.289311379141 0.23629999999999995 0.4018999999999999 0.3618000000000001
-3901.012194205974 0.23629999999999995 0.4225999999999999 0.3411000000000001
-3883.5188135359012 0.23629999999999995 0.4432999999999999 0.32040000000000013
-3864.4265053925587 0.23629999999999995 0.4639999999999999 0.29970000000000013
-3845.462234318358 0.23629999999999995 0.4846999999999999 0.27900000000000014
-3826.3100916748517 0.23629999999999995 0.5054 0.2583000000000001
-3805.3845977829324 0.23629999999999995 0.5260999999999999 0.23760000000000014
-3784.3189628848936 0.23629999999999995 0.5468 0.2169000000000001
-3763.0371402134833 0.23629999999999995 0.5674999999999999 0.19620000000000015
-3740.973908742241 0.23629999999999995 0.5882 0.1755000000000001
-3719.472466538291 0.23629999999999995 0.6089 0.15480000000000005
-3693.812333437343 0.23629999999999995 0.6295999999999999 0.1341000000000001
-3669.8665236503944 0.23629999999999995 0.6502999999999999 0.11340000000000017
-3644.6367869040046 0.23629999999999995 0.6709999999999999 0.09270000000000012
-3621.1316276957486 0.23629999999999995 0.6917 0.07200000000000006
-3597.5552546741956 0.23629999999999995 0.7123999999999999 0.05130000000000012
-3570.4209180152725 0.23629999999999995 0.7330999999999999 0.030600000000000183
-4253.167792719814 0.25699999999999995 0.05 0.6930000000000001
-4239.895078712516 0.25699999999999995 0.0707 0.6723000000000001
-4225.753175974201 0.25699999999999995 0.0914 0.6516000000000001
-4211.012979713519 0.25699999999999995 0.11209999999999999 0.6309000000000001
-4197.714510152502 0.25699999999999995 0.13279999999999997 0.6102000000000001
-4182.724116204579 0.25699999999999995 0.15349999999999997 0.5895000000000001
-4170.922206297852 0.25699999999999995 0.17419999999999997 0.5688000000000002
-4155.181351559914 0.25699999999999995 0.19489999999999996 0.5481000000000001
-4141.226071407517 0.25699999999999995 0.21559999999999996 0.5274000000000001
-4126.7714336583995 0.25699999999999995 0.23629999999999995 0.5067000000000002
-4113.215337389036 0.25699999999999995 0.25699999999999995 0.48600000000000015
-4099.067830110015 0.25699999999999995 0.27769999999999995 0.46530000000000016
-4083.917331653782 0.25699999999999995 0.29839999999999994 0.44460000000000016
-4068.9163200593075 0.25699999999999995 0.31909999999999994 0.42390000000000017
-4053.5073624375473 0.25699999999999995 0.33979999999999994 0.40320000000000017
-4037.6729058202764 0.25699999999999995 0.36049999999999993 0.3825000000000002
-4023.3306844453205 0.25699999999999995 0.38119999999999993 0.3618000000000002
-4003.3213142192058 0.25699999999999995 0.4018999999999999 0.3411000000000002
-3985.4547553427665 0.25699999999999995 0.4225999999999999 0.3204000000000002
-3966.658780645765 0.25699999999999995 0.4432999999999999 0.2997000000000002
-3948.496914328337 0.25699999999999995 0.4639999999999999 0.2790000000000002
-3929.127420605613 0.25699999999999995 0.4846999999999999 0.2583000000000002
-3908.6462336726063 0.25699999999999995 0.5054 0.23760000000000014
-3887.989334246636 0.25699999999999995 0.5260999999999999 0.2169000000000002
-3866.8243241508135 0.25699999999999995 0.5468 0.19620000000000015
-3845.2057871950415 0.25699999999999995 0.5674999999999999 0.1755000000000002
-3823.844689076102 0.25699999999999995 0.5882 0.15480000000000016
-3799.954470518329 0.25699999999999995 0.6089 0.1341000000000001
-3774.643189952942 0.25699999999999995 0.6295999999999999 0.11340000000000017
-3750.5441641603634 0.25699999999999995 0.6502999999999999 0.09270000000000023
-3723.779175273848 0.25699999999999995 0.6709999999999999 0.07200000000000017
-3700.0619581281885 0.25699999999999995 0.6917 0.05130000000000012
-3676.1968069813 0.25699999999999995 0.7123999999999999 0.030600000000000183
-4340.2295942053315 0.27769999999999995 0.05 0.6723
-4325.795778292722 0.27769999999999995 0.0707 0.6516000000000001
-4311.253325526883 0.27769999999999995 0.0914 0.6309
-4298.676697484989 0.27769999999999995 0.11209999999999999 0.6102000000000001
-4283.196587298064 0.27769999999999995 0.13279999999999997 0.5895000000000001
-4269.200747987449 0.27769999999999995 0.15349999999999997 0.5688000000000001
-4255.594020143947 0.27769999999999995 0.17419999999999997 0.5481
-4241.350706400245 0.27769999999999995 0.19489999999999996 0.5274000000000001
-4227.616428683609 0.27769999999999995 0.21559999999999996 0.5067000000000002
-4213.305515729239 0.27769999999999995 0.23629999999999995 0.4860000000000001
-4199.61585633279 0.27769999999999995 0.25699999999999995 0.4653000000000001
-4185.030163397699 0.27769999999999995 0.27769999999999995 0.4446000000000001
-4169.994239965494 0.27769999999999995 0.29839999999999994 0.4239000000000001
-4155.122785455477 0.27769999999999995 0.31909999999999994 0.4032000000000001
-4139.302182265711 0.27769999999999995 0.33979999999999994 0.3825000000000001
-4122.743918147955 0.27769999999999995 0.36049999999999993 0.3618000000000001
-4105.790681444766 0.27769999999999995 0.38119999999999993 0.3411000000000001
-4088.2617802936416 0.27769999999999995 0.4018999999999999 0.32040000000000013
-4069.6899141514004 0.27769999999999995 0.4225999999999999 0.29970000000000013
-4051.448859460284 0.27769999999999995 0.4432999999999999 0.27900000000000014
-4031.257570329986 0.27769999999999995 0.4639999999999999 0.25830000000000014
-4012.261322247828 0.27769999999999995 0.4846999999999999 0.23760000000000014
-3991.4792792715007 0.27769999999999995 0.5054 0.2169000000000001
-3970.388300488409 0.27769999999999995 0.5260999999999999 0.19620000000000015
-3949.065655171695 0.27769999999999995 0.5468 0.1755000000000001
-3927.110153968728 0.27769999999999995 0.5674999999999999 0.15480000000000016
-3904.330660229682 0.27769999999999995 0.5882 0.1341000000000001
-3875.3742641767662 0.27769999999999995 0.6089 0.11340000000000006
-3854.813656968067 0.27769999999999995 0.6295999999999999 0.09270000000000012
-3829.6696402240404 0.27769999999999995 0.6502999999999999 0.07200000000000017
-3805.846608846495 0.27769999999999995 0.6709999999999999 0.05130000000000012
-3781.276509165592 0.27769999999999995 0.6917 0.03060000000000007
