-5477.954563266044 0.5468 0.05 0.40320000000000006
-5463.756862191122 0.5468 0.0707 0.38250000000000006
-5447.362307158939 0.5468 0.0914 0.36180000000000007
-5435.43242629382 0.5468 0.11209999999999999 0.34110000000000007
-5419.211702469566 0.5468 0.13279999999999997 0.3204000000000001
-5407.555659091499 0.5468 0.15349999999999997 0.2997000000000001
-5393.188708255791 0.5468 0.17419999999999997 0.2790000000000001
-5375.77032319659 0.5468 0.19489999999999996 0.2583000000000001
-5362.082090721145 0.5468 0.21559999999999996 0.2376000000000001
-5342.895311184559 0.5468 0.23629999999999995 0.2169000000000001
-5326.73425433847 0.5468 0.25699999999999995 0.1962000000000001
-5308.377845047947 0.5468 0.27769999999999995 0.1755000000000001
-5286.826202724496 0.5468 0.29839999999999994 0.1548000000000001
-5268.60763918059 0.5468 0.31909999999999994 0.1341000000000001
-5245.450377804663 0.5468 0.33979999999999994 0.11340000000000011
-5226.012626468842 0.5468 0.36049999999999993 0.09270000000000012
-5202.644209603723 0.5468 0.38119999999999993 0.07200000000000012
-5175.365543194 0.5468 0.4018999999999999 0.05130000000000012
-5153.301528007289 0.5468 0.4225999999999999 0.030600000000000127
-5564.933579253469 0.5674999999999999 0.05 0.3825000000000001
-5550.651685690352 0.5674999999999999 0.0707 0.3618000000000001
-5536.296212155506 0.5674999999999999 0.0914 0.3411000000000001
-5522.2108155040605 0.5674999999999999 0.11209999999999999 0.32040000000000013
-5507.998027950013 0.5674999999999999 0.13279999999999997 0.29970000000000013
-5493.878119081023 0.5674999999999999 0.15349999999999997 0.27900000000000014
-5479.419732259142 0.5674999999999999 0.17419999999999997 0.25830000000000014
-5463.8032148841185 0.5674999999999999 0.19489999999999996 0.23760000000000014
-5447.630121562289 0.5674999999999999 0.21559999999999996 0.21690000000000015
-5429.241717932638 0.5674999999999999 0.23629999999999995 0.19620000000000015
-5411.273606845663 0.5674999999999999 0.25699999999999995 0.17550000000000016
-5392.141152083977 0.5674999999999999 0.27769999999999995 0.15480000000000016
-5372.437701999588 0.5674999999999999 0.29839999999999994 0.13410000000000016
-5352.023145840528 0.5674999999999999 0.31909999999999994 0.11340000000000017
-5329.669209606017 0.5674999999999999 0.33979999999999994 0.09270000000000017
-5306.916813248953 0.5674999999999999 0.36049999999999993 0.07200000000000017
-5282.584664692895 0.5674999999999999 0.38119999999999993 0.05130000000000018
-5257.49030301109 0.5674999999999999 0.4018999999999999 0.030600000000000183
-5650.965194508295 0.5882 0.05 0.36180000000000007
-5639.347375525671 0.5882 0.0707 0.34110000000000007
-5622.404731791046 0.5882 0.0914 0.3204000000000001
-5610.885970842522 0.5882 0.11209999999999999 0.2997000000000001
-5594.377820429077 0.5882 0.13279999999999997 0.2790000000000001
-5580.009322277213 0.5882 0.15349999999999997 0.2583000000000001
-5567.404881936738 0.5882 0.17419999999999997 0.2376000000000001
-5548.894145801252 0.5882 0.19489999999999996 0.2169000000000001
-5534.526177905391 0.5882 0.21559999999999996 0.1962000000000001
-5514.138106352558 0.5882 0.23629999999999995 0.1755000000000001
-5495.213750953307 0.5882 0.25699999999999995 0.1548000000000001
-5477.961378478036 0.5882 0.27769999999999995 0.1341000000000001
-5455.162814065192 0.5882 0.29839999999999994 0.11340000000000011
-5436.041203667341 0.5882 0.31909999999999994 0.09270000000000012
-5411.029093961376 0.5882 0.33979999999999994 0.07200000000000012
-5387.08477735947 0.5882 0.36049999999999993 0.05130000000000012
-5364.507314229182 0.5882 0.38119999999999993 0.030600000000000127
