-4951.611596822423 0.4225999999999999 0.05 0.5274000000000001
-4937.98156872087 0.4225999999999999 0.0707 0.5067000000000002
-4924.557493423732 0.4225999999999999 0.0914 0.48600000000000015
-4909.422886019219 0.4225999999999999 0.11209999999999999 0.46530000000000016
-4895.105309531264 0.4225999999999999 0.13279999999999997 0.44460000000000016
-4881.355073507 0.4225999999999999 0.15349999999999997 0.42390000000000017
-4869.697104527069 0.4225999999999999 0.17419999999999997 0.40320000000000017
-4853.334324646181 0.4225999999999999 0.19489999999999996 0.3825000000000002
-4839.530231222633 0.4225999999999999 0.21559999999999996 0.3618000000000002
-4824.63174764342 0.4225999999999999 0.23629999999999995 0.3411000000000002
-4809.458688399984 0.4225999999999999 0.25699999999999995 0.3204000000000002
-4795.7125895654335 0.4225999999999999 0.27769999999999995 0.2997000000000002
-4776.632504083211 0.4225999999999999 0.29839999999999994 0.2790000000000002
-4759.473112526526 0.4225999999999999 0.31909999999999994 0.2583000000000002
-4740.614153686719 0.4225999999999999 0.33979999999999994 0.2376000000000002
-4721.969454447967 0.4225999999999999 0.36049999999999993 0.2169000000000002
-4704.858510972546 0.4225999999999999 0.38119999999999993 0.1962000000000002
-4681.921729275269 0.4225999999999999 0.4018999999999999 0.1755000000000002
-4661.812927663069 0.4225999999999999 0.4225999999999999 0.15480000000000022
-4640.188138212425 0.4225999999999999 0.4432999999999999 0.13410000000000022
-4617.647654677451 0.4225999999999999 0.4639999999999999 0.11340000000000022
-4593.400273646313 0.4225999999999999 0.4846999999999999 0.09270000000000023
-4569.180815406813 0.4225999999999999 0.5054 0.07200000000000017
-4544.293516553136 0.4225999999999999 0.5260999999999999 0.051300000000000234
-4519.31076911259 0.4225999999999999 0.5468 0.030600000000000183
-5041.003811312562 0.4432999999999999 0.05 0.5067
-5026.566858310534 0.4432999999999999 0.0707 0.4860000000000001
-5012.584689493782 0.4432999999999999 0.0914 0.4653000000000001
-4999.737425173092 0.4432999999999999 0.11209999999999999 0.4446000000000001
-4981.78131141267 0.4432999999999999 0.13279999999999997 0.4239000000000001
-4970.06540210191 0.4432999999999999 0.15349999999999997 0.4032000000000001
-4956.506529255077 0.4432999999999999 0.17419999999999997 0.3825000000000001
-4940.055087034109 0.4432999999999999 0.19489999999999996 0.3618000000000001
-4927.7769435032715 0.4432999999999999 0.21559999999999996 0.3411000000000001
-4910.605463130869 0.4432999999999999 0.23629999999999995 0.32040000000000013
-4897.446313811631 0.4432999999999999 0.25699999999999995 0.29970000000000013
-4881.167635215645 0.4432999999999999 0.27769999999999995 0.27900000000000014
-4861.781219108013 0.4432999999999999 0.29839999999999994 0.25830000000000014
-4843.68865239645 0.4432999999999999 0.31909999999999994 0.23760000000000014
-4825.313319958095 0.4432999999999999 0.33979999999999994 0.21690000000000015
-4808.0582521206925 0.4432999999999999 0.36049999999999993 0.19620000000000015
-4788.0835119851645 0.4432999999999999 0.38119999999999993 0.17550000000000016
-4765.0147883202035 0.4432999999999999 0.4018999999999999 0.15480000000000016
-4745.894645113528 0.4432999999999999 0.4225999999999999 0.13410000000000016
-4721.039786955461 0.4432999999999999 0.4432999999999999 0.11340000000000017
-4700.457659105199 0.4432999999999999 0.4639999999999999 0.09270000000000017
-4676.213875242713 0.4432999999999999 0.4846999999999999 0.07200000000000017
-4650.904958402596 0.4432999999999999 0.5054 0.05130000000000012
-4625.833420862235 0.4432999999999999 0.5260999999999999 0.030600000000000183
-5127.77948855116 0.4639999999999999 0.05 0.48600000000000004
-5113.866120697685 0.4639999999999999 0.0707 0.46530000000000005
-5098.63577467894 0.4639999999999999 0.0914 0.44460000000000005
-5084.628649285253 0.4639999999999999 0.11209999999999999 0.42390000000000005
-5071.037305328811 0.4639999999999999 0.13279999999999997 0.40320000000000006
-5056.8305908275 0.4639999999999999 0.15349999999999997 0.38250000000000006
-5042.990348994371 0.4639999999999999 0.17419999999999997 0.36180000000000007
-5028.775460303121 0.4639999999999999 0.19489999999999996 0.34110000000000007
-5014.083025695742 0.4639999999999999 0.21559999999999996 0.3204000000000001
-4998.762021770721 0.4639999999999999 0.23629999999999995 0.2997000000000001
-4983.074292032111 0.4639999999999999 0.25699999999999995 0.2790000000000001
-4966.486011617028 0.4639999999999999 0.27769999999999995 0.2583000000000001
-4948.478496727204 0.4639999999999999 0.29839999999999994 0.2376000000000001
-4930.091117015042 0.4639999999999999 0.31909999999999994 0.2169000000000001
-4910.796714481605 0.4639999999999999 0.33979999999999994 0.1962000000000001
-4891.203258310545 0.4639999999999999 0.36049999999999993 0.1755000000000001
-4871.389647480329 0.4639999999999999 0.38119999999999993 0.1548000000000001
-4849.795124424977 0.4639999999999999 0.4018999999999999 0.1341000000000001
-4827.872192111095 0.4639999999999999 0.4225999999999999 0.11340000000000011
-4804.250184808147 0.4639999999999999 0.4432999999999999 0.09270000000000012
-4779.9407125135995 0.4639999999999999 0.4639999999999999 0.07200000000000012
-4755.629267803717 0.4639999999999999 0.4846999999999999 0.05130000000000012
-4730.306999638559 0.4639999999999999 0.5054 0.03060000000000007
