-3474.3045959837336 0.11209999999999999 0.05 0.8379
-3480.328682694767 0.11209999999999999 0.0707 0.8172
-3694.4884298595266 0.11209999999999999 0.0914 0.7965
-3700.567884901369 0.11209999999999999 0.11209999999999999 0.7758
-3704.7978158306023 0.11209999999999999 0.13279999999999997 0.7551000000000001
-3708.6622508260416 0.11209999999999999 0.15349999999999997 0.7344
-3712.8407563346104 0.11209999999999999 0.17419999999999997 0.7137
-3713.9306587176206 0.11209999999999999 0.19489999999999996 0.6930000000000001
-3714.8943191580743 0.11209999999999999 0.21559999999999996 0.6723000000000001
-3714.1910502070245 0.11209999999999999 0.23629999999999995 0.6516000000000001
-3699.5978029689736 0.11209999999999999 0.25699999999999995 0.6309
-3673.149429482911 0.11209999999999999 0.27769999999999995 0.6102000000000001
-3644.5076845682947 0.11209999999999999 0.29839999999999994 0.5895000000000001
-3619.0832635156085 0.11209999999999999 0.31909999999999994 0.5688000000000001
-3594.700806409631 0.11209999999999999 0.33979999999999994 0.5481
-3568.7897367163196 0.11209999999999999 0.36049999999999993 0.5274000000000001
-3544.2091785959688 0.11209999999999999 0.38119999999999993 0.5067000000000002
-3518.8037051854476 0.11209999999999999 0.4018999999999999 0.4860000000000001
-3490.2307453424382 0.11209999999999999 0.4225999999999999 0.4653000000000001
-3468.146075145027 0.11209999999999999 0.4432999999999999 0.4446000000000001
-3442.1941810992466 0.11209999999999999 0.4639999999999999 0.4239000000000001
-3417.042412903192 0.11209999999999999 0.4846999999999999 0.4032000000000001
-3377.0401514607615 0.11209999999999999 0.5054 0.38250000000000006
-3362.167807610529 0.11209999999999999 0.5260999999999999 0.3618000000000001
-3336.1172820907573 0.11209999999999999 0.5468 0.34110000000000007
-3314.864164514728 0.11209999999999999 0.5674999999999999 0.32040000000000013
-3282.981526821291 0.11209999999999999 0.5882 0.2997000000000001
-3257.2526259384513 0.11209999999999999 0.6089 0.279
-3230.0817846673435 0.11209999999999999 0.6295999999999999 0.2583000000000001
-3202.2493353577506 0.11209999999999999 0.6502999999999999 0.23760000000000014
-3176.7960028752123 0.11209999999999999 0.6709999999999999 0.2169000000000001
-3140.1557975621704 0.11209999999999999 0.6917 0.19620000000000004
-3121.0361182026068 0.11209999999999999 0.7123999999999999 0.1755000000000001
-3093.372446335324 0.11209999999999999 0.7330999999999999 0.15480000000000016
-3058.94494543942 0.11209999999999999 0.7537999999999999 0.1341000000000001
-3036.313973971617 0.11209999999999999 0.7745 0.11340000000000006
-3007.891970754989 0.11209999999999999 0.7951999999999999 0.09270000000000012
-2984.0939979245713 0.11209999999999999 0.8158999999999998 0.07200000000000017
-2946.8803139220713 0.11209999999999999 0.8365999999999999 0.05130000000000012
-2917.801803321913 0.11209999999999999 0.8573 0.03060000000000007
-3617.0407711819016 0.13279999999999997 0.05 0.8171999999999999
-3709.9780499566186 0.13279999999999997 0.0707 0.7965
-3757.6378528255495 0.13279999999999997 0.0914 0.7757999999999999
-3762.696633173918 0.13279999999999997 0.11209999999999999 0.7551
-3763.475740159956 0.13279999999999997 0.13279999999999997 0.7343999999999999
-3769.9741508489096 0.13279999999999997 0.15349999999999997 0.7137
-3770.240509515188 0.13279999999999997 0.17419999999999997 0.6930000000000001
-3788.17679260873 0.13279999999999997 0.19489999999999996 0.6723
-3787.0936953247306 0.13279999999999997 0.21559999999999996 0.6516
-3785.531808684286 0.13279999999999997 0.23629999999999995 0.6309
-3764.7894254437533 0.13279999999999997 0.25699999999999995 0.6102000000000001
-3738.1735184113036 0.13279999999999997 0.27769999999999995 0.5895
-3714.237256591264 0.13279999999999997 0.29839999999999994 0.5688
-3686.8743343757014 0.13279999999999997 0.31909999999999994 0.5481
-3662.8921761606753 0.13279999999999997 0.33979999999999994 0.5274000000000001
-3637.207872254664 0.13279999999999997 0.36049999999999993 0.5067
-3617.4914393556614 0.13279999999999997 0.38119999999999993 0.48600000000000004
-3586.827509748585 0.13279999999999997 0.4018999999999999 0.46530000000000005
-3561.8841572641286 0.13279999999999997 0.4225999999999999 0.44460000000000005
-3536.1739104952753 0.13279999999999997 0.4432999999999999 0.42390000000000005
-3511.212767619426 0.13279999999999997 0.4639999999999999 0.40320000000000006
-3484.083718835256 0.13279999999999997 0.4846999999999999 0.38250000000000006
-3458.1983579340917 0.13279999999999997 0.5054 0.3618
-3431.5174777742545 0.13279999999999997 0.5260999999999999 0.34110000000000007
-3408.1617918509014 0.13279999999999997 0.5468 0.3204
-3377.5710882230087 0.13279999999999997 0.5674999999999999 0.2997000000000001
-3351.985761464811 0.13279999999999997 0.5882 0.279
-3329.525083686499 0.13279999999999997 0.6089 0.2583
-3296.3468975323603 0.13279999999999997 0.6295999999999999 0.23760000000000003
-3272.6821462708813 0.13279999999999997 0.6502999999999999 0.2169000000000001
-3242.6756744299173 0.13279999999999997 0.6709999999999999 0.19620000000000004
-3214.05437010203 0.13279999999999997 0.6917 0.1755
-3187.1864669301012 0.13279999999999997 0.7123999999999999 0.15480000000000005
-3158.8315112579858 0.13279999999999997 0.7330999999999999 0.1341000000000001
-3133.6434936566316 0.13279999999999997 0.7537999999999999 0.11340000000000006
-3100.4778679508536 0.13279999999999997 0.7745 0.0927
-3075.53712974415 0.13279999999999997 0.7951999999999999 0.07200000000000006
-3048.464281536145 0.13279999999999997 0.8158999999999998 0.05130000000000012
-3018.5883546794616 0.13279999999999997 0.8365999999999999 0.03060000000000007
-3804.5798831656007 0.15349999999999997 0.05 0.7965
-3855.4019702634323 0.15349999999999997 0.0707 0.7758
-3859.179745923885 0.15349999999999997 0.0914 0.7551
-3860.191936793312 0.15349999999999997 0.11209999999999999 0.7344
-3867.6820855481965 0.15349999999999997 0.13279999999999997 0.7137
-3870.835305709921 0.15349999999999997 0.15349999999999997 0.6930000000000001
-3867.1444259345935 0.15349999999999997 0.17419999999999997 0.6723000000000001
-3870.3355511166696 0.15349999999999997 0.19489999999999996 0.6516000000000001
-3867.3697873809447 0.15349999999999997 0.21559999999999996 0.6309
-3865.615544510666 0.15349999999999997 0.23629999999999995 0.6102000000000001
-3841.0001190224216 0.15349999999999997 0.25699999999999995 0.5895000000000001
-3811.906479532794 0.15349999999999997 0.27769999999999995 0.5688000000000001
-3786.012152873512 0.15349999999999997 0.29839999999999994 0.5481
-3769.832683389241 0.15349999999999997 0.31909999999999994 0.5274000000000001
-3741.536268121034 0.15349999999999997 0.33979999999999994 0.5067000000000002
-3720.7172196702422 0.15349999999999997 0.36049999999999993 0.4860000000000001
-3693.7035030168367 0.15349999999999997 0.38119999999999993 0.4653000000000001
-3664.224912975899 0.15349999999999997 0.4018999999999999 0.4446000000000001
-3640.8890097505296 0.15349999999999997 0.4225999999999999 0.4239000000000001
-3613.0888286071895 0.15349999999999997 0.4432999999999999 0.4032000000000001
-3587.8185639766775 0.15349999999999997 0.4639999999999999 0.3825000000000001
-3562.623098649123 0.15349999999999997 0.4846999999999999 0.3618000000000001
-3537.7128839371267 0.15349999999999997 0.5054 0.34110000000000007
-3510.7213377211924 0.15349999999999997 0.5260999999999999 0.32040000000000013
-3480.1195967371473 0.15349999999999997 0.5468 0.2997000000000001
-3456.3805152386944 0.15349999999999997 0.5674999999999999 0.27900000000000014
-3425.8761037244194 0.15349999999999997 0.5882 0.2583000000000001
-3396.7706912158396 0.15349999999999997 0.6089 0.23760000000000003
-3378.725306357533 0.15349999999999997 0.6295999999999999 0.2169000000000001
-3341.9948364839074 0.15349999999999997 0.6502999999999999 0.19620000000000015
-3318.2608562420132 0.15349999999999997 0.6709999999999999 0.1755000000000001
-3291.2844637245103 0.15349999999999997 0.6917 0.15480000000000005
-3262.5644358582986 0.15349999999999997 0.7123999999999999 0.1341000000000001
-3238.2231551724944 0.15349999999999997 0.7330999999999999 0.11340000000000017
-3203.833897974863 0.15349999999999997 0.7537999999999999 0.09270000000000012
-3179.9353267322736 0.15349999999999997 0.7745 0.07200000000000006
-3152.487109995016 0.15349999999999997 0.7951999999999999 0.05130000000000012
-3122.496266600327 0.15349999999999997 0.8158999999999998 0.030600000000000183
