-4197.258524473948 0.23629999999999995 0.05 0.7137
-4200.75550978255 0.23629999999999995 0.0707 0.6930000000000001
-4205.546618761426 0.23629999999999995 0.0914 0.6723
-4207.694035006219 0.23629999999999995 0.11209999999999999 0.6516000000000001
-4206.227232430947 0.23629999999999995 0.13279999999999997 0.6309
-4206.402194360232 0.23629999999999995 0.15349999999999997 0.6102000000000001
-4202.060369310854 0.23629999999999995 0.17419999999999997 0.5895000000000001
-4199.4262765427375 0.23629999999999995 0.19489999999999996 0.5688000000000001
-4195.438745176009 0.23629999999999995 0.21559999999999996 0.5481
-4168.434296224474 0.23629999999999995 0.23629999999999995 0.5274000000000001
-4146.981947517715 0.23629999999999995 0.25699999999999995 0.5067000000000002
-4123.253811241418 0.23629999999999995 0.27769999999999995 0.4860000000000001
-4096.426854716681 0.23629999999999995 0.29839999999999994 0.4653000000000001
-4076.6655491196484 0.23629999999999995 0.31909999999999994 0.4446000000000001
-4042.4105348038415 0.23629999999999995 0.33979999999999994 0.4239000000000001
-4020.5390239122653 0.23629999999999995 0.36049999999999993 0.4032000000000001
-3994.869031534853 0.23629999999999995 0.38119999999999993 0.3825000000000001
-3964.6853209793976 0.23629999999999995 0.4018999999999999 0.3618000000000001
-3941.7453107776987 0.23629999999999995 0.4225999999999999 0.3411000000000001
-3909.798461419131 0.23629999999999995 0.4432999999999999 0.32040000000000013
-3891.006147244258 0.23629999999999995 0.4639999999999999 0.29970000000000013
-3865.339419196334 0.23629999999999995 0.4846999999999999 0.27900000000000014
-3834.2835234500135 0.23629999999999995 0.5054 0.2583000000000001
-3807.3172605688983 0.23629999999999995 0.5260999999999999 0.23760000000000014
-3784.8647420670804 0.23629999999999995 0.5468 0.2169000000000001
-3752.251787869467 0.23629999999999995 0.5674999999999999 0.19620000000000015
-3730.1880476018127 0.23629999999999995 0.5882 0.1755000000000001
-3707.090120500491 0.23629999999999995 0.6089 0.15480000000000005
-3671.2598242604668 0.23629999999999995 0.6295999999999999 0.1341000000000001
-3648.9358654341822 0.23629999999999995 0.6502999999999999 0.11340000000000017
-3618.3034731855255 0.23629999999999995 0.6709999999999999 0.09270000000000012
-3590.80607240398 0.23629999999999995 0.6917 0.07200000000000006
-3563.7907274147783 0.23629999999999995 0.7123999999999999 0.05130000000000012
-3538.321397993907 0.23629999999999995 0.7330999999999999 0.030600000000000183
-4264.385451550182 0.25699999999999995 0.05 0.6930000000000001
-4274.7727382414605 0.25699999999999995 0.0707 0.6723000000000001
-4270.927514288801 0.25699999999999995 0.0914 0.6516000000000001
-4286.812284460056 0.25699999999999995 0.11209999999999999 0.6309000000000001
-4281.51646397728 0.25699999999999995 0.13279999999999997 0.6102000000000001
-4278.236093281987 0.25699999999999995 0.15349999999999997 0.5895000000000001
-4281.762775196304 0.25699999999999995 0.17419999999999997 0.5688000000000002
-4275.6022298924745 0.25699999999999995 0.19489999999999996 0.5481000000000001
-4268.025577139951 0.25699999999999995 0.21559999999999996 0.5274000000000001
-4241.725231624462 0.25699999999999995 0.23629999999999995 0.5067000000000002
-4216.957040038914 0.25699999999999995 0.25699999999999995 0.48600000000000015
-4189.94224537128 0.25699999999999995 0.27769999999999995 0.46530000000000016
-4160.66612320892 0.25699999999999995 0.29839999999999994 0.44460000000000016
-4143.572096275609 0.25699999999999995 0.31909999999999994 0.42390000000000017
-4118.738169893455 0.25699999999999995 0.33979999999999994 0.40320000000000017
-4086.6235405953157 0.25699999999999995 0.36049999999999993 0.3825000000000002
-4069.391626352263 0.25699999999999995 0.38119999999999993 0.3618000000000002
-4040.0500858246364 0.25699999999999995 0.4018999999999999 0.3411000000000002
-4013.804623620861 0.25699999999999995 0.4225999999999999 0.3204000000000002
-3986.323994951857 0.25699999999999995 0.4432999999999999 0.2997000000000002
-3961.679624326417 0.25699999999999995 0.4639999999999999 0.2790000000000002
-3933.833883329217 0.25699999999999995 0.4846999999999999 0.2583000000000002
-3899.708599396002 0.25699999999999995 0.5054 0.23760000000000014
-3885.755731726779 0.25699999999999995 0.5260999999999999 0.2169000000000002
-3852.488786827257 0.25699999999999995 0.5468 0.19620000000000015
-3824.5426059878523 0.25699999999999995 0.5674999999999999 0.1755000000000002
-3794.4342301924185 0.25699999999999995 0.5882 0.15480000000000016
-3766.3850503938356 0.25699999999999995 0.6089 0.1341000000000001
-3742.521477625131 0.25699999999999995 0.6295999999999999 0.11340000000000017
-3709.780052382399 0.25699999999999995 0.6502999999999999 0.09270000000000023
-3686.735776263627 0.25699999999999995 0.6709999999999999 0.07200000000000017
-3659.0733958502574 0.25699999999999995 0.6917 0.05130000000000012
-3631.3329349527075 0.25699999999999995 0.7123999999999999 0.030600000000000183
-4368.877833622944 0.27769999999999995 0.05 0.6723
-4369.968971397704 0.27769999999999995 0.0707 0.6516000000000001
-4367.186262576923 0.27769999999999995 0.0914 0.6309
-4366.636326415312 0.27769999999999995 0.11209999999999999 0.6102000000000001
-4366.711650245002 0.27769999999999995 0.13279999999999997 0.5895000000000001
-4366.191036229041 0.27769999999999995 0.15349999999999997 0.5688000000000001
-4365.805246113455 0.27769999999999995 0.17419999999999997 0.5481
-4359.090953217276 0.27769999999999995 0.19489999999999996 0.5274000000000001
-4344.795606349474 0.27769999999999995 0.21559999999999996 0.5067000000000002
-4323.136516070011 0.27769999999999995 0.23629999999999995 0.4860000000000001
-4295.066601162076 0.27769999999999995 0.25699999999999995 0.4653000000000001
-4269.856296274835 0.27769999999999995 0.27769999999999995 0.4446000000000001
-4245.31734636075 0.27769999999999995 0.29839999999999994 0.4239000000000001
-4219.790601615268 0.27769999999999995 0.31909999999999994 0.4032000000000001
-4190.06920589697 0.27769999999999995 0.33979999999999994 0.3825000000000001
-4170.521963442329 0.27769999999999995 0.36049999999999993 0.3618000000000001
-4143.32863412628 0.27769999999999995 0.38119999999999993 0.3411000000000001
-4118.335009137045 0.27769999999999995 0.4018999999999999 0.32040000000000013
-4091.4611260125257 0.27769999999999995 0.4225999999999999 0.29970000000000013
-4072.412800120001 0.27769999999999995 0.4432999999999999 0.27900000000000014
-4039.194817110757 0.27769999999999995 0.4639999999999999 0.25830000000000014
-4012.138097671655 0.27769999999999995 0.4846999999999999 0.23760000000000014
-3984.8604398087523 0.27769999999999995 0.5054 0.2169000000000001
-3942.049068363686 0.27769999999999995 0.5260999999999999 0.19620000000000015
-3930.14227735986 0.27769999999999995 0.5468 0.1755000000000001
-3902.894894287415 0.27769999999999995 0.5674999999999999 0.15480000000000016
-3873.545634197956 0.27769999999999995 0.5882 0.1341000000000001
-3849.2400564889995 0.27769999999999995 0.6089 0.11340000000000006
-3819.6484335210266 0.27769999999999995 0.6295999999999999 0.09270000000000012
-3797.3713136971173 0.27769999999999995 0.6502999999999999 0.07200000000000017
-3762.523764383212 0.27769999999999995 0.6709999999999999 0.05130000000000012
-3739.2385397427474 0.27769999999999995 0.6917 0.03060000000000007
