-3905.6852480677176 0.17419999999999997 0.05 0.7758
-3945.6848357796503 0.17419999999999997 0.0707 0.7551000000000001
-3950.397751119533 0.17419999999999997 0.0914 0.7344
-3950.1929789315577 0.17419999999999997 0.11209999999999999 0.7137000000000001
-3953.3913067682684 0.17419999999999997 0.13279999999999997 0.6930000000000001
-3954.906223185394 0.17419999999999997 0.15349999999999997 0.6723000000000001
-3958.110998452443 0.17419999999999997 0.17419999999999997 0.6516000000000002
-3957.126473037748 0.17419999999999997 0.19489999999999996 0.6309000000000001
-3955.8823042594604 0.17419999999999997 0.21559999999999996 0.6102000000000001
-3943.60958003058 0.17419999999999997 0.23629999999999995 0.5895000000000001
-3915.8880873703547 0.17419999999999997 0.25699999999999995 0.5688000000000002
-3894.0927056243827 0.17419999999999997 0.27769999999999995 0.5481000000000001
-3870.407457780653 0.17419999999999997 0.29839999999999994 0.5274000000000001
-3842.778814927653 0.17419999999999997 0.31909999999999994 0.5067000000000002
-3817.378936611319 0.17419999999999997 0.33979999999999994 0.48600000000000015
-3794.041791679999 0.17419999999999997 0.36049999999999993 0.46530000000000016
-3772.220945435077 0.17419999999999997 0.38119999999999993 0.44460000000000016
-3743.0683952845093 0.17419999999999997 0.4018999999999999 0.42390000000000017
-3718.403834270119 0.17419999999999997 0.4225999999999999 0.40320000000000017
-3688.2628031020013 0.17419999999999997 0.4432999999999999 0.3825000000000002
-3662.0056538387707 0.17419999999999997 0.4639999999999999 0.3618000000000002
-3639.749384921449 0.17419999999999997 0.4846999999999999 0.3411000000000002
-3607.2280283499936 0.17419999999999997 0.5054 0.32040000000000013
-3585.742854657393 0.17419999999999997 0.5260999999999999 0.2997000000000002
-3558.7728107293697 0.17419999999999997 0.5468 0.27900000000000014
-3532.835931159992 0.17419999999999997 0.5674999999999999 0.2583000000000002
-3504.7986356400243 0.17419999999999997 0.5882 0.23760000000000014
-3476.9944205195425 0.17419999999999997 0.6089 0.2169000000000001
-3446.9027853295424 0.17419999999999997 0.6295999999999999 0.19620000000000015
-3421.6496857539883 0.17419999999999997 0.6502999999999999 0.1755000000000002
-3396.3814343994113 0.17419999999999997 0.6709999999999999 0.15480000000000016
-3369.3138491232066 0.17419999999999997 0.6917 0.1341000000000001
-3340.9900593166576 0.17419999999999997 0.7123999999999999 0.11340000000000017
-3310.2926683338287 0.17419999999999997 0.7330999999999999 0.09270000000000023
-3282.6335397939483 0.17419999999999997 0.7537999999999999 0.07200000000000017
-3253.741580357418 0.17419999999999997 0.7745 0.05130000000000012
-3229.8376860456738 0.17419999999999997 0.7951999999999999 0.030600000000000183
-4007.258951504773 0.19489999999999996 0.05 0.7551
-4023.017073343965 0.19489999999999996 0.0707 0.7344
-4023.495794199201 0.19489999999999996 0.0914 0.7137
-4027.9030565240187 0.19489999999999996 0.11209999999999999 0.6930000000000001
-4030.1142174457254 0.19489999999999996 0.13279999999999997 0.6723000000000001
-4029.9735594507756 0.19489999999999996 0.15349999999999997 0.6516000000000001
-4035.543337205029 0.19489999999999996 0.17419999999999997 0.6309
-4030.0243472941866 0.19489999999999996 0.19489999999999996 0.6102000000000001
-4028.776339056994 0.19489999999999996 0.21559999999999996 0.5895000000000001
-4014.1113199602482 0.19489999999999996 0.23629999999999995 0.5688000000000001
-3986.6578348847693 0.19489999999999996 0.25699999999999995 0.5481
-3968.4080276740733 0.19489999999999996 0.27769999999999995 0.5274000000000001
-3943.110681019969 0.19489999999999996 0.29839999999999994 0.5067000000000002
-3919.867340290604 0.19489999999999996 0.31909999999999994 0.4860000000000001
-3893.0781584540587 0.19489999999999996 0.33979999999999994 0.4653000000000001
-3859.1712169514667 0.19489999999999996 0.36049999999999993 0.4446000000000001
-3836.2938032146703 0.19489999999999996 0.38119999999999993 0.4239000000000001
-3806.887284588334 0.19489999999999996 0.4018999999999999 0.4032000000000001
-3787.8251882237305 0.19489999999999996 0.4225999999999999 0.3825000000000001
-3760.555269067048 0.19489999999999996 0.4432999999999999 0.3618000000000001
-3730.4410836729185 0.19489999999999996 0.4639999999999999 0.3411000000000001
-3710.5141578772277 0.19489999999999996 0.4846999999999999 0.32040000000000013
-3680.6712002997365 0.19489999999999996 0.5054 0.2997000000000001
-3656.1247367551555 0.19489999999999996 0.5260999999999999 0.27900000000000014
-3627.652058655957 0.19489999999999996 0.5468 0.2583000000000001
-3601.6877583621035 0.19489999999999996 0.5674999999999999 0.23760000000000014
-3575.43020979264 0.19489999999999996 0.5882 0.2169000000000001
-3549.4609452801983 0.19489999999999996 0.6089 0.19620000000000004
-3516.5987085122606 0.19489999999999996 0.6295999999999999 0.1755000000000001
-3493.4377229845963 0.19489999999999996 0.6502999999999999 0.15480000000000016
-3464.407252440747 0.19489999999999996 0.6709999999999999 0.1341000000000001
-3436.8595452831887 0.19489999999999996 0.6917 0.11340000000000006
-3407.518237837886 0.19489999999999996 0.7123999999999999 0.09270000000000012
-3379.8610461965573 0.19489999999999996 0.7330999999999999 0.07200000000000017
-3358.00220046234 0.19489999999999996 0.7537999999999999 0.05130000000000012
-3322.068131176521 0.19489999999999996 0.7745 0.03060000000000007
-4103.282484532497 0.21559999999999996 0.05 0.7343999999999999
-4112.35931556811 0.21559999999999996 0.0707 0.7137
-4108.370956005998 0.21559999999999996 0.0914 0.693
-4115.219363782811 0.21559999999999996 0.11209999999999999 0.6723
-4115.84204520536 0.21559999999999996 0.13279999999999997 0.6516
-4124.941589721215 0.21559999999999996 0.15349999999999997 0.6309
-4114.515369915141 0.21559999999999996 0.17419999999999997 0.6102000000000001
-4114.569539174982 0.21559999999999996 0.19489999999999996 0.5895
-4110.947268432567 0.21559999999999996 0.21559999999999996 0.5688
-4089.5071861543634 0.21559999999999996 0.23629999999999995 0.5481
-4066.699873956357 0.21559999999999996 0.25699999999999995 0.5274000000000001
-4039.623526936162 0.21559999999999996 0.27769999999999995 0.5067
-4013.406279494994 0.21559999999999996 0.29839999999999994 0.48600000000000004
-3994.441193575499 0.21559999999999996 0.31909999999999994 0.46530000000000005
-3960.956780962196 0.21559999999999996 0.33979999999999994 0.44460000000000005
-3943.196927167733 0.21559999999999996 0.36049999999999993 0.42390000000000005
-3914.7542727916953 0.21559999999999996 0.38119999999999993 0.40320000000000006
-3886.6195762569564 0.21559999999999996 0.4018999999999999 0.38250000000000006
-3859.8701575553555 0.21559999999999996 0.4225999999999999 0.36180000000000007
-3833.786826640927 0.21559999999999996 0.4432999999999999 0.34110000000000007
-3810.2810745534275 0.21559999999999996 0.4639999999999999 0.3204000000000001
-3788.3624033173496 0.21559999999999996 0.4846999999999999 0.2997000000000001
-3752.15958407922 0.21559999999999996 0.5054 0.279
-3736.6257459603075 0.21559999999999996 0.5260999999999999 0.2583000000000001
-3707.9657347761954 0.21559999999999996 0.5468 0.23760000000000003
-3676.148770874023 0.21559999999999996 0.5674999999999999 0.2169000000000001
-3653.9012629454032 0.21559999999999996 0.5882 0.19620000000000004
-3619.9705074423573 0.21559999999999996 0.6089 0.1755
-3581.4184682819646 0.21559999999999996 0.6295999999999999 0.15480000000000005
-3568.7072521748305 0.21559999999999996 0.6502999999999999 0.1341000000000001
-3542.28641245751 0.21559999999999996 0.6709999999999999 0.11340000000000006
-3513.2089969150798 0.21559999999999996 0.6917 0.0927
-3489.607097694062 0.21559999999999996 0.7123999999999999 0.07200000000000006
-3456.355355580308 0.21559999999999996 0.7330999999999999 0.05130000000000012
-3433.0571127425483 0.21559999999999996 0.7537999999999999 0.03060000000000007
