-5740.819285180495 0.6089 0.05 0.3411
-5739.357267242854 0.6089 0.0707 0.3204
-5732.667567028293 0.6089 0.0914 0.2997
-5718.591050292449 0.6089 0.11209999999999999 0.279
-5690.019208756644 0.6089 0.13279999999999997 0.25830000000000003
-5672.853129912598 0.6089 0.15349999999999997 0.23760000000000003
-5642.094558569482 0.6089 0.17419999999999997 0.21690000000000004
-5620.456968958036 0.6089 0.19489999999999996 0.19620000000000004
-5592.566131856116 0.6089 0.21559999999999996 0.17550000000000004
-5563.787146338046 0.6089 0.23629999999999995 0.15480000000000005
-5541.09504325049 0.6089 0.25699999999999995 0.13410000000000005
-5515.397585620631 0.6089 0.27769999999999995 0.11340000000000006
-5495.297838784358 0.6089 0.29839999999999994 0.09270000000000006
-5469.309673802834 0.6089 0.31909999999999994 0.07200000000000006
-5429.833727274032 0.6089 0.33979999999999994 0.05130000000000007
-5400.596016435799 0.6089 0.36049999999999993 0.03060000000000007
-5820.576502710238 0.6295999999999999 0.05 0.3204000000000001
-5827.218962130824 0.6295999999999999 0.0707 0.2997000000000001
-5812.074716149714 0.6295999999999999 0.0914 0.2790000000000001
-5799.863686028253 0.6295999999999999 0.11209999999999999 0.2583000000000001
-5778.350095138072 0.6295999999999999 0.13279999999999997 0.2376000000000001
-5751.266516623115 0.6295999999999999 0.15349999999999997 0.2169000000000001
-5723.991645821917 0.6295999999999999 0.17419999999999997 0.1962000000000001
-5705.390923419501 0.6295999999999999 0.19489999999999996 0.1755000000000001
-5674.340040161992 0.6295999999999999 0.21559999999999996 0.1548000000000001
-5652.84780656463 0.6295999999999999 0.23629999999999995 0.1341000000000001
-5617.190668227608 0.6295999999999999 0.25699999999999995 0.11340000000000011
-5597.946534244074 0.6295999999999999 0.27769999999999995 0.09270000000000012
-5570.757682760627 0.6295999999999999 0.29839999999999994 0.07200000000000012
-5533.207286953735 0.6295999999999999 0.31909999999999994 0.05130000000000012
-5514.2335728975795 0.6295999999999999 0.33979999999999994 0.030600000000000127
-5925.825508382428 0.6502999999999999 0.05 0.29970000000000013
-5916.484279789456 0.6502999999999999 0.0707 0.27900000000000014
-5914.50880249415 0.6502999999999999 0.0914 0.25830000000000014
-5888.419374545415 0.6502999999999999 0.11209999999999999 0.23760000000000014
-5859.152799739692 0.6502999999999999 0.13279999999999997 0.21690000000000015
-5840.016538459348 0.6502999999999999 0.15349999999999997 0.19620000000000015
-5809.166712092866 0.6502999999999999 0.17419999999999997 0.17550000000000016
-5790.8404096611885 0.6502999999999999 0.19489999999999996 0.15480000000000016
-5753.692768875509 0.6502999999999999 0.21559999999999996 0.13410000000000016
-5727.393362768336 0.6502999999999999 0.23629999999999995 0.11340000000000017
-5706.33424042983 0.6502999999999999 0.25699999999999995 0.09270000000000017
-5675.164995612949 0.6502999999999999 0.27769999999999995 0.07200000000000017
-5653.619887978589 0.6502999999999999 0.29839999999999994 0.05130000000000018
-5609.355685054146 0.6502999999999999 0.31909999999999994 0.030600000000000183
