-6004.542956597017 0.6709999999999999 0.05 0.2790000000000001
-6001.211231083797 0.6709999999999999 0.0707 0.2583000000000001
-5984.122349046655 0.6709999999999999 0.0914 0.2376000000000001
-5960.823950247082 0.6709999999999999 0.11209999999999999 0.2169000000000001
-5934.346564782098 0.6709999999999999 0.13279999999999997 0.1962000000000001
-5905.591633989877 0.6709999999999999 0.15349999999999997 0.1755000000000001
-5887.129312212926 0.6709999999999999 0.17419999999999997 0.1548000000000001
-5858.971884976661 0.6709999999999999 0.19489999999999996 0.1341000000000001
-5830.797639970158 0.6709999999999999 0.21559999999999996 0.11340000000000011
-5806.145331436695 0.6709999999999999 0.23629999999999995 0.09270000000000012
-5788.223051392923 0.6709999999999999 0.25699999999999995 0.07200000000000012
-5756.136076013212 0.6709999999999999 0.27769999999999995 0.05130000000000012
-5719.180592786976 0.6709999999999999 0.29839999999999994 0.030600000000000127
-6088.4536488412095 0.6917 0.05 0.25830000000000003
-6073.310887800658 0.6917 0.0707 0.23760000000000003
-6066.658230693297 0.6917 0.0914 0.21690000000000004
-6043.609908239792 0.6917 0.11209999999999999 0.19620000000000004
-6017.047588278032 0.6917 0.13279999999999997 0.17550000000000004
-5988.636765683805 0.6917 0.15349999999999997 0.15480000000000005
-5971.964505210073 0.6917 0.17419999999999997 0.13410000000000005
-5942.916591802553 0.6917 0.19489999999999996 0.11340000000000006
-5915.684204303793 0.6917 0.21559999999999996 0.09270000000000006
-5878.962767218314 0.6917 0.23629999999999995 0.07200000000000006
-5865.221928338668 0.6917 0.25699999999999995 0.05130000000000007
-5839.649938217488 0.6917 0.27769999999999995 0.03060000000000007
-6179.943569865723 0.7123999999999999 0.05 0.2376000000000001
-6165.3325570466195 0.7123999999999999 0.0707 0.2169000000000001
-6154.978812368956 0.7123999999999999 0.0914 0.1962000000000001
-6123.901837686977 0.7123999999999999 0.11209999999999999 0.1755000000000001
-6106.572529458313 0.7123999999999999 0.13279999999999997 0.1548000000000001
-6081.580946052713 0.7123999999999999 0.15349999999999997 0.1341000000000001
-6047.800217133648 0.7123999999999999 0.17419999999999997 0.11340000000000011
-6023.236745354369 0.7123999999999999 0.19489999999999996 0.09270000000000012
-6001.973201847271 0.7123999999999999 0.21559999999999996 0.07200000000000012
-5972.945680789069 0.7123999999999999 0.23629999999999995 0.05130000000000012
-5950.671493362403 0.7123999999999999 0.25699999999999995 0.030600000000000127
