-5212.782697120045 0.4846999999999999 0.05 0.4653000000000001
-5213.070839036028 0.4846999999999999 0.0707 0.4446000000000001
-5218.112075753878 0.4846999999999999 0.0914 0.4239000000000001
-5215.215951193541 0.4846999999999999 0.11209999999999999 0.4032000000000001
-5208.034985846265 0.4846999999999999 0.13279999999999997 0.3825000000000001
-5188.459612461794 0.4846999999999999 0.15349999999999997 0.3618000000000001
-5169.9223418729325 0.4846999999999999 0.17419999999999997 0.3411000000000001
-5141.779519553647 0.4846999999999999 0.19489999999999996 0.32040000000000013
-5122.322917368388 0.4846999999999999 0.21559999999999996 0.29970000000000013
-5095.39440229067 0.4846999999999999 0.23629999999999995 0.27900000000000014
-5070.149463256476 0.4846999999999999 0.25699999999999995 0.25830000000000014
-5041.908618016995 0.4846999999999999 0.27769999999999995 0.23760000000000014
-5018.555864352709 0.4846999999999999 0.29839999999999994 0.21690000000000015
-4995.374455005051 0.4846999999999999 0.31909999999999994 0.19620000000000015
-4956.713095943021 0.4846999999999999 0.33979999999999994 0.17550000000000016
-4936.5562797195635 0.4846999999999999 0.36049999999999993 0.15480000000000016
-4917.269571685008 0.4846999999999999 0.38119999999999993 0.13410000000000016
-4875.704471852907 0.4846999999999999 0.4018999999999999 0.11340000000000017
-4866.4021676418 0.4846999999999999 0.4225999999999999 0.09270000000000017
-4836.7560688231315 0.4846999999999999 0.4432999999999999 0.07200000000000017
-4803.696240119583 0.4846999999999999 0.4639999999999999 0.05130000000000018
-4773.941774674958 0.4846999999999999 0.4846999999999999 0.030600000000000183
-5300.707599407183 0.5054 0.05 0.44460000000000005
-5307.388994283417 0.5054 0.0707 0.42390000000000005
-5295.573039318134 0.5054 0.0914 0.40320000000000006
-5299.04621128967 0.5054 0.11209999999999999 0.38250000000000006
-5293.0892862709325 0.5054 0.13279999999999997 0.36180000000000007
-5270.858782984002 0.5054 0.15349999999999997 0.34110000000000007
-5247.231556035474 0.5054 0.17419999999999997 0.3204000000000001
-5220.244834583758 0.5054 0.19489999999999996 0.2997000000000001
-5204.146984556012 0.5054 0.21559999999999996 0.2790000000000001
-5165.459337181348 0.5054 0.23629999999999995 0.2583000000000001
-5141.887713682561 0.5054 0.25699999999999995 0.2376000000000001
-5117.903249158023 0.5054 0.27769999999999995 0.2169000000000001
-5098.191754715419 0.5054 0.29839999999999994 0.1962000000000001
-5067.2953661395495 0.5054 0.31909999999999994 0.1755000000000001
-5041.247887847476 0.5054 0.33979999999999994 0.1548000000000001
-5010.066392882861 0.5054 0.36049999999999993 0.1341000000000001
-4986.981616531741 0.5054 0.38119999999999993 0.11340000000000011
-4961.276828599231 0.5054 0.4018999999999999 0.09270000000000012
-4929.8811628720205 0.5054 0.4225999999999999 0.07200000000000012
-4905.617158643733 0.5054 0.4432999999999999 0.05130000000000012
-4886.6947734385285 0.5054 0.4639999999999999 0.030600000000000127
-5404.611172974846 0.5260999999999999 0.05 0.4239000000000001
-5399.84002232694 0.5260999999999999 0.0707 0.4032000000000001
-5399.091908826127 0.5260999999999999 0.0914 0.3825000000000001
-5388.27588770297 0.5260999999999999 0.11209999999999999 0.3618000000000001
-5374.824822433758 0.5260999999999999 0.13279999999999997 0.3411000000000001
-5353.458105186461 0.5260999999999999 0.15349999999999997 0.32040000000000013
-5332.869028850111 0.5260999999999999 0.17419999999999997 0.29970000000000013
-5309.249914111826 0.5260999999999999 0.19489999999999996 0.27900000000000014
-5286.412642997939 0.5260999999999999 0.21559999999999996 0.25830000000000014
-5256.8863733852695 0.5260999999999999 0.23629999999999995 0.23760000000000014
-5230.6687957945915 0.5260999999999999 0.25699999999999995 0.21690000000000015
-5204.1812534468945 0.5260999999999999 0.27769999999999995 0.19620000000000015
-5181.042089406056 0.5260999999999999 0.29839999999999994 0.17550000000000016
-5148.401599156285 0.5260999999999999 0.31909999999999994 0.15480000000000016
-5129.500619547534 0.5260999999999999 0.33979999999999994 0.13410000000000016
-5105.45186185529 0.5260999999999999 0.36049999999999993 0.11340000000000017
-5076.751372273151 0.5260999999999999 0.38119999999999993 0.09270000000000017
-5037.686724599742 0.5260999999999999 0.4018999999999999 0.07200000000000017
-5013.3005807162635 0.5260999999999999 0.4225999999999999 0.05130000000000018
-4988.383269365376 0.5260999999999999 0.4432999999999999 0.030600000000000183
