-6382.759138692489 0.7434999999999999 0.001 0.25550000000000006
-6393.229535113655 0.7434999999999999 0.0235 0.23300000000000007
-6404.37399920128 0.7434999999999999 0.046 0.21050000000000008
-6414.362614568803 0.7434999999999999 0.0685 0.18800000000000006
-6417.185667611464 0.7434999999999999 0.091 0.16550000000000006
-6410.781401006029 0.7434999999999999 0.11349999999999999 0.14300000000000007
-6399.798924567491 0.7434999999999999 0.136 0.12050000000000005
-6386.688240389114 0.7434999999999999 0.1585 0.09800000000000006
-6373.114059647704 0.7434999999999999 0.181 0.07550000000000007
-6358.600296161762 0.7434999999999999 0.2035 0.053000000000000075
-6342.873190427516 0.7434999999999999 0.22599999999999998 0.030500000000000083
-6322.043989152862 0.7434999999999999 0.256 0.000500000000000056
-6474.675405862229 0.766 0.001 0.23299999999999998
-6484.994327621852 0.766 0.0235 0.2105
-6496.14415295433 0.766 0.046 0.188
-6504.216049577632 0.766 0.0685 0.16549999999999998
-6503.8161644331085 0.766 0.091 0.143
-6495.024188189254 0.766 0.11349999999999999 0.1205
-6483.498868627901 0.766 0.136 0.09799999999999998
-6469.526231790771 0.766 0.1585 0.07549999999999998
-6455.211798184809 0.766 0.181 0.05299999999999999
-6440.038911859278 0.766 0.2035 0.0305
-6419.476086583296 0.766 0.233 0.0009999999999999731
-6566.903181096475 0.7885 0.001 0.21050000000000002
-6577.028283068641 0.7885 0.0235 0.18800000000000003
-6586.897939399669 0.7885 0.046 0.16550000000000004
-6593.313503354333 0.7885 0.0685 0.14300000000000002
-6589.832016021969 0.7885 0.091 0.12050000000000002
-6579.641787840232 0.7885 0.11349999999999999 0.09800000000000003
-6566.426971455211 0.7885 0.136 0.07550000000000001
-6552.583637674447 0.7885 0.1585 0.05300000000000002
-6537.128725564137 0.7885 0.181 0.030500000000000027
-6516.387398968662 0.7885 0.211 0.0005000000000000282
