-5539.69278823471 0.541 0.001 0.45799999999999996
-5558.297804701988 0.541 0.0235 0.43549999999999994
-5574.600272873534 0.541 0.046 0.413
-5589.917159208932 0.541 0.0685 0.39049999999999996
-5603.770175316659 0.541 0.091 0.368
-5614.8281348920245 0.541 0.11349999999999999 0.3455
-5622.848502253099 0.541 0.136 0.32299999999999995
-5622.474596108627 0.541 0.1585 0.3005
-5617.101387239911 0.541 0.181 0.27799999999999997
-5608.01811792388 0.541 0.2035 0.25549999999999995
-5597.7432308247 0.541 0.22599999999999998 0.23299999999999998
-5585.662405912549 0.541 0.2485 0.21049999999999996
-5572.012090513631 0.541 0.271 0.18799999999999994
-5556.674395054342 0.541 0.2935 0.16549999999999998
-5538.3539177316525 0.541 0.316 0.14299999999999996
-5516.889525774164 0.541 0.33849999999999997 0.1205
-5494.624250615572 0.541 0.361 0.09799999999999998
-5466.451321575422 0.541 0.3835 0.07549999999999996
-5436.406310924441 0.541 0.40599999999999997 0.05299999999999999
-5406.13639765127 0.541 0.4285 0.03049999999999997
-5356.881217285723 0.541 0.458 0.0009999999999999454
-5633.453684026409 0.5635 0.001 0.4355
-5650.589391551668 0.5635 0.0235 0.413
-5667.912263384222 0.5635 0.046 0.3905
-5681.186478279993 0.5635 0.0685 0.368
-5695.020216164525 0.5635 0.091 0.34550000000000003
-5707.137043000539 0.5635 0.11349999999999999 0.323
-5711.517893111183 0.5635 0.136 0.3005
-5708.371260532412 0.5635 0.1585 0.278
-5702.89422265079 0.5635 0.181 0.2555
-5692.504940167735 0.5635 0.2035 0.233
-5680.696346743323 0.5635 0.22599999999999998 0.21050000000000002
-5667.942076117158 0.5635 0.2485 0.188
-5654.2477326089365 0.5635 0.271 0.16549999999999998
-5639.562002287816 0.5635 0.2935 0.14300000000000002
-5620.917127300252 0.5635 0.316 0.1205
-5599.751277929556 0.5635 0.33849999999999997 0.09800000000000003
-5571.589629801897 0.5635 0.361 0.07550000000000001
-5544.324239065795 0.5635 0.3835 0.05299999999999999
-5515.242279486611 0.5635 0.40599999999999997 0.030500000000000027
-5469.246909920741 0.5635 0.436 0.0005000000000000004
-5730.038572564387 0.586 0.001 0.41300000000000003
-5744.106674744931 0.586 0.0235 0.3905
-5760.276117894859 0.586 0.046 0.36800000000000005
-5774.955938943604 0.586 0.0685 0.34550000000000003
-5786.975011501918 0.586 0.091 0.32300000000000006
-5797.821315821508 0.586 0.11349999999999999 0.30050000000000004
-5799.176905391794 0.586 0.136 0.278
-5796.143418991082 0.586 0.1585 0.25550000000000006
-5786.360478524499 0.586 0.181 0.23300000000000004
-5777.7259703497375 0.586 0.2035 0.21050000000000005
-5764.983552914811 0.586 0.22599999999999998 0.18800000000000006
-5751.427092467244 0.586 0.2485 0.16550000000000004
-5737.892614818837 0.586 0.271 0.14300000000000002
-5721.2333471949005 0.586 0.2935 0.12050000000000005
-5700.14170955565 0.586 0.316 0.09800000000000003
-5676.751092146468 0.586 0.33849999999999997 0.07550000000000007
-5650.423348962935 0.586 0.361 0.05300000000000005
-5622.466342598292 0.586 0.3835 0.030500000000000027
-5581.744503758325 0.586 0.41300000000000003 0.0010000000000000009
