-5255.62991777284 0.4735 0.001 0.5255
-5275.1251000293305 0.4735 0.0235 0.503
-5292.926615498979 0.4735 0.046 0.4805
-5311.030195607972 0.4735 0.0685 0.45799999999999996
-5325.963368528112 0.4735 0.091 0.4355
-5340.776171062263 0.4735 0.11349999999999999 0.413
-5351.350889245693 0.4735 0.136 0.39049999999999996
-5358.159710600101 0.4735 0.1585 0.368
-5357.206920064287 0.4735 0.181 0.3455
-5353.51728575508 0.4735 0.2035 0.32299999999999995
-5343.076972207852 0.4735 0.22599999999999998 0.3005
-5333.132499797776 0.4735 0.2485 0.27799999999999997
-5322.255456895937 0.4735 0.271 0.25549999999999995
-5309.899689392633 0.4735 0.2935 0.23299999999999998
-5295.882317543079 0.4735 0.316 0.21049999999999996
-5278.044084128528 0.4735 0.33849999999999997 0.188
-5256.409987100725 0.4735 0.361 0.16549999999999998
-5232.153365351582 0.4735 0.3835 0.14299999999999996
-5205.378992301594 0.4735 0.40599999999999997 0.1205
-5175.430225993892 0.4735 0.4285 0.09799999999999998
-5143.92188589272 0.4735 0.45099999999999996 0.07550000000000001
-5109.0825587804575 0.4735 0.4735 0.05299999999999999
-5069.366094249287 0.4735 0.496 0.03049999999999997
-5015.009904501964 0.4735 0.526 0.0004999999999999449
-5350.249453641171 0.496 0.001 0.503
-5367.7827360759 0.496 0.0235 0.4805
-5386.849861173078 0.496 0.046 0.458
-5404.777567696484 0.496 0.0685 0.4355
-5419.663132864833 0.496 0.091 0.41300000000000003
-5432.449901646276 0.496 0.11349999999999999 0.3905
-5443.719503600615 0.496 0.136 0.368
-5446.18234677387 0.496 0.1585 0.34550000000000003
-5444.985709566454 0.496 0.181 0.323
-5438.372887756531 0.496 0.2035 0.3005
-5429.306815888034 0.496 0.22599999999999998 0.278
-5417.102017260599 0.496 0.2485 0.2555
-5405.8791504117435 0.496 0.271 0.23299999999999998
-5392.790921421458 0.496 0.2935 0.21050000000000002
-5376.909315040234 0.496 0.316 0.188
-5357.709776293431 0.496 0.33849999999999997 0.16550000000000004
-5336.266903757503 0.496 0.361 0.14300000000000002
-5310.349600929142 0.496 0.3835 0.1205
-5282.296984016184 0.496 0.40599999999999997 0.09800000000000003
-5252.5681942049805 0.496 0.4285 0.07550000000000001
-5220.606149475543 0.496 0.45099999999999996 0.05300000000000005
-5182.524823750743 0.496 0.4735 0.030500000000000027
-5130.143095114651 0.496 0.503 0.0010000000000000009
-5446.516977690303 0.5185 0.001 0.48050000000000004
-5462.681169135534 0.5185 0.0235 0.458
-5479.872503862059 0.5185 0.046 0.43550000000000005
-5498.480917013832 0.5185 0.0685 0.41300000000000003
-5511.380246523798 0.5185 0.091 0.39050000000000007
-5524.20831535128 0.5185 0.11349999999999999 0.36800000000000005
-5533.04834255176 0.5185 0.136 0.34550000000000003
-5535.628478134812 0.5185 0.1585 0.32300000000000006
-5530.965361393228 0.5185 0.181 0.30050000000000004
-5523.519888375679 0.5185 0.2035 0.278
-5514.345067817728 0.5185 0.22599999999999998 0.25550000000000006
-5500.951811077623 0.5185 0.2485 0.23300000000000004
-5488.748045905988 0.5185 0.271 0.21050000000000002
-5475.095978901735 0.5185 0.2935 0.18800000000000006
-5458.731755863883 0.5185 0.316 0.16550000000000004
-5438.847437268179 0.5185 0.33849999999999997 0.14300000000000007
-5414.352303101825 0.5185 0.361 0.12050000000000005
-5388.752551184713 0.5185 0.3835 0.09800000000000003
-5359.2802194994665 0.5185 0.40599999999999997 0.07550000000000007
-5327.852958533254 0.5185 0.4285 0.05300000000000005
-5294.496599826689 0.5185 0.45099999999999996 0.030500000000000083
-5242.861164980232 0.5185 0.481 0.000500000000000056
