-6935.420368459037 0.8785 0.001 0.12050000000000005
-6943.641250978398 0.8785 0.0235 0.09800000000000006
-6947.207557798012 0.8785 0.046 0.07550000000000005
-6938.772751682923 0.8785 0.0685 0.05300000000000005
-6925.398587095817 0.8785 0.091 0.030500000000000055
-6905.650419620392 0.8785 0.121 0.000500000000000056
-7027.1153593444 0.9009999999999999 0.001 0.09800000000000009
-7034.195801677897 0.9009999999999999 0.0235 0.0755000000000001
-7033.651903725691 0.9009999999999999 0.046 0.05300000000000009
-7022.2572901919875 0.9009999999999999 0.0685 0.030500000000000083
-7002.764115895803 0.9009999999999999 0.099 8.326672684688674e-17
-7118.7775866121165 0.9235 0.001 0.07550000000000001
-7124.9905213134425 0.9235 0.0235 0.05300000000000001
-7118.82665149589 0.9235 0.046 0.030500000000000013
-7099.704481518594 0.9235 0.076 0.0005000000000000143
