-3802.56307673579 0.136 0.001 0.863
-3828.2762531939557 0.136 0.0235 0.8405
-3852.922890211412 0.136 0.046 0.818
-3877.6122574414917 0.136 0.0685 0.7955
-3902.1797324434588 0.136 0.091 0.773
-3925.6289806447257 0.136 0.11349999999999999 0.7505
-3949.0626532197807 0.136 0.136 0.728
-3972.0921133151364 0.136 0.1585 0.7055
-3993.5213790121948 0.136 0.181 0.683
-4014.411249777776 0.136 0.2035 0.6605
-4030.314829262375 0.136 0.22599999999999998 0.638
-4039.8920843219585 0.136 0.2485 0.6154999999999999
-4040.0611084590682 0.136 0.271 0.593
-4040.983458431528 0.136 0.2935 0.5705
-4040.0595808685475 0.136 0.316 0.548
-4034.6017553051965 0.136 0.33849999999999997 0.5255000000000001
-4030.4738537932144 0.136 0.361 0.503
-4020.1778797740503 0.136 0.3835 0.4805
-4009.1364326029134 0.136 0.40599999999999997 0.458
-3990.8824164084 0.136 0.4285 0.4355
-3971.6982827347424 0.136 0.45099999999999996 0.41300000000000003
-3949.903365741903 0.136 0.4735 0.3905
-3928.6943839824285 0.136 0.496 0.368
-3905.110853475281 0.136 0.5185 0.34550000000000003
-3876.7809253714804 0.136 0.541 0.32299999999999995
-3846.5120535295146 0.136 0.5635 0.3005
-3812.4265894060327 0.136 0.586 0.278
-3776.5130490661545 0.136 0.6084999999999999 0.25550000000000006
-3736.5516445269027 0.136 0.631 0.23299999999999998
-3694.7586728372976 0.136 0.6535 0.21050000000000002
-3648.5614946225874 0.136 0.6759999999999999 0.18800000000000006
-3598.379112134594 0.136 0.6985 0.16549999999999998
-3545.9105696840247 0.136 0.721 0.14300000000000002
-3486.1158769915814 0.136 0.7434999999999999 0.12050000000000005
-3424.566329936897 0.136 0.766 0.09799999999999998
-3362.003630393919 0.136 0.7885 0.07550000000000001
-3298.648105062024 0.136 0.8109999999999999 0.05300000000000005
-3233.726134022292 0.136 0.8335 0.03049999999999997
-3148.159109994558 0.136 0.863 0.0010000000000000009
-3900.5969001059048 0.1585 0.001 0.8405
-3926.073013891912 0.1585 0.0235 0.8180000000000001
-3949.942358215953 0.1585 0.046 0.7955
-3975.1337817713443 0.1585 0.0685 0.773
-3999.3359019268364 0.1585 0.091 0.7505000000000001
-4023.2537944878263 0.1585 0.11349999999999999 0.728
-4045.332159388044 0.1585 0.136 0.7055
-4066.6886400192316 0.1585 0.1585 0.683
-4087.9585907881165 0.1585 0.181 0.6605000000000001
-4106.7909726229245 0.1585 0.2035 0.638
-4121.012677773111 0.1585 0.22599999999999998 0.6155
-4125.714357474477 0.1585 0.2485 0.593
-4128.257623869253 0.1585 0.271 0.5705
-4128.804740929545 0.1585 0.2935 0.548
-4123.484073243531 0.1585 0.316 0.5255000000000001
-4120.214619037621 0.1585 0.33849999999999997 0.5030000000000001
-4112.01782818859 0.1585 0.361 0.48050000000000004
-4102.9182219374925 0.1585 0.3835 0.458
-4090.3489863318237 0.1585 0.40599999999999997 0.43550000000000005
-4072.4340358176187 0.1585 0.4285 0.41300000000000003
-4052.7150680629325 0.1585 0.45099999999999996 0.39050000000000007
-4030.618916123981 0.1585 0.4735 0.36800000000000005
-4006.0366828947213 0.1585 0.496 0.34550000000000003
-3982.7053486579953 0.1585 0.5185 0.32300000000000006
-3953.1599924088196 0.1585 0.541 0.3005
-3922.8446692526236 0.1585 0.5635 0.278
-3886.84095711417 0.1585 0.586 0.25550000000000006
-3848.2138047536705 0.1585 0.6084999999999999 0.2330000000000001
-3808.313909299076 0.1585 0.631 0.21050000000000002
-3765.3616157799656 0.1585 0.6535 0.18800000000000006
-3716.3701066037856 0.1585 0.6759999999999999 0.1655000000000001
-3667.478010141809 0.1585 0.6985 0.14300000000000002
-3614.8594807915456 0.1585 0.721 0.12050000000000005
-3554.5008448451363 0.1585 0.7434999999999999 0.09800000000000009
-3492.858923997993 0.1585 0.766 0.07550000000000001
-3430.378642567564 0.1585 0.7885 0.05300000000000005
-3365.62941779076 0.1585 0.8109999999999999 0.030500000000000083
-3279.2935542789664 0.1585 0.841 0.000500000000000056
-3998.6990105933237 0.181 0.001 0.818
-4023.76823967752 0.181 0.0235 0.7955
-4048.731929867226 0.181 0.046 0.7729999999999999
-4072.7564950891583 0.181 0.0685 0.7505
-4096.468126615749 0.181 0.091 0.728
-4119.569764377038 0.181 0.11349999999999999 0.7055
-4141.6175435703035 0.181 0.136 0.6829999999999999
-4163.181935841731 0.181 0.1585 0.6605
-4181.870613342817 0.181 0.181 0.6379999999999999
-4197.426391052398 0.181 0.2035 0.6154999999999999
-4209.021331682417 0.181 0.22599999999999998 0.593
-4214.197524301986 0.181 0.2485 0.5705
-4217.441779790939 0.181 0.271 0.5479999999999999
-4212.698707291364 0.181 0.2935 0.5255
-4208.696538429245 0.181 0.316 0.5029999999999999
-4203.783807696574 0.181 0.33849999999999997 0.4805
-4196.84268418834 0.181 0.361 0.45799999999999996
-4186.770834231283 0.181 0.3835 0.43549999999999994
-4174.9171668299705 0.181 0.40599999999999997 0.413
-4153.636188097049 0.181 0.4285 0.39049999999999996
-4131.983510627835 0.181 0.45099999999999996 0.368
-4109.734481210776 0.181 0.4735 0.3455
-4085.1344548993025 0.181 0.496 0.32299999999999995
-4060.040005609809 0.181 0.5185 0.3005
-4030.5478740127674 0.181 0.541 0.2779999999999999
-3996.8868333298724 0.181 0.5635 0.25549999999999995
-3961.621355209202 0.181 0.586 0.23299999999999998
-3921.6378447802267 0.181 0.6084999999999999 0.21050000000000002
-3879.767915417708 0.181 0.631 0.18799999999999994
-3835.6882018671045 0.181 0.6535 0.16549999999999998
-3786.0183288572425 0.181 0.6759999999999999 0.14300000000000002
-3735.583039706353 0.181 0.6985 0.12049999999999994
-3684.457498775478 0.181 0.721 0.09799999999999998
-3623.1721130066326 0.181 0.7434999999999999 0.07550000000000001
-3561.3226358339925 0.181 0.766 0.052999999999999936
-3497.530531588718 0.181 0.7885 0.03049999999999997
-3413.1290909589707 0.181 0.8180000000000001 0.0009999999999998899
