-3507.8998015023976 0.0685 0.001 0.9305
-3533.674046353857 0.0685 0.0235 0.908
-3559.234270254562 0.0685 0.046 0.8855
-3584.8813918528726 0.0685 0.0685 0.863
-3609.0346806006532 0.0685 0.091 0.8405
-3633.3652877982163 0.0685 0.11349999999999999 0.8180000000000001
-3657.392987133232 0.0685 0.136 0.7955
-3680.868630870593 0.0685 0.1585 0.773
-3705.3150148735676 0.0685 0.181 0.7505
-3728.614877563965 0.0685 0.2035 0.728
-3750.382414792029 0.0685 0.22599999999999998 0.7055
-3768.711268922074 0.0685 0.2485 0.683
-3777.603243811683 0.0685 0.271 0.6605
-3780.2362407312044 0.0685 0.2935 0.638
-3777.5040125194287 0.0685 0.316 0.6154999999999999
-3778.888865745006 0.0685 0.33849999999999997 0.593
-3776.258483900631 0.0685 0.361 0.5705
-3769.47792999459 0.0685 0.3835 0.548
-3760.4205998973002 0.0685 0.40599999999999997 0.5255000000000001
-3743.1199879402 0.0685 0.4285 0.503
-3725.0615406261686 0.0685 0.45099999999999996 0.48050000000000004
-3705.2599817533796 0.0685 0.4735 0.458
-3685.186217667217 0.0685 0.496 0.4355
-3665.408590240485 0.0685 0.5185 0.41300000000000003
-3642.982626994637 0.0685 0.541 0.39049999999999996
-3619.7389543938193 0.0685 0.5635 0.368
-3589.6029140416904 0.0685 0.586 0.34550000000000003
-3552.459201683207 0.0685 0.6084999999999999 0.32300000000000006
-3515.436064878842 0.0685 0.631 0.3005
-3478.7010905321245 0.0685 0.6535 0.278
-3439.237090925909 0.0685 0.6759999999999999 0.25550000000000006
-3393.091537640864 0.0685 0.6985 0.23299999999999998
-3340.7829216655714 0.0685 0.721 0.21050000000000002
-3282.0815647188792 0.0685 0.7434999999999999 0.18800000000000006
-3219.996566773288 0.0685 0.766 0.16549999999999998
-3157.7332050759032 0.0685 0.7885 0.14300000000000002
-3094.472699715527 0.0685 0.8109999999999999 0.12050000000000005
-3031.055708309038 0.0685 0.8335 0.09799999999999998
-2967.1157838486397 0.0685 0.856 0.07550000000000001
-2902.1455476829315 0.0685 0.8785 0.05300000000000005
-2837.363596994955 0.0685 0.9009999999999999 0.030500000000000083
-2749.970517962822 0.0685 0.931 0.0004999999999999449
-3605.86478800453 0.091 0.001 0.908
-3632.0499388707917 0.091 0.0235 0.8855000000000001
-3657.4302723590863 0.091 0.046 0.863
-3681.902158732818 0.091 0.0685 0.8405
-3706.949435683432 0.091 0.091 0.8180000000000001
-3730.6664322214165 0.091 0.11349999999999999 0.7955000000000001
-3754.581533059211 0.091 0.136 0.773
-3778.9449187576906 0.091 0.1585 0.7505000000000001
-3802.5143711987885 0.091 0.181 0.728
-3824.2796666962736 0.091 0.2035 0.7055
-3845.5383471425193 0.091 0.22599999999999998 0.683
-3859.51208847441 0.091 0.2485 0.6605000000000001
-3865.4025927383436 0.091 0.271 0.638
-3866.418942838838 0.091 0.2935 0.6155
-3866.5023853561315 0.091 0.316 0.593
-3864.361161492045 0.091 0.33849999999999997 0.5705
-3859.7852605204457 0.091 0.361 0.548
-3853.559756321636 0.091 0.3835 0.5255000000000001
-3842.9605531723605 0.091 0.40599999999999997 0.5030000000000001
-3824.226967141202 0.091 0.4285 0.48050000000000004
-3805.434193885478 0.091 0.45099999999999996 0.4580000000000001
-3787.5068503040557 0.091 0.4735 0.43550000000000005
-3767.3428826184 0.091 0.496 0.41300000000000003
-3745.391421226173 0.091 0.5185 0.39050000000000007
-3722.442786055426 0.091 0.541 0.368
-3696.409888441361 0.091 0.5635 0.34550000000000003
-3662.106033704899 0.091 0.586 0.32300000000000006
-3626.7671712269685 0.091 0.6084999999999999 0.3005000000000001
-3590.7788615962904 0.091 0.631 0.278
-3552.422501318659 0.091 0.6535 0.25550000000000006
-3510.264129602851 0.091 0.6759999999999999 0.2330000000000001
-3459.1036341500962 0.091 0.6985 0.21050000000000002
-3409.9578911558433 0.091 0.721 0.18800000000000006
-3349.414659873229 0.091 0.7434999999999999 0.1655000000000001
-3288.0581748209092 0.091 0.766 0.14300000000000002
-3225.225549514959 0.091 0.7885 0.12050000000000005
-3161.997779614643 0.091 0.8109999999999999 0.09800000000000009
-3098.5209567162674 0.091 0.8335 0.07550000000000001
-3034.601739134434 0.091 0.856 0.05300000000000005
-2969.4674828590464 0.091 0.8785 0.030500000000000083
-2883.611492112091 0.091 0.908 0.0010000000000000009
-3704.851759494749 0.11349999999999999 0.001 0.8855000000000001
-3730.418709552197 0.11349999999999999 0.0235 0.8630000000000001
-3755.59473776468 0.11349999999999999 0.046 0.8405
-3780.2767853837477 0.11349999999999999 0.0685 0.8180000000000001
-3803.9097230042444 0.11349999999999999 0.091 0.7955000000000001
-3828.2914054247067 0.11349999999999999 0.11349999999999999 0.7730000000000001
-3852.0026191225456 0.11349999999999999 0.136 0.7505000000000001
-3875.7843790454817 0.11349999999999999 0.1585 0.7280000000000001
-3898.481133769879 0.11349999999999999 0.181 0.7055
-3919.366437481835 0.11349999999999999 0.2035 0.683
-3937.6697998333434 0.11349999999999999 0.22599999999999998 0.6605000000000001
-3950.459283125552 0.11349999999999999 0.2485 0.6380000000000001
-3953.825709723536 0.11349999999999999 0.271 0.6155
-3952.64297121466 0.11349999999999999 0.2935 0.5930000000000001
-3951.7084109849297 0.11349999999999999 0.316 0.5705
-3949.1740786161495 0.11349999999999999 0.33849999999999997 0.548
-3945.9071820977933 0.11349999999999999 0.361 0.5255000000000001
-3937.1011700244308 0.11349999999999999 0.3835 0.5030000000000001
-3923.468407144067 0.11349999999999999 0.40599999999999997 0.4805000000000001
-3907.560800423696 0.11349999999999999 0.4285 0.4580000000000001
-3889.6922143807747 0.11349999999999999 0.45099999999999996 0.4355000000000001
-3868.889007869055 0.11349999999999999 0.4735 0.4130000000000001
-3847.5016599693236 0.11349999999999999 0.496 0.39050000000000007
-3825.0083116865067 0.11349999999999999 0.5185 0.3680000000000001
-3802.084564093388 0.11349999999999999 0.541 0.34550000000000003
-3771.7251534948027 0.11349999999999999 0.5635 0.32300000000000006
-3737.9711511410937 0.11349999999999999 0.586 0.3005000000000001
-3702.2406624073005 0.11349999999999999 0.6084999999999999 0.27800000000000014
-3664.694152763271 0.11349999999999999 0.631 0.25550000000000006
-3622.249258571807 0.11349999999999999 0.6535 0.2330000000000001
-3579.9812165070794 0.11349999999999999 0.6759999999999999 0.21050000000000013
-3529.954145877427 0.11349999999999999 0.6985 0.18800000000000006
-3477.580052869658 0.11349999999999999 0.721 0.1655000000000001
-3417.4395450216666 0.11349999999999999 0.7434999999999999 0.14300000000000013
-3355.714716752646 0.11349999999999999 0.766 0.12050000000000005
-3293.3493387292265 0.11349999999999999 0.7885 0.09800000000000009
-3230.324637375655 0.11349999999999999 0.8109999999999999 0.07550000000000012
-3166.0927338516235 0.11349999999999999 0.8335 0.05300000000000005
-3101.550793251753 0.11349999999999999 0.856 0.030500000000000083
-3014.4759700999566 0.11349999999999999 0.886 0.000500000000000056
