-4680.094893768709 0.33849999999999997 0.001 0.6605
-4703.30130966506 0.33849999999999997 0.0235 0.638
-4724.624983452989 0.33849999999999997 0.046 0.6154999999999999
-4746.069242582611 0.33849999999999997 0.0685 0.593
-4766.296121156584 0.33849999999999997 0.091 0.5705
-4784.128871047883 0.33849999999999997 0.11349999999999999 0.548
-4799.924523956101 0.33849999999999997 0.136 0.5255
-4814.9959395363585 0.33849999999999997 0.1585 0.503
-4825.353012102829 0.33849999999999997 0.181 0.4805
-4830.232972299828 0.33849999999999997 0.2035 0.45799999999999996
-4829.1052212778395 0.33849999999999997 0.22599999999999998 0.4355
-4823.263977365529 0.33849999999999997 0.2485 0.413
-4817.4915368796255 0.33849999999999997 0.271 0.39049999999999996
-4808.907743239825 0.33849999999999997 0.2935 0.368
-4799.191156939797 0.33849999999999997 0.316 0.3455
-4786.227929233526 0.33849999999999997 0.33849999999999997 0.323
-4772.85645521068 0.33849999999999997 0.361 0.3005
-4754.658018383893 0.33849999999999997 0.3835 0.27799999999999997
-4733.93589265357 0.33849999999999997 0.40599999999999997 0.2555
-4709.359303924222 0.33849999999999997 0.4285 0.23299999999999998
-4683.974361388074 0.33849999999999997 0.45099999999999996 0.21050000000000002
-4655.440170223669 0.33849999999999997 0.4735 0.188
-4624.7580404140235 0.33849999999999997 0.496 0.16549999999999998
-4588.622765369853 0.33849999999999997 0.5185 0.14300000000000002
-4551.104346266821 0.33849999999999997 0.541 0.12049999999999994
-4509.68858906912 0.33849999999999997 0.5635 0.09799999999999998
-4468.5959348127435 0.33849999999999997 0.586 0.07550000000000001
-4422.820425213268 0.33849999999999997 0.6084999999999999 0.05300000000000005
-4374.432255213354 0.33849999999999997 0.631 0.03049999999999997
-4306.673538833881 0.33849999999999997 0.661 0.0004999999999999449
-4776.53450171317 0.361 0.001 0.638
-4799.47704940008 0.361 0.0235 0.6155
-4819.905555726087 0.361 0.046 0.593
-4841.241233203206 0.361 0.0685 0.5705
-4861.118529125331 0.361 0.091 0.548
-4877.923563362269 0.361 0.11349999999999999 0.5255000000000001
-4893.674616605088 0.361 0.136 0.503
-4906.520105463191 0.361 0.1585 0.48050000000000004
-4915.57109357378 0.361 0.181 0.458
-4917.617538772985 0.361 0.2035 0.4355
-4915.296945059566 0.361 0.22599999999999998 0.41300000000000003
-4910.036527572752 0.361 0.2485 0.3905
-4902.042070647136 0.361 0.271 0.368
-4894.469515421071 0.361 0.2935 0.34550000000000003
-4883.41944801851 0.361 0.316 0.323
-4869.710663575507 0.361 0.33849999999999997 0.30050000000000004
-4854.995513458827 0.361 0.361 0.278
-4835.704671310185 0.361 0.3835 0.2555
-4813.926125041864 0.361 0.40599999999999997 0.23300000000000004
-4787.801088665825 0.361 0.4285 0.21050000000000002
-4762.1464788491585 0.361 0.45099999999999996 0.18800000000000006
-4732.489829091574 0.361 0.4735 0.16550000000000004
-4699.147641736612 0.361 0.496 0.14300000000000002
-4661.751390782303 0.361 0.5185 0.12050000000000005
-4624.276779469575 0.361 0.541 0.09799999999999998
-4582.191570081042 0.361 0.5635 0.07550000000000001
-4540.175942340704 0.361 0.586 0.05300000000000005
-4493.242482044785 0.361 0.6084999999999999 0.030500000000000083
-4430.9860860821955 0.361 0.638 0.0010000000000000009
-4872.076444770503 0.3835 0.001 0.6155
-4894.8749463641025 0.3835 0.0235 0.5930000000000001
-4914.516912414012 0.3835 0.046 0.5705
-4936.284952771874 0.3835 0.0685 0.548
-4953.572814759507 0.3835 0.091 0.5255000000000001
-4971.542525204849 0.3835 0.11349999999999999 0.5030000000000001
-4987.181864090266 0.3835 0.136 0.48050000000000004
-4997.743910208385 0.3835 0.1585 0.4580000000000001
-5004.997056550468 0.3835 0.181 0.43550000000000005
-5006.883278613416 0.3835 0.2035 0.41300000000000003
-5002.118241885095 0.3835 0.22599999999999998 0.39050000000000007
-4994.785144865746 0.3835 0.2485 0.36800000000000005
-4986.880559703224 0.3835 0.271 0.34550000000000003
-4976.8209880479835 0.3835 0.2935 0.32300000000000006
-4966.865540604807 0.3835 0.316 0.30050000000000004
-4952.587919638081 0.3835 0.33849999999999997 0.2780000000000001
-4934.880829424697 0.3835 0.361 0.25550000000000006
-4915.713218553492 0.3835 0.3835 0.23300000000000004
-4891.88115144969 0.3835 0.40599999999999997 0.21050000000000008
-4865.710373952519 0.3835 0.4285 0.18800000000000006
-4837.983795218182 0.3835 0.45099999999999996 0.1655000000000001
-4806.66955297622 0.3835 0.4735 0.14300000000000007
-4773.656269915883 0.3835 0.496 0.12050000000000005
-4737.44191900891 0.3835 0.5185 0.09800000000000009
-4697.083214249379 0.3835 0.541 0.07550000000000001
-4655.421693776168 0.3835 0.5635 0.05300000000000005
-4612.311856672533 0.3835 0.586 0.030500000000000083
-4550.2757842489045 0.3835 0.616 0.000500000000000056
