-5489.221585681087 0.5468 0.05 0.40320000000000006
-5474.397982829949 0.5468 0.0707 0.38250000000000006
-5457.296554849738 0.5468 0.0914 0.36180000000000007
-5443.763629301118 0.5468 0.11209999999999999 0.34110000000000007
-5423.710225371333 0.5468 0.13279999999999997 0.3204000000000001
-5411.571117480606 0.5468 0.15349999999999997 0.2997000000000001
-5395.763432584933 0.5468 0.17419999999999997 0.2790000000000001
-5378.203868819012 0.5468 0.19489999999999996 0.2583000000000001
-5361.98705584829 0.5468 0.21559999999999996 0.2376000000000001
-5343.18479166772 0.5468 0.23629999999999995 0.2169000000000001
-5326.692484892582 0.5468 0.25699999999999995 0.1962000000000001
-5307.51704958304 0.5468 0.27769999999999995 0.1755000000000001
-5286.217538324124 0.5468 0.29839999999999994 0.1548000000000001
-5269.957361602532 0.5468 0.31909999999999994 0.1341000000000001
-5248.498393483168 0.5468 0.33979999999999994 0.11340000000000011
-5227.670478959591 0.5468 0.36049999999999993 0.09270000000000012
-5204.27222041545 0.5468 0.38119999999999993 0.07200000000000012
-5177.809293991891 0.5468 0.4018999999999999 0.05130000000000012
-5155.587643081512 0.5468 0.4225999999999999 0.030600000000000127
-5578.4431044147495 0.5674999999999999 0.05 0.3825000000000001
-5560.685086648499 0.5674999999999999 0.0707 0.3618000000000001
-5544.602459047422 0.5674999999999999 0.0914 0.3411000000000001
-5532.333210178447 0.5674999999999999 0.11209999999999999 0.32040000000000013
-5512.313927666753 0.5674999999999999 0.13279999999999997 0.29970000000000013
-5497.2493765220415 0.5674999999999999 0.15349999999999997 0.27900000000000014
-5482.4914446599405 0.5674999999999999 0.17419999999999997 0.25830000000000014
-5466.543331676499 0.5674999999999999 0.19489999999999996 0.23760000000000014
-5448.024491684561 0.5674999999999999 0.21559999999999996 0.21690000000000015
-5430.012759178986 0.5674999999999999 0.23629999999999995 0.19620000000000015
-5410.0836836476465 0.5674999999999999 0.25699999999999995 0.17550000000000016
-5391.814438166471 0.5674999999999999 0.27769999999999995 0.15480000000000016
-5371.98584790716 0.5674999999999999 0.29839999999999994 0.13410000000000016
-5353.8779636784775 0.5674999999999999 0.31909999999999994 0.11340000000000017
-5331.382682146127 0.5674999999999999 0.33979999999999994 0.09270000000000017
-5308.339759156169 0.5674999999999999 0.36049999999999993 0.07200000000000017
-5284.169029215548 0.5674999999999999 0.38119999999999993 0.05130000000000018
-5259.464476887285 0.5674999999999999 0.4018999999999999 0.030600000000000183
-5662.197723299061 0.5882 0.05 0.36180000000000007
-5651.408654197927 0.5882 0.0707 0.34110000000000007
-5630.475402912488 0.5882 0.0914 0.3204000000000001
-5620.1472599175 0.5882 0.11209999999999999 0.2997000000000001
-5597.524248633907 0.5882 0.13279999999999997 0.2790000000000001
-5583.505357552562 0.5882 0.15349999999999997 0.2583000000000001
-5568.747412455713 0.5882 0.17419999999999997 0.2376000000000001
-5551.026487328925 0.5882 0.19489999999999996 0.2169000000000001
-5535.567135043756 0.5882 0.21559999999999996 0.1962000000000001
-5513.498306816401 0.5882 0.23629999999999995 0.1755000000000001
-5494.838503970366 0.5882 0.25699999999999995 0.1548000000000001
-5477.671338254088 0.5882 0.27769999999999995 0.1341000000000001
-5456.8697354017495 0.5882 0.29839999999999994 0.11340000000000011
-5437.709436504155 0.5882 0.31909999999999994 0.09270000000000012
-5412.1879146037445 0.5882 0.33979999999999994 0.07200000000000012
-5388.439985311773 0.5882 0.36049999999999993 0.05130000000000012
-5366.198382321131 0.5882 0.38119999999999993 0.030600000000000127
