-4968.168576315057 0.4225999999999999 0.05 0.5274000000000001
-4951.870849144632 0.4225999999999999 0.0707 0.5067000000000002
-4938.525499970069 0.4225999999999999 0.0914 0.48600000000000015
-4921.829289501665 0.4225999999999999 0.11209999999999999 0.46530000000000016
-4908.182157526974 0.4225999999999999 0.13279999999999997 0.44460000000000016
-4893.34847577344 0.4225999999999999 0.15349999999999997 0.42390000000000017
-4880.203417974009 0.4225999999999999 0.17419999999999997 0.40320000000000017
-4863.306061992439 0.4225999999999999 0.19489999999999996 0.3825000000000002
-4843.525826309966 0.4225999999999999 0.21559999999999996 0.3618000000000002
-4827.3125958951005 0.4225999999999999 0.23629999999999995 0.3411000000000002
-4812.6365331350635 0.4225999999999999 0.25699999999999995 0.3204000000000002
-4796.396588747685 0.4225999999999999 0.27769999999999995 0.2997000000000002
-4778.597040703322 0.4225999999999999 0.29839999999999994 0.2790000000000002
-4759.602746355339 0.4225999999999999 0.31909999999999994 0.2583000000000002
-4740.31506904564 0.4225999999999999 0.33979999999999994 0.2376000000000002
-4721.382579260865 0.4225999999999999 0.36049999999999993 0.2169000000000002
-4703.931712770501 0.4225999999999999 0.38119999999999993 0.1962000000000002
-4681.698274693951 0.4225999999999999 0.4018999999999999 0.1755000000000002
-4664.0200776413985 0.4225999999999999 0.4225999999999999 0.15480000000000022
-4642.326816952024 0.4225999999999999 0.4432999999999999 0.13410000000000022
-4619.357967162473 0.4225999999999999 0.4639999999999999 0.11340000000000022
-4594.986466632291 0.4225999999999999 0.4846999999999999 0.09270000000000023
-4571.033516422323 0.4225999999999999 0.5054 0.07200000000000017
-4547.271874390497 0.4225999999999999 0.5260999999999999 0.051300000000000234
-4522.3337736845415 0.4225999999999999 0.5468 0.030600000000000183
-5056.426047200363 0.4432999999999999 0.05 0.5067
-5042.280540439824 0.4432999999999999 0.0707 0.4860000000000001
-5024.841629615179 0.4432999999999999 0.0914 0.4653000000000001
-5012.45456947925 0.4432999999999999 0.11209999999999999 0.4446000000000001
-4991.131884569545 0.4432999999999999 0.13279999999999997 0.4239000000000001
-4981.156836477389 0.4432999999999999 0.15349999999999997 0.4032000000000001
-4962.615861594132 0.4432999999999999 0.17419999999999997 0.3825000000000001
-4944.785221310498 0.4432999999999999 0.19489999999999996 0.3618000000000001
-4931.368986872615 0.4432999999999999 0.21559999999999996 0.3411000000000001
-4914.461301163689 0.4432999999999999 0.23629999999999995 0.32040000000000013
-4899.077287956247 0.4432999999999999 0.25699999999999995 0.29970000000000013
-4882.898182635145 0.4432999999999999 0.27769999999999995 0.27900000000000014
-4861.759941207734 0.4432999999999999 0.29839999999999994 0.25830000000000014
-4845.166077041941 0.4432999999999999 0.31909999999999994 0.23760000000000014
-4823.758362765793 0.4432999999999999 0.33979999999999994 0.21690000000000015
-4807.087392081416 0.4432999999999999 0.36049999999999993 0.19620000000000015
-4788.037458594239 0.4432999999999999 0.38119999999999993 0.17550000000000016
-4767.436615805193 0.4432999999999999 0.4018999999999999 0.15480000000000016
-4749.292515762556 0.4432999999999999 0.4225999999999999 0.13410000000000016
-4723.7200355240975 0.4432999999999999 0.4432999999999999 0.11340000000000017
-4702.018171821026 0.4432999999999999 0.4639999999999999 0.09270000000000017
-4677.909768866925 0.4432999999999999 0.4846999999999999 0.07200000000000017
-4654.063006606233 0.4432999999999999 0.5054 0.05130000000000012
-4628.9960644831435 0.4432999999999999 0.5260999999999999 0.030600000000000183
-5143.097717638947 0.4639999999999999 0.05 0.48600000000000004
-5128.511598886428 0.4639999999999999 0.0707 0.46530000000000005
-5113.395759536298 0.4639999999999999 0.0914 0.44460000000000005
-5098.540654278744 0.4639999999999999 0.11209999999999999 0.42390000000000005
-5082.317026210588 0.4639999999999999 0.13279999999999997 0.40320000000000006
-5063.259515473442 0.4639999999999999 0.15349999999999997 0.38250000000000006
-5048.072645256741 0.4639999999999999 0.17419999999999997 0.36180000000000007
-5033.324278350359 0.4639999999999999 0.19489999999999996 0.34110000000000007
-5017.063216807998 0.4639999999999999 0.21559999999999996 0.3204000000000001
-5002.270981697983 0.4639999999999999 0.23629999999999995 0.2997000000000001
-4985.302322125134 0.4639999999999999 0.25699999999999995 0.2790000000000001
-4967.623510780661 0.4639999999999999 0.27769999999999995 0.2583000000000001
-4948.655567423938 0.4639999999999999 0.29839999999999994 0.2376000000000001
-4929.676743951658 0.4639999999999999 0.31909999999999994 0.2169000000000001
-4910.113354716922 0.4639999999999999 0.33979999999999994 0.1962000000000001
-4890.751824047758 0.4639999999999999 0.36049999999999993 0.1755000000000001
-4871.880076229205 0.4639999999999999 0.38119999999999993 0.1548000000000001
-4850.623130578891 0.4639999999999999 0.4018999999999999 0.1341000000000001
-4830.172479773144 0.4639999999999999 0.4225999999999999 0.11340000000000011
-4805.815165030307 0.4639999999999999 0.4432999999999999 0.09270000000000012
-4781.977600918537 0.4639999999999999 0.4639999999999999 0.07200000000000012
-4758.107633777232 0.4639999999999999 0.4846999999999999 0.05130000000000012
-4733.275093820603 0.4639999999999999 0.5054 0.03060000000000007
