-3655.8183503791456 0.11209999999999999 0.05 0.8379
-3643.944921451298 0.11209999999999999 0.0707 0.8172
-3632.034500854533 0.11209999999999999 0.0914 0.7965
-3620.2504763477277 0.11209999999999999 0.11209999999999999 0.7758
-3608.9878793972684 0.11209999999999999 0.13279999999999997 0.7551000000000001
-3591.713467201723 0.11209999999999999 0.15349999999999997 0.7344
-3577.618057381937 0.11209999999999999 0.17419999999999997 0.7137
-3560.3060977254313 0.11209999999999999 0.19489999999999996 0.6930000000000001
-3544.933550430373 0.11209999999999999 0.21559999999999996 0.6723000000000001
-3529.970763847149 0.11209999999999999 0.23629999999999995 0.6516000000000001
-3513.049212088078 0.11209999999999999 0.25699999999999995 0.6309
-3498.938903718969 0.11209999999999999 0.27769999999999995 0.6102000000000001
-3483.43625325981 0.11209999999999999 0.29839999999999994 0.5895000000000001
-3467.8521381761007 0.11209999999999999 0.31909999999999994 0.5688000000000001
-3450.7552989930246 0.11209999999999999 0.33979999999999994 0.5481
-3436.3670879056235 0.11209999999999999 0.36049999999999993 0.5274000000000001
-3417.4003505793526 0.11209999999999999 0.38119999999999993 0.5067000000000002
-3401.428215673686 0.11209999999999999 0.4018999999999999 0.4860000000000001
-3390.7008710569744 0.11209999999999999 0.4225999999999999 0.4653000000000001
-3371.55323905374 0.11209999999999999 0.4432999999999999 0.4446000000000001
-3354.82763346794 0.11209999999999999 0.4639999999999999 0.4239000000000001
-3335.47077798059 0.11209999999999999 0.4846999999999999 0.4032000000000001
-3316.6941546393023 0.11209999999999999 0.5054 0.38250000000000006
-3297.6433990989026 0.11209999999999999 0.5260999999999999 0.3618000000000001
-3278.307501459539 0.11209999999999999 0.5468 0.34110000000000007
-3257.770799531713 0.11209999999999999 0.5674999999999999 0.32040000000000013
-3238.958841175815 0.11209999999999999 0.5882 0.2997000000000001
-3219.5894046932226 0.11209999999999999 0.6089 0.279
-3202.3748625964913 0.11209999999999999 0.6295999999999999 0.2583000000000001
-3180.217148427564 0.11209999999999999 0.6502999999999999 0.23760000000000014
-3160.528839866546 0.11209999999999999 0.6709999999999999 0.2169000000000001
-3137.926208103048 0.11209999999999999 0.6917 0.19620000000000004
-3114.2397205148354 0.11209999999999999 0.7123999999999999 0.1755000000000001
-3089.2416954226474 0.11209999999999999 0.7330999999999999 0.15480000000000016
-3065.788869092538 0.11209999999999999 0.7537999999999999 0.1341000000000001
-3041.9378948737262 0.11209999999999999 0.7745 0.11340000000000006
-3017.2454368443337 0.11209999999999999 0.7951999999999999 0.09270000000000012
-2993.3396433382663 0.11209999999999999 0.8158999999999998 0.07200000000000017
-2969.2262349124935 0.11209999999999999 0.8365999999999999 0.05130000000000012
-2943.52107998127 0.11209999999999999 0.8573 0.03060000000000007
-3745.7706608817543 0.13279999999999997 0.05 0.8171999999999999
-3733.9799250754113 0.13279999999999997 0.0707 0.7965
-3722.0139613171764 0.13279999999999997 0.0914 0.7757999999999999
-3711.3891683101538 0.13279999999999997 0.11209999999999999 0.7551
-3695.586308082911 0.13279999999999997 0.13279999999999997 0.7343999999999999
-3678.9063971625123 0.13279999999999997 0.15349999999999997 0.7137
-3664.3292473396577 0.13279999999999997 0.17419999999999997 0.6930000000000001
-3648.0836393506183 0.13279999999999997 0.19489999999999996 0.6723
-3631.2255132315986 0.13279999999999997 0.21559999999999996 0.6516
-3616.7459211356336 0.13279999999999997 0.23629999999999995 0.6309
-3601.407471681829 0.13279999999999997 0.25699999999999995 0.6102000000000001
-3586.2058353192733 0.13279999999999997 0.27769999999999995 0.5895
-3568.836883230326 0.13279999999999997 0.29839999999999994 0.5688
-3554.847485974111 0.13279999999999997 0.31909999999999994 0.5481
-3538.888731453507 0.13279999999999997 0.33979999999999994 0.5274000000000001
-3521.654791238205 0.13279999999999997 0.36049999999999993 0.5067
-3509.102320554261 0.13279999999999997 0.38119999999999993 0.48600000000000004
-3489.809752224603 0.13279999999999997 0.4018999999999999 0.46530000000000005
-3475.993280968395 0.13279999999999997 0.4225999999999999 0.44460000000000005
-3458.0539931208477 0.13279999999999997 0.4432999999999999 0.42390000000000005
-3439.993698468601 0.13279999999999997 0.4639999999999999 0.40320000000000006
-3421.1892770253658 0.13279999999999997 0.4846999999999999 0.38250000000000006
-3401.9507926030547 0.13279999999999997 0.5054 0.3618
-3381.4191981759404 0.13279999999999997 0.5260999999999999 0.34110000000000007
-3361.2906142390625 0.13279999999999997 0.5468 0.3204
-3344.1956780026326 0.13279999999999997 0.5674999999999999 0.2997000000000001
-3325.0064853424137 0.13279999999999997 0.5882 0.279
-3306.9181689194797 0.13279999999999997 0.6089 0.2583
-3286.3766503116417 0.13279999999999997 0.6295999999999999 0.23760000000000003
-3267.343612616194 0.13279999999999997 0.6502999999999999 0.2169000000000001
-3242.492793750913 0.13279999999999997 0.6709999999999999 0.19620000000000004
-3220.8084836503126 0.13279999999999997 0.6917 0.1755
-3197.0694511533493 0.13279999999999997 0.7123999999999999 0.15480000000000005
-3172.3172031417917 0.13279999999999997 0.7330999999999999 0.1341000000000001
-3147.2417270886926 0.13279999999999997 0.7537999999999999 0.11340000000000006
-3123.786285961606 0.13279999999999997 0.7745 0.0927
-3099.647041064237 0.13279999999999997 0.7951999999999999 0.07200000000000006
-3075.823836786422 0.13279999999999997 0.8158999999999998 0.05130000000000012
-3050.9680958180957 0.13279999999999997 0.8365999999999999 0.03060000000000007
-3833.60576454727 0.15349999999999997 0.05 0.7965
-3821.8032384766534 0.15349999999999997 0.0707 0.7758
-3807.178226058513 0.15349999999999997 0.0914 0.7551
-3795.511001020058 0.15349999999999997 0.11209999999999999 0.7344
-3779.3662035353696 0.15349999999999997 0.13279999999999997 0.7137
-3763.0172064667477 0.15349999999999997 0.15349999999999997 0.6930000000000001
-3749.105215469799 0.15349999999999997 0.17419999999999997 0.6723000000000001
-3733.0013398455403 0.15349999999999997 0.19489999999999996 0.6516000000000001
-3717.9287299403786 0.15349999999999997 0.21559999999999996 0.6309
-3700.2533019427074 0.15349999999999997 0.23629999999999995 0.6102000000000001
-3686.4637127099927 0.15349999999999997 0.25699999999999995 0.5895000000000001
-3671.1174383262014 0.15349999999999997 0.27769999999999995 0.5688000000000001
-3653.846021845597 0.15349999999999997 0.29839999999999994 0.5481
-3638.410049352902 0.15349999999999997 0.31909999999999994 0.5274000000000001
-3622.0722561769007 0.15349999999999997 0.33979999999999994 0.5067000000000002
-3610.1891025763907 0.15349999999999997 0.36049999999999993 0.4860000000000001
-3596.4355898305253 0.15349999999999997 0.38119999999999993 0.4653000000000001
-3580.1357584229036 0.15349999999999997 0.4018999999999999 0.4446000000000001
-3558.75452382679 0.15349999999999997 0.4225999999999999 0.4239000000000001
-3541.339377798697 0.15349999999999997 0.4432999999999999 0.4032000000000001
-3523.919226197307 0.15349999999999997 0.4639999999999999 0.3825000000000001
-3504.7488763361007 0.15349999999999997 0.4846999999999999 0.3618000000000001
-3485.1846054477774 0.15349999999999997 0.5054 0.34110000000000007
-3464.774616637446 0.15349999999999997 0.5260999999999999 0.32040000000000013
-3446.4630643599094 0.15349999999999997 0.5468 0.2997000000000001
-3427.5467815410416 0.15349999999999997 0.5674999999999999 0.27900000000000014
-3409.9380364590884 0.15349999999999997 0.5882 0.2583000000000001
-3387.178301633069 0.15349999999999997 0.6089 0.23760000000000003
-3370.9349088679255 0.15349999999999997 0.6295999999999999 0.2169000000000001
-3348.9479438299722 0.15349999999999997 0.6502999999999999 0.19620000000000015
-3324.065875126377 0.15349999999999997 0.6709999999999999 0.1755000000000001
-3301.4968956556586 0.15349999999999997 0.6917 0.15480000000000005
-3276.8705773873908 0.15349999999999997 0.7123999999999999 0.1341000000000001
-3252.959862780893 0.15349999999999997 0.7330999999999999 0.11340000000000017
-3228.3495030585273 0.15349999999999997 0.7537999999999999 0.09270000000000012
-3204.519852769563 0.15349999999999997 0.7745 0.07200000000000006
-3180.3735093498312 0.15349999999999997 0.7951999999999999 0.05130000000000012
-3155.8319122148177 0.15349999999999997 0.8158999999999998 0.030600000000000183
