-4184.0842169591315 0.23629999999999995 0.05 0.7137
-4168.000710265232 0.23629999999999995 0.0707 0.6930000000000001
-4152.715737192358 0.23629999999999995 0.0914 0.6723
-4137.239948674006 0.23629999999999995 0.11209999999999999 0.6516000000000001
-4123.8585162160025 0.23629999999999995 0.13279999999999997 0.6309
-4112.213171841599 0.23629999999999995 0.15349999999999997 0.6102000000000001
-4092.999338781209 0.23629999999999995 0.17419999999999997 0.5895000000000001
-4077.009741799187 0.23629999999999995 0.19489999999999996 0.5688000000000001
-4061.6283099786774 0.23629999999999995 0.21559999999999996 0.5481
-4045.9039600589276 0.23629999999999995 0.23629999999999995 0.5274000000000001
-4031.3938972721558 0.23629999999999995 0.25699999999999995 0.5067000000000002
-4021.5159468542706 0.23629999999999995 0.27769999999999995 0.4860000000000001
-4005.4005423682656 0.23629999999999995 0.29839999999999994 0.4653000000000001
-3990.2018018981935 0.23629999999999995 0.31909999999999994 0.4446000000000001
-3973.0663433144673 0.23629999999999995 0.33979999999999994 0.4239000000000001
-3956.932506093817 0.23629999999999995 0.36049999999999993 0.4032000000000001
-3938.5137675349592 0.23629999999999995 0.38119999999999993 0.3825000000000001
-3919.602258130686 0.23629999999999995 0.4018999999999999 0.3618000000000001
-3899.8634011681133 0.23629999999999995 0.4225999999999999 0.3411000000000001
-3880.913747061248 0.23629999999999995 0.4432999999999999 0.32040000000000013
-3863.1924017718206 0.23629999999999995 0.4639999999999999 0.29970000000000013
-3844.3533563179235 0.23629999999999995 0.4846999999999999 0.27900000000000014
-3825.0532391143565 0.23629999999999995 0.5054 0.2583000000000001
-3805.8554266646884 0.23629999999999995 0.5260999999999999 0.23760000000000014
-3786.5913058471933 0.23629999999999995 0.5468 0.2169000000000001
-3765.8669470802565 0.23629999999999995 0.5674999999999999 0.19620000000000015
-3746.0319480895723 0.23629999999999995 0.5882 0.1755000000000001
-3723.0702719830806 0.23629999999999995 0.6089 0.15480000000000005
-3698.0144265900994 0.23629999999999995 0.6295999999999999 0.1341000000000001
-3674.1963386757852 0.23629999999999995 0.6502999999999999 0.11340000000000017
-3649.8471352904526 0.23629999999999995 0.6709999999999999 0.09270000000000012
-3625.947979337965 0.23629999999999995 0.6917 0.07200000000000006
-3601.929657377827 0.23629999999999995 0.7123999999999999 0.05130000000000012
-3577.3419173053085 0.23629999999999995 0.7330999999999999 0.030600000000000183
-4267.328066023034 0.25699999999999995 0.05 0.6930000000000001
-4255.221338213015 0.25699999999999995 0.0707 0.6723000000000001
-4237.080961127446 0.25699999999999995 0.0914 0.6516000000000001
-4222.25958595827 0.25699999999999995 0.11209999999999999 0.6309000000000001
-4213.232836055192 0.25699999999999995 0.13279999999999997 0.6102000000000001
-4193.430313983228 0.25699999999999995 0.15349999999999997 0.5895000000000001
-4182.642012733865 0.25699999999999995 0.17419999999999997 0.5688000000000002
-4168.100489851649 0.25699999999999995 0.19489999999999996 0.5481000000000001
-4152.705563824056 0.25699999999999995 0.21559999999999996 0.5274000000000001
-4137.097674465398 0.25699999999999995 0.23629999999999995 0.5067000000000002
-4115.613560037813 0.25699999999999995 0.25699999999999995 0.48600000000000015
-4105.300720395127 0.25699999999999995 0.27769999999999995 0.46530000000000016
-4091.1680306317785 0.25699999999999995 0.29839999999999994 0.44460000000000016
-4076.409201105114 0.25699999999999995 0.31909999999999994 0.42390000000000017
-4059.4410815607675 0.25699999999999995 0.33979999999999994 0.40320000000000017
-4039.0354621762344 0.25699999999999995 0.36049999999999993 0.3825000000000002
-4022.0343573490986 0.25699999999999995 0.38119999999999993 0.3618000000000002
-4002.5099543326396 0.25699999999999995 0.4018999999999999 0.3411000000000002
-3983.361885213741 0.25699999999999995 0.4225999999999999 0.3204000000000002
-3966.1916510186916 0.25699999999999995 0.4432999999999999 0.2997000000000002
-3947.136703037039 0.25699999999999995 0.4639999999999999 0.2790000000000002
-3928.323910356884 0.25699999999999995 0.4846999999999999 0.2583000000000002
-3908.8455481633437 0.25699999999999995 0.5054 0.23760000000000014
-3889.706423417488 0.25699999999999995 0.5260999999999999 0.2169000000000002
-3870.9429254160013 0.25699999999999995 0.5468 0.19620000000000015
-3849.907182713845 0.25699999999999995 0.5674999999999999 0.1755000000000002
-3827.1394249688296 0.25699999999999995 0.5882 0.15480000000000016
-3802.7037313276455 0.25699999999999995 0.6089 0.1341000000000001
-3777.6949745050565 0.25699999999999995 0.6295999999999999 0.11340000000000017
-3754.32368587994 0.25699999999999995 0.6502999999999999 0.09270000000000023
-3730.1277897632817 0.25699999999999995 0.6709999999999999 0.07200000000000017
-3706.1937033836884 0.25699999999999995 0.6917 0.05130000000000012
-3681.650135144498 0.25699999999999995 0.7123999999999999 0.030600000000000183
-4355.004564794897 0.27769999999999995 0.05 0.6723
-4343.314347649391 0.27769999999999995 0.0707 0.6516000000000001
-4329.3165452817675 0.27769999999999995 0.0914 0.6309
-4309.650647522002 0.27769999999999995 0.11209999999999999 0.6102000000000001
-4293.543070328704 0.27769999999999995 0.13279999999999997 0.5895000000000001
-4277.930355246352 0.27769999999999995 0.15349999999999997 0.5688000000000001
-4269.297483770231 0.27769999999999995 0.17419999999999997 0.5481
-4254.669600879884 0.27769999999999995 0.19489999999999996 0.5274000000000001
-4237.990993552572 0.27769999999999995 0.21559999999999996 0.5067000000000002
-4223.690340901585 0.27769999999999995 0.23629999999999995 0.4860000000000001
-4208.393286049836 0.27769999999999995 0.25699999999999995 0.4653000000000001
-4193.206586484488 0.27769999999999995 0.27769999999999995 0.4446000000000001
-4178.191518934094 0.27769999999999995 0.29839999999999994 0.4239000000000001
-4161.591860434743 0.27769999999999995 0.31909999999999994 0.4032000000000001
-4142.9610590417615 0.27769999999999995 0.33979999999999994 0.3825000000000001
-4125.147887497425 0.27769999999999995 0.36049999999999993 0.3618000000000001
-4107.847557697628 0.27769999999999995 0.38119999999999993 0.3411000000000001
-4087.768992039697 0.27769999999999995 0.4018999999999999 0.32040000000000013
-4069.809872163604 0.27769999999999995 0.4225999999999999 0.29970000000000013
-4050.706499032758 0.27769999999999995 0.4432999999999999 0.27900000000000014
-4029.7295651485338 0.27769999999999995 0.4639999999999999 0.25830000000000014
-4012.157027074733 0.27769999999999995 0.4846999999999999 0.23760000000000014
-3992.467923710027 0.27769999999999995 0.5054 0.2169000000000001
-3973.5836239205532 0.27769999999999995 0.5260999999999999 0.19620000000000015
-3951.486448746947 0.27769999999999995 0.5468 0.1755000000000001
-3928.8860728572454 0.27769999999999995 0.5674999999999999 0.15480000000000016
-3906.692581402065 0.27769999999999995 0.5882 0.1341000000000001
-3882.3881086301144 0.27769999999999995 0.6089 0.11340000000000006
-3857.9999124009087 0.27769999999999995 0.6295999999999999 0.09270000000000012
-3834.03551404215 0.27769999999999995 0.6502999999999999 0.07200000000000017
-3810.109516002105 0.27769999999999995 0.6709999999999999 0.05130000000000012
-3785.3275671218394 0.27769999999999995 0.6917 0.03060000000000007
