-5229.502328637469 0.4846999999999999 0.05 0.4653000000000001
-5217.171570856836 0.4846999999999999 0.0707 0.4446000000000001
-5199.842162167683 0.4846999999999999 0.0914 0.4239000000000001
-5185.480325848455 0.4846999999999999 0.11209999999999999 0.4032000000000001
-5165.149374555839 0.4846999999999999 0.13279999999999997 0.3825000000000001
-5149.381863688686 0.4846999999999999 0.15349999999999997 0.3618000000000001
-5136.676861967893 0.4846999999999999 0.17419999999999997 0.3411000000000001
-5118.556758461561 0.4846999999999999 0.19489999999999996 0.32040000000000013
-5105.594015439541 0.4846999999999999 0.21559999999999996 0.29970000000000013
-5087.023817510432 0.4846999999999999 0.23629999999999995 0.27900000000000014
-5070.235691441241 0.4846999999999999 0.25699999999999995 0.25830000000000014
-5053.738002793006 0.4846999999999999 0.27769999999999995 0.23760000000000014
-5032.473220817702 0.4846999999999999 0.29839999999999994 0.21690000000000015
-5015.4733020887425 0.4846999999999999 0.31909999999999994 0.19620000000000015
-4993.644421006444 0.4846999999999999 0.33979999999999994 0.17550000000000016
-4975.402410930967 0.4846999999999999 0.36049999999999993 0.15480000000000016
-4958.562857417131 0.4846999999999999 0.38119999999999993 0.13410000000000016
-4933.767872376422 0.4846999999999999 0.4018999999999999 0.11340000000000017
-4912.699281550415 0.4846999999999999 0.4225999999999999 0.09270000000000017
-4886.13017854389 0.4846999999999999 0.4432999999999999 0.07200000000000017
-4862.211416026998 0.4846999999999999 0.4639999999999999 0.05130000000000018
-4840.399226351359 0.4846999999999999 0.4846999999999999 0.030600000000000183
-5317.715321179906 0.5054 0.05 0.44460000000000005
-5303.143758516205 0.5054 0.0707 0.42390000000000005
-5285.485284275393 0.5054 0.0914 0.40320000000000006
-5272.244408431109 0.5054 0.11209999999999999 0.38250000000000006
-5253.365575882166 0.5054 0.13279999999999997 0.36180000000000007
-5238.180934258981 0.5054 0.15349999999999997 0.34110000000000007
-5221.470417651536 0.5054 0.17419999999999997 0.3204000000000001
-5205.852312764157 0.5054 0.19489999999999996 0.2997000000000001
-5191.349459710524 0.5054 0.21559999999999996 0.2790000000000001
-5172.563716616505 0.5054 0.23629999999999995 0.2583000000000001
-5156.42720323642 0.5054 0.25699999999999995 0.2376000000000001
-5137.681843631646 0.5054 0.27769999999999995 0.2169000000000001
-5118.53502861209 0.5054 0.29839999999999994 0.1962000000000001
-5098.856386864749 0.5054 0.31909999999999994 0.1755000000000001
-5078.058104952279 0.5054 0.33979999999999994 0.1548000000000001
-5061.421817031835 0.5054 0.36049999999999993 0.1341000000000001
-5040.728607241697 0.5054 0.38119999999999993 0.11340000000000011
-5017.102952465321 0.5054 0.4018999999999999 0.09270000000000012
-4993.55839949752 0.5054 0.4225999999999999 0.07200000000000012
-4966.512333151721 0.5054 0.4432999999999999 0.05130000000000012
-4944.51293508145 0.5054 0.4639999999999999 0.030600000000000127
-5403.115017875413 0.5260999999999999 0.05 0.4239000000000001
-5391.625948468675 0.5260999999999999 0.0707 0.4032000000000001
-5371.301474285367 0.5260999999999999 0.0914 0.3825000000000001
-5355.1731158499515 0.5260999999999999 0.11209999999999999 0.3618000000000001
-5339.295569713047 0.5260999999999999 0.13279999999999997 0.3411000000000001
-5323.101086756695 0.5260999999999999 0.15349999999999997 0.32040000000000013
-5309.822092408034 0.5260999999999999 0.17419999999999997 0.29970000000000013
-5292.934917052084 0.5260999999999999 0.19489999999999996 0.27900000000000014
-5277.301854412225 0.5260999999999999 0.21559999999999996 0.25830000000000014
-5259.295151779547 0.5260999999999999 0.23629999999999995 0.23760000000000014
-5241.084138997469 0.5260999999999999 0.25699999999999995 0.21690000000000015
-5224.2094268175915 0.5260999999999999 0.27769999999999995 0.19620000000000015
-5202.781939435838 0.5260999999999999 0.29839999999999994 0.17550000000000016
-5184.075412273128 0.5260999999999999 0.31909999999999994 0.15480000000000016
-5163.808148669663 0.5260999999999999 0.33979999999999994 0.13410000000000016
-5144.1594073503775 0.5260999999999999 0.36049999999999993 0.11340000000000017
-5123.568372841728 0.5260999999999999 0.38119999999999993 0.09270000000000017
-5097.168618923591 0.5260999999999999 0.4018999999999999 0.07200000000000017
-5073.128187423543 0.5260999999999999 0.4225999999999999 0.05130000000000018
-5048.661371287887 0.5260999999999999 0.4432999999999999 0.030600000000000183
