-6268.691737545314 0.7330999999999999 0.05 0.21690000000000015
-6253.505920884592 0.7330999999999999 0.0707 0.19620000000000015
-6237.183507300038 0.7330999999999999 0.0914 0.17550000000000016
-6220.706865476938 0.7330999999999999 0.11209999999999999 0.15480000000000016
-6203.159326376688 0.7330999999999999 0.13279999999999997 0.13410000000000016
-6184.756409611363 0.7330999999999999 0.15349999999999997 0.11340000000000017
-6167.849011266163 0.7330999999999999 0.17419999999999997 0.09270000000000017
-6146.844888758686 0.7330999999999999 0.19489999999999996 0.07200000000000017
-6124.836608274917 0.7330999999999999 0.21559999999999996 0.05130000000000018
-6100.701201353755 0.7330999999999999 0.23629999999999995 0.030600000000000183
-6354.411878347832 0.7537999999999999 0.05 0.1962000000000001
-6339.965890804506 0.7537999999999999 0.0707 0.1755000000000001
-6320.617455651992 0.7537999999999999 0.0914 0.1548000000000001
-6307.858944551707 0.7537999999999999 0.11209999999999999 0.1341000000000001
-6287.234676714377 0.7537999999999999 0.13279999999999997 0.11340000000000011
-6270.8117833560855 0.7537999999999999 0.15349999999999997 0.09270000000000012
-6252.302801998139 0.7537999999999999 0.17419999999999997 0.07200000000000012
-6228.844593491359 0.7537999999999999 0.19489999999999996 0.05130000000000012
-6207.959349009324 0.7537999999999999 0.21559999999999996 0.030600000000000127
-6442.578012201336 0.7745 0.05 0.17550000000000004
-6424.725578132521 0.7745 0.0707 0.15480000000000005
-6409.073538859749 0.7745 0.0914 0.13410000000000005
-6392.061497941409 0.7745 0.11209999999999999 0.11340000000000004
-6374.098424801134 0.7745 0.13279999999999997 0.09270000000000006
-6354.7735324527075 0.7745 0.15349999999999997 0.07200000000000006
-6334.842589599384 0.7745 0.17419999999999997 0.05130000000000007
-6311.49849385993 0.7745 0.19489999999999996 0.03060000000000007
