-6527.490556815244 0.7951999999999999 0.05 0.1548000000000001
-6513.935655944492 0.7951999999999999 0.0707 0.1341000000000001
-6494.277192352065 0.7951999999999999 0.0914 0.1134000000000001
-6478.538176621614 0.7951999999999999 0.11209999999999999 0.0927000000000001
-6458.092955245543 0.7951999999999999 0.13279999999999997 0.07200000000000012
-6439.26275101928 0.7951999999999999 0.15349999999999997 0.05130000000000012
-6418.504940896449 0.7951999999999999 0.17419999999999997 0.030600000000000127
-6614.602623889154 0.8158999999999998 0.05 0.13410000000000016
-6598.158910501676 0.8158999999999998 0.0707 0.11340000000000015
-6581.667993099983 0.8158999999999998 0.0914 0.09270000000000016
-6563.789981950519 0.8158999999999998 0.11209999999999999 0.07200000000000016
-6542.21131484956 0.8158999999999998 0.13279999999999997 0.05130000000000018
-6522.010578755743 0.8158999999999998 0.15349999999999997 0.030600000000000183
-6700.382929244657 0.8365999999999999 0.05 0.1134000000000001
-6685.878429244123 0.8365999999999999 0.0707 0.0927000000000001
-6666.369528215738 0.8365999999999999 0.0914 0.0720000000000001
-6648.350138463045 0.8365999999999999 0.11209999999999999 0.05130000000000011
-6625.793533952445 0.8365999999999999 0.13279999999999997 0.030600000000000127
