-3263.6863238233022 0.05 0.05 0.8999999999999999
-3270.6172270058178 0.05 0.0707 0.8793
-3277.0759661228385 0.05 0.0914 0.8585999999999999
-3282.233524212118 0.05 0.11209999999999999 0.8379
-3372.4620436399186 0.05 0.13279999999999997 0.8171999999999999
-3333.6840162019744 0.05 0.15349999999999997 0.7965
-3291.8597410526304 0.05 0.17419999999999997 0.7758
-3383.3273901397215 0.05 0.19489999999999996 0.7551
-3430.1264702783296 0.05 0.21559999999999996 0.7343999999999999
-3474.8706814080715 0.05 0.23629999999999995 0.7137
-3477.1440787418614 0.05 0.25699999999999995 0.6930000000000001
-3457.638965178094 0.05 0.27769999999999995 0.6723
-3427.9612387289385 0.05 0.29839999999999994 0.6516
-3405.928649034532 0.05 0.31909999999999994 0.6309
-3376.26020790224 0.05 0.33979999999999994 0.6102000000000001
-3353.8109183897823 0.05 0.36049999999999993 0.5895
-3324.7893748318 0.05 0.38119999999999993 0.5688
-3302.9821540840203 0.05 0.4018999999999999 0.5481
-3277.571847589629 0.05 0.4225999999999999 0.5274000000000001
-3253.2471427978453 0.05 0.4432999999999999 0.5067
-3226.131243761954 0.05 0.4639999999999999 0.48600000000000004
-3199.9947821453056 0.05 0.4846999999999999 0.46530000000000005
-3173.189754144564 0.05 0.5054 0.4446
-3145.5021222977944 0.05 0.5260999999999999 0.42390000000000005
-3120.301727860249 0.05 0.5468 0.4032
-3096.124768354163 0.05 0.5674999999999999 0.38250000000000006
-3066.723659448022 0.05 0.5882 0.3618
-3040.1024260448903 0.05 0.6089 0.34109999999999996
-3011.058670230775 0.05 0.6295999999999999 0.3204
-2986.486845868488 0.05 0.6502999999999999 0.2997000000000001
-2959.235711909613 0.05 0.6709999999999999 0.279
-2930.7569624527446 0.05 0.6917 0.2583
-2904.0521723487523 0.05 0.7123999999999999 0.23760000000000003
-2877.3700349020646 0.05 0.7330999999999999 0.2169000000000001
-2850.0200866693167 0.05 0.7537999999999999 0.19620000000000004
-2822.8451535835634 0.05 0.7745 0.1755
-2792.602234761975 0.05 0.7951999999999999 0.15480000000000005
-2769.4893459703753 0.05 0.8158999999999998 0.1341000000000001
-2731.6798062141816 0.05 0.8365999999999999 0.11340000000000006
-2703.9951431674967 0.05 0.8573 0.0927
-2680.4450762452907 0.05 0.8779999999999999 0.07200000000000006
-2654.240106573858 0.05 0.8986999999999998 0.05130000000000012
-2624.4469997417955 0.05 0.9193999999999999 0.03060000000000007
-3320.4778258735328 0.0707 0.05 0.8793
-3283.9873317023767 0.0707 0.0707 0.8586
-3288.1109693118397 0.0707 0.0914 0.8379
-3291.89880242186 0.0707 0.11209999999999999 0.8172
-3383.2246587355166 0.0707 0.13279999999999997 0.7965
-3519.046053776309 0.0707 0.15349999999999997 0.7758
-3534.3635598401643 0.0707 0.17419999999999997 0.7551000000000001
-3538.596541042926 0.0707 0.19489999999999996 0.7344
-3526.2667181626152 0.0707 0.21559999999999996 0.7137
-3541.736142446547 0.0707 0.23629999999999995 0.6930000000000001
-3539.9975989886957 0.0707 0.25699999999999995 0.6723000000000001
-3516.7845765273237 0.0707 0.27769999999999995 0.6516000000000001
-3491.2575590209217 0.0707 0.29839999999999994 0.6309
-3461.270744649855 0.0707 0.31909999999999994 0.6102000000000001
-3440.5197882762254 0.0707 0.33979999999999994 0.5895000000000001
-3417.047599716386 0.0707 0.36049999999999993 0.5688000000000001
-3388.146734832838 0.0707 0.38119999999999993 0.5481
-3365.497726953876 0.0707 0.4018999999999999 0.5274000000000001
-3337.6665240085645 0.0707 0.4225999999999999 0.5067000000000002
-3315.67542932726 0.0707 0.4432999999999999 0.4860000000000001
-3289.049842952089 0.0707 0.4639999999999999 0.4653000000000001
-3261.6556712327424 0.0707 0.4846999999999999 0.4446000000000001
-3235.947442589997 0.0707 0.5054 0.42390000000000005
-3207.1428861626814 0.0707 0.5260999999999999 0.4032000000000001
-3182.3649830009613 0.0707 0.5468 0.38250000000000006
-3154.6437169662 0.0707 0.5674999999999999 0.3618000000000001
-3127.6343261482757 0.0707 0.5882 0.34110000000000007
-3101.684631366677 0.0707 0.6089 0.3204
-3073.5942414321953 0.0707 0.6295999999999999 0.2997000000000001
-3047.6175829034096 0.0707 0.6502999999999999 0.27900000000000014
-3022.5624830709307 0.0707 0.6709999999999999 0.2583000000000001
-2993.2468077235285 0.0707 0.6917 0.23760000000000003
-2962.914723342033 0.0707 0.7123999999999999 0.2169000000000001
-2939.6023966435396 0.0707 0.7330999999999999 0.19620000000000015
-2908.753830011505 0.0707 0.7537999999999999 0.1755000000000001
-2880.9937100090638 0.0707 0.7745 0.15480000000000005
-2854.3611282533884 0.0707 0.7951999999999999 0.1341000000000001
-2824.0242007458596 0.0707 0.8158999999999998 0.11340000000000017
-2798.8272976553985 0.0707 0.8365999999999999 0.09270000000000012
-2771.4520772520577 0.0707 0.8573 0.07200000000000006
-2742.2892279457046 0.0707 0.8779999999999999 0.05130000000000012
-2713.0093021669595 0.0707 0.8986999999999998 0.030600000000000183
-3291.8155315257495 0.0914 0.05 0.8585999999999999
-3338.495409511547 0.0914 0.0707 0.8379
-3473.8944278991 0.0914 0.0914 0.8171999999999999
-3607.8416945646145 0.0914 0.11209999999999999 0.7965
-3525.6069058331627 0.0914 0.13279999999999997 0.7758
-3617.9277411879493 0.0914 0.15349999999999997 0.7551
-3621.014305420401 0.0914 0.17419999999999997 0.7343999999999999
-3621.3398530258605 0.0914 0.19489999999999996 0.7137
-3623.2384813518765 0.0914 0.21559999999999996 0.6930000000000001
-3623.283563508709 0.0914 0.23629999999999995 0.6723
-3619.300741638732 0.0914 0.25699999999999995 0.6516
-3593.210533195839 0.0914 0.27769999999999995 0.6309
-3568.8924481299077 0.0914 0.29839999999999994 0.6102000000000001
-3543.734506752595 0.0914 0.31909999999999994 0.5895
-3515.5860856320355 0.0914 0.33979999999999994 0.5688
-3493.740746806872 0.0914 0.36049999999999993 0.5481
-3466.6841240563786 0.0914 0.38119999999999993 0.5274000000000001
-3441.0880551454643 0.0914 0.4018999999999999 0.5067
-3417.052699978221 0.0914 0.4225999999999999 0.48600000000000004
-3391.749158845258 0.0914 0.4432999999999999 0.46530000000000005
-3366.130714677833 0.0914 0.4639999999999999 0.44460000000000005
-3336.668121228116 0.0914 0.4846999999999999 0.42390000000000005
-3314.4169967242656 0.0914 0.5054 0.4032
-3287.6410340753937 0.0914 0.5260999999999999 0.38250000000000006
-3259.2639369224353 0.0914 0.5468 0.3618
-3230.4467950474987 0.0914 0.5674999999999999 0.34110000000000007
-3207.250365406971 0.0914 0.5882 0.3204
-3182.699646472458 0.0914 0.6089 0.29969999999999997
-3151.002740069981 0.0914 0.6295999999999999 0.279
-3124.946177518828 0.0914 0.6502999999999999 0.2583000000000001
-3092.7517118120377 0.0914 0.6709999999999999 0.23760000000000003
-3069.685016477223 0.0914 0.6917 0.21689999999999998
-3043.234630066618 0.0914 0.7123999999999999 0.19620000000000004
-3014.823314946108 0.0914 0.7330999999999999 0.1755000000000001
-2986.6723035290856 0.0914 0.7537999999999999 0.15480000000000005
-2961.6387069231305 0.0914 0.7745 0.1341
-2931.1856881064805 0.0914 0.7951999999999999 0.11340000000000006
-2900.945234549605 0.0914 0.8158999999999998 0.09270000000000012
-2876.7250331833 0.0914 0.8365999999999999 0.07200000000000006
-2845.99329725576 0.0914 0.8573 0.05130000000000001
-2819.723685723743 0.0914 0.8779999999999999 0.03060000000000007
