-5486.817035352394 0.5468 0.05 0.40320000000000006
-5479.232632079665 0.5468 0.0707 0.38250000000000006
-5471.180358861037 0.5468 0.0914 0.36180000000000007
-5465.6980076345335 0.5468 0.11209999999999999 0.34110000000000007
-5454.074479215927 0.5468 0.13279999999999997 0.3204000000000001
-5431.031884884472 0.5468 0.15349999999999997 0.2997000000000001
-5403.020592159654 0.5468 0.17419999999999997 0.2790000000000001
-5378.012965263986 0.5468 0.19489999999999996 0.2583000000000001
-5360.224941810317 0.5468 0.21559999999999996 0.2376000000000001
-5325.263835408661 0.5468 0.23629999999999995 0.2169000000000001
-5303.9366357847575 0.5468 0.25699999999999995 0.1962000000000001
-5285.8888843417935 0.5468 0.27769999999999995 0.1755000000000001
-5249.999489602055 0.5468 0.29839999999999994 0.1548000000000001
-5226.593774505326 0.5468 0.31909999999999994 0.1341000000000001
-5197.040006993278 0.5468 0.33979999999999994 0.11340000000000011
-5170.693828104216 0.5468 0.36049999999999993 0.09270000000000012
-5143.487957329356 0.5468 0.38119999999999993 0.07200000000000012
-5122.011119852624 0.5468 0.4018999999999999 0.05130000000000012
-5082.855144390226 0.5468 0.4225999999999999 0.030600000000000127
-5568.5699952614395 0.5674999999999999 0.05 0.3825000000000001
-5559.881707135327 0.5674999999999999 0.0707 0.3618000000000001
-5555.925969850393 0.5674999999999999 0.0914 0.3411000000000001
-5552.583751927888 0.5674999999999999 0.11209999999999999 0.32040000000000013
-5530.876131506713 0.5674999999999999 0.13279999999999997 0.29970000000000013
-5507.1997807207945 0.5674999999999999 0.15349999999999997 0.27900000000000014
-5484.357650525803 0.5674999999999999 0.17419999999999997 0.25830000000000014
-5454.086212139538 0.5674999999999999 0.19489999999999996 0.23760000000000014
-5434.184647260695 0.5674999999999999 0.21559999999999996 0.21690000000000015
-5409.052948161642 0.5674999999999999 0.23629999999999995 0.19620000000000015
-5376.540441789097 0.5674999999999999 0.25699999999999995 0.17550000000000016
-5358.583446969116 0.5674999999999999 0.27769999999999995 0.15480000000000016
-5330.973988040581 0.5674999999999999 0.29839999999999994 0.13410000000000016
-5310.005482970361 0.5674999999999999 0.31909999999999994 0.11340000000000017
-5272.995771749936 0.5674999999999999 0.33979999999999994 0.09270000000000017
-5247.1529325074225 0.5674999999999999 0.36049999999999993 0.07200000000000017
-5225.88731547372 0.5674999999999999 0.38119999999999993 0.05130000000000018
-5194.417814974203 0.5674999999999999 0.4018999999999999 0.030600000000000183
-5661.186518381916 0.5882 0.05 0.36180000000000007
-5661.904329460994 0.5882 0.0707 0.34110000000000007
-5648.564879865925 0.5882 0.0914 0.3204000000000001
-5643.776888451705 0.5882 0.11209999999999999 0.2997000000000001
-5618.605776709326 0.5882 0.13279999999999997 0.2790000000000001
-5596.843782311802 0.5882 0.15349999999999997 0.2583000000000001
-5563.980512369313 0.5882 0.17419999999999997 0.2376000000000001
-5544.4863289873865 0.5882 0.19489999999999996 0.2169000000000001
-5518.6138961420365 0.5882 0.21559999999999996 0.1962000000000001
-5492.599048302948 0.5882 0.23629999999999995 0.1755000000000001
-5459.110446209227 0.5882 0.25699999999999995 0.1548000000000001
-5444.511275199062 0.5882 0.27769999999999995 0.1341000000000001
-5404.501027383966 0.5882 0.29839999999999994 0.11340000000000011
-5386.2650383977025 0.5882 0.31909999999999994 0.09270000000000012
-5360.233303156562 0.5882 0.33979999999999994 0.07200000000000012
-5333.635603608268 0.5882 0.36049999999999993 0.05130000000000012
-5306.227879311218 0.5882 0.38119999999999993 0.030600000000000127
