-6001.083010875789 0.6709999999999999 0.05 0.2790000000000001
-5992.674601512181 0.6709999999999999 0.0707 0.2583000000000001
-5984.260966697161 0.6709999999999999 0.0914 0.2376000000000001
-5961.515809932967 0.6709999999999999 0.11209999999999999 0.2169000000000001
-5920.184202239492 0.6709999999999999 0.13279999999999997 0.1962000000000001
-5904.5596903316455 0.6709999999999999 0.15349999999999997 0.1755000000000001
-5889.522749389506 0.6709999999999999 0.17419999999999997 0.1548000000000001
-5860.44967410614 0.6709999999999999 0.19489999999999996 0.1341000000000001
-5833.160678462315 0.6709999999999999 0.21559999999999996 0.11340000000000011
-5809.3059211668915 0.6709999999999999 0.23629999999999995 0.09270000000000012
-5780.482701957588 0.6709999999999999 0.25699999999999995 0.07200000000000012
-5754.861911179819 0.6709999999999999 0.27769999999999995 0.05130000000000012
-5729.555454016562 0.6709999999999999 0.29839999999999994 0.030600000000000127
-6085.631481268816 0.6917 0.05 0.25830000000000003
-6075.580698600664 0.6917 0.0707 0.23760000000000003
-6064.724778781579 0.6917 0.0914 0.21690000000000004
-6044.1327203635465 0.6917 0.11209999999999999 0.19620000000000004
-6019.744867326107 0.6917 0.13279999999999997 0.17550000000000004
-5991.299876200603 0.6917 0.15349999999999997 0.15480000000000005
-5970.028268834034 0.6917 0.17419999999999997 0.13410000000000005
-5948.03998788005 0.6917 0.19489999999999996 0.11340000000000006
-5917.113372455706 0.6917 0.21559999999999996 0.09270000000000006
-5887.527310939675 0.6917 0.23629999999999995 0.07200000000000006
-5858.940415283858 0.6917 0.25699999999999995 0.05130000000000007
-5837.058282691391 0.6917 0.27769999999999995 0.03060000000000007
-6180.0788650718805 0.7123999999999999 0.05 0.2376000000000001
-6171.859034813332 0.7123999999999999 0.0707 0.2169000000000001
-6156.393878833899 0.7123999999999999 0.0914 0.1962000000000001
-6124.694562536069 0.7123999999999999 0.11209999999999999 0.1755000000000001
-6100.737352365423 0.7123999999999999 0.13279999999999997 0.1548000000000001
-6085.794790771755 0.7123999999999999 0.15349999999999997 0.1341000000000001
-6053.21117449031 0.7123999999999999 0.17419999999999997 0.11340000000000011
-6022.162838308524 0.7123999999999999 0.19489999999999996 0.09270000000000012
-5999.097302885918 0.7123999999999999 0.21559999999999996 0.07200000000000012
-5962.844947766148 0.7123999999999999 0.23629999999999995 0.05130000000000012
-5956.449156418479 0.7123999999999999 0.25699999999999995 0.030600000000000127
