-5740.3820294673615 0.6089 0.05 0.3411
-5739.536277690196 0.6089 0.0707 0.3204
-5723.064049733842 0.6089 0.0914 0.2997
-5717.217407928941 0.6089 0.11209999999999999 0.279
-5693.244348270857 0.6089 0.13279999999999997 0.25830000000000003
-5675.745976825944 0.6089 0.15349999999999997 0.23760000000000003
-5644.3701577563725 0.6089 0.17419999999999997 0.21690000000000004
-5620.788697809642 0.6089 0.19489999999999996 0.19620000000000004
-5589.152474428478 0.6089 0.21559999999999996 0.17550000000000004
-5563.395286987299 0.6089 0.23629999999999995 0.15480000000000005
-5545.232178435145 0.6089 0.25699999999999995 0.13410000000000005
-5515.182465604278 0.6089 0.27769999999999995 0.11340000000000006
-5485.620704460077 0.6089 0.29839999999999994 0.09270000000000006
-5455.684853930679 0.6089 0.31909999999999994 0.07200000000000006
-5433.6050118047615 0.6089 0.33979999999999994 0.05130000000000007
-5416.101119640473 0.6089 0.36049999999999993 0.03060000000000007
-5822.609425120584 0.6295999999999999 0.05 0.3204000000000001
-5817.351851410682 0.6295999999999999 0.0707 0.2997000000000001
-5815.016950266445 0.6295999999999999 0.0914 0.2790000000000001
-5800.146728984247 0.6295999999999999 0.11209999999999999 0.2583000000000001
-5774.381111462276 0.6295999999999999 0.13279999999999997 0.2376000000000001
-5746.524202878162 0.6295999999999999 0.15349999999999997 0.2169000000000001
-5728.3721067115885 0.6295999999999999 0.17419999999999997 0.1962000000000001
-5700.983577842356 0.6295999999999999 0.19489999999999996 0.1755000000000001
-5676.014566934918 0.6295999999999999 0.21559999999999996 0.1548000000000001
-5646.484172905698 0.6295999999999999 0.23629999999999995 0.1341000000000001
-5619.459339498462 0.6295999999999999 0.25699999999999995 0.11340000000000011
-5598.899275574763 0.6295999999999999 0.27769999999999995 0.09270000000000012
-5569.278562972485 0.6295999999999999 0.29839999999999994 0.07200000000000012
-5543.538823031986 0.6295999999999999 0.31909999999999994 0.05130000000000012
-5520.185418954645 0.6295999999999999 0.33979999999999994 0.030600000000000127
-5924.236268106231 0.6502999999999999 0.05 0.29970000000000013
-5918.71688026392 0.6502999999999999 0.0707 0.27900000000000014
-5910.382792366435 0.6502999999999999 0.0914 0.25830000000000014
-5886.443633228428 0.6502999999999999 0.11209999999999999 0.23760000000000014
-5862.385913601571 0.6502999999999999 0.13279999999999997 0.21690000000000015
-5837.522087693016 0.6502999999999999 0.15349999999999997 0.19620000000000015
-5812.615758490745 0.6502999999999999 0.17419999999999997 0.17550000000000016
-5776.5205151899345 0.6502999999999999 0.19489999999999996 0.15480000000000016
-5769.59079222396 0.6502999999999999 0.21559999999999996 0.13410000000000016
-5729.120315622323 0.6502999999999999 0.23629999999999995 0.11340000000000017
-5713.149330435038 0.6502999999999999 0.25699999999999995 0.09270000000000017
-5692.088210998362 0.6502999999999999 0.27769999999999995 0.07200000000000017
-5651.0751689385215 0.6502999999999999 0.29839999999999994 0.05130000000000018
-5622.373753594955 0.6502999999999999 0.31909999999999994 0.030600000000000183
