-4456.5695482486935 0.29839999999999994 0.05 0.6516
-4453.983992441863 0.29839999999999994 0.0707 0.6309
-4459.791078334209 0.29839999999999994 0.0914 0.6102
-4452.8026405989285 0.29839999999999994 0.11209999999999999 0.5895
-4453.287679122821 0.29839999999999994 0.13279999999999997 0.5688
-4455.18872872648 0.29839999999999994 0.15349999999999997 0.5481
-4450.01196176236 0.29839999999999994 0.17419999999999997 0.5274000000000001
-4444.506074062855 0.29839999999999994 0.19489999999999996 0.5067
-4420.082766157356 0.29839999999999994 0.21559999999999996 0.48600000000000004
-4395.9607311891405 0.29839999999999994 0.23629999999999995 0.46530000000000005
-4378.836099116729 0.29839999999999994 0.25699999999999995 0.44460000000000005
-4344.35686628875 0.29839999999999994 0.27769999999999995 0.42390000000000005
-4321.729550051105 0.29839999999999994 0.29839999999999994 0.40320000000000006
-4298.373239607283 0.29839999999999994 0.31909999999999994 0.38250000000000006
-4269.280907740895 0.29839999999999994 0.33979999999999994 0.36180000000000007
-4241.567267271321 0.29839999999999994 0.36049999999999993 0.34110000000000007
-4225.015699730622 0.29839999999999994 0.38119999999999993 0.3204000000000001
-4194.960548021882 0.29839999999999994 0.4018999999999999 0.2997000000000001
-4167.445298692107 0.29839999999999994 0.4225999999999999 0.2790000000000001
-4143.218569853597 0.29839999999999994 0.4432999999999999 0.2583000000000001
-4113.346165921534 0.29839999999999994 0.4639999999999999 0.2376000000000001
-4090.6319932379283 0.29839999999999994 0.4846999999999999 0.2169000000000001
-4062.0039849503974 0.29839999999999994 0.5054 0.19620000000000004
-4038.634324747586 0.29839999999999994 0.5260999999999999 0.1755000000000001
-4000.630168481794 0.29839999999999994 0.5468 0.15480000000000005
-3972.760353699594 0.29839999999999994 0.5674999999999999 0.1341000000000001
-3952.759247639409 0.29839999999999994 0.5882 0.11340000000000006
-3930.1493713247146 0.29839999999999994 0.6089 0.0927
-3895.1966475275394 0.29839999999999994 0.6295999999999999 0.07200000000000006
-3870.3287516530463 0.29839999999999994 0.6502999999999999 0.05130000000000012
-3846.8342531353137 0.29839999999999994 0.6709999999999999 0.03060000000000007
-4530.030419709909 0.31909999999999994 0.05 0.6309
-4529.001546887905 0.31909999999999994 0.0707 0.6102000000000001
-4519.089383175298 0.31909999999999994 0.0914 0.5895
-4526.530887422934 0.31909999999999994 0.11209999999999999 0.5688000000000001
-4530.336308063392 0.31909999999999994 0.13279999999999997 0.5481
-4530.130268969181 0.31909999999999994 0.15349999999999997 0.5274000000000001
-4525.456102748262 0.31909999999999994 0.17419999999999997 0.5067000000000002
-4522.142840984455 0.31909999999999994 0.19489999999999996 0.4860000000000001
-4491.929411473512 0.31909999999999994 0.21559999999999996 0.4653000000000001
-4472.05657878959 0.31909999999999994 0.23629999999999995 0.4446000000000001
-4443.606559816366 0.31909999999999994 0.25699999999999995 0.4239000000000001
-4418.411694702697 0.31909999999999994 0.27769999999999995 0.4032000000000001
-4394.084035429334 0.31909999999999994 0.29839999999999994 0.3825000000000001
-4370.501115629919 0.31909999999999994 0.31909999999999994 0.3618000000000001
-4338.861815337145 0.31909999999999994 0.33979999999999994 0.3411000000000001
-4316.312412240897 0.31909999999999994 0.36049999999999993 0.32040000000000013
-4294.672969612247 0.31909999999999994 0.38119999999999993 0.29970000000000013
-4265.7599201900675 0.31909999999999994 0.4018999999999999 0.27900000000000014
-4239.726971736844 0.31909999999999994 0.4225999999999999 0.25830000000000014
-4213.563632760069 0.31909999999999994 0.4432999999999999 0.23760000000000014
-4186.444031327375 0.31909999999999994 0.4639999999999999 0.21690000000000015
-4156.841733949491 0.31909999999999994 0.4846999999999999 0.19620000000000015
-4130.316818611698 0.31909999999999994 0.5054 0.1755000000000001
-4107.155548142975 0.31909999999999994 0.5260999999999999 0.15480000000000016
-4084.452029123173 0.31909999999999994 0.5468 0.1341000000000001
-4048.7740241226284 0.31909999999999994 0.5674999999999999 0.11340000000000017
-4021.402934210336 0.31909999999999994 0.5882 0.09270000000000012
-3991.9099916219407 0.31909999999999994 0.6089 0.07200000000000006
-3964.140428207378 0.31909999999999994 0.6295999999999999 0.05130000000000012
-3934.4839901620253 0.31909999999999994 0.6502999999999999 0.030600000000000183
-4620.296636337289 0.33979999999999994 0.05 0.6102000000000001
-4625.907491322596 0.33979999999999994 0.0707 0.5895000000000001
-4601.184433026989 0.33979999999999994 0.0914 0.5688000000000001
-4623.243152320949 0.33979999999999994 0.11209999999999999 0.5481000000000001
-4618.957239257529 0.33979999999999994 0.13279999999999997 0.5274000000000001
-4619.58700291005 0.33979999999999994 0.15349999999999997 0.5067000000000002
-4612.546419596352 0.33979999999999994 0.17419999999999997 0.48600000000000015
-4601.653804949922 0.33979999999999994 0.19489999999999996 0.46530000000000016
-4573.259068591202 0.33979999999999994 0.21559999999999996 0.44460000000000016
-4549.25929327045 0.33979999999999994 0.23629999999999995 0.42390000000000017
-4529.495825721182 0.33979999999999994 0.25699999999999995 0.40320000000000017
-4502.155289754015 0.33979999999999994 0.27769999999999995 0.3825000000000002
-4474.945645832467 0.33979999999999994 0.29839999999999994 0.3618000000000002
-4450.013092654663 0.33979999999999994 0.31909999999999994 0.3411000000000002
-4422.546656184688 0.33979999999999994 0.33979999999999994 0.3204000000000002
-4397.287844705786 0.33979999999999994 0.36049999999999993 0.2997000000000002
-4374.45120938821 0.33979999999999994 0.38119999999999993 0.2790000000000002
