-4704.237659896522 0.36049999999999993 0.05 0.5895
-4711.601749912642 0.36049999999999993 0.0707 0.5688000000000001
-4708.8328650691565 0.36049999999999993 0.0914 0.5481
-4704.311712322975 0.36049999999999993 0.11209999999999999 0.5274000000000001
-4704.1998028352455 0.36049999999999993 0.13279999999999997 0.5067000000000002
-4702.928886905933 0.36049999999999993 0.15349999999999997 0.4860000000000001
-4707.366120159184 0.36049999999999993 0.17419999999999997 0.4653000000000001
-4677.587541551313 0.36049999999999993 0.19489999999999996 0.4446000000000001
-4648.583031470369 0.36049999999999993 0.21559999999999996 0.4239000000000001
-4626.791123730924 0.36049999999999993 0.23629999999999995 0.4032000000000001
-4604.528170122989 0.36049999999999993 0.25699999999999995 0.3825000000000001
-4581.488441238022 0.36049999999999993 0.27769999999999995 0.3618000000000001
-4548.089988158236 0.36049999999999993 0.29839999999999994 0.3411000000000001
-4530.105866806677 0.36049999999999993 0.31909999999999994 0.32040000000000013
-4500.235189813941 0.36049999999999993 0.33979999999999994 0.29970000000000013
-4476.44714231321 0.36049999999999993 0.36049999999999993 0.27900000000000014
-4442.940601372976 0.36049999999999993 0.38119999999999993 0.25830000000000014
-4418.227890268492 0.36049999999999993 0.4018999999999999 0.23760000000000014
-4400.213685814426 0.36049999999999993 0.4225999999999999 0.21690000000000015
-4367.331247643032 0.36049999999999993 0.4432999999999999 0.19620000000000015
-4342.526284034417 0.36049999999999993 0.4639999999999999 0.17550000000000016
-4313.234374997809 0.36049999999999993 0.4846999999999999 0.15480000000000016
-4295.379663931078 0.36049999999999993 0.5054 0.1341000000000001
-4259.351884729572 0.36049999999999993 0.5260999999999999 0.11340000000000017
-4232.908691324646 0.36049999999999993 0.5468 0.09270000000000012
-4205.7556949892305 0.36049999999999993 0.5674999999999999 0.07200000000000017
-4180.879599007529 0.36049999999999993 0.5882 0.05130000000000012
-4147.526746282897 0.36049999999999993 0.6089 0.03060000000000007
-4778.0552158431465 0.38119999999999993 0.05 0.5688
-4788.919448178155 0.38119999999999993 0.0707 0.5481
-4785.826024067874 0.38119999999999993 0.0914 0.5274
-4783.989013376133 0.38119999999999993 0.11209999999999999 0.5067
-4780.126654629642 0.38119999999999993 0.13279999999999997 0.48600000000000004
-4774.387611323836 0.38119999999999993 0.15349999999999997 0.46530000000000005
-4772.532637473634 0.38119999999999993 0.17419999999999997 0.44460000000000005
-4746.744021092948 0.38119999999999993 0.19489999999999996 0.42390000000000005
-4723.728219641545 0.38119999999999993 0.21559999999999996 0.40320000000000006
-4699.49595311664 0.38119999999999993 0.23629999999999995 0.38250000000000006
-4672.999921820864 0.38119999999999993 0.25699999999999995 0.36180000000000007
-4653.066976516101 0.38119999999999993 0.27769999999999995 0.34110000000000007
-4625.643577006062 0.38119999999999993 0.29839999999999994 0.3204000000000001
-4598.958453017006 0.38119999999999993 0.31909999999999994 0.2997000000000001
-4571.832384258544 0.38119999999999993 0.33979999999999994 0.2790000000000001
-4543.684853412924 0.38119999999999993 0.36049999999999993 0.2583000000000001
-4520.813214540081 0.38119999999999993 0.38119999999999993 0.2376000000000001
-4495.586852473744 0.38119999999999993 0.4018999999999999 0.2169000000000001
-4471.615562831813 0.38119999999999993 0.4225999999999999 0.1962000000000001
-4441.439154048403 0.38119999999999993 0.4432999999999999 0.1755000000000001
-4417.478074197908 0.38119999999999993 0.4639999999999999 0.1548000000000001
-4388.361417143972 0.38119999999999993 0.4846999999999999 0.1341000000000001
-4360.844562207621 0.38119999999999993 0.5054 0.11340000000000006
-4344.337766222328 0.38119999999999993 0.5260999999999999 0.09270000000000012
-4303.40049513109 0.38119999999999993 0.5468 0.07200000000000006
-4273.663933792279 0.38119999999999993 0.5674999999999999 0.05130000000000012
-4250.878486717595 0.38119999999999993 0.5882 0.03060000000000007
-4879.512234578777 0.4018999999999999 0.05 0.5481
-4875.454889141031 0.4018999999999999 0.0707 0.5274000000000001
-4871.328868064703 0.4018999999999999 0.0914 0.5067
-4872.803593631984 0.4018999999999999 0.11209999999999999 0.4860000000000001
-4875.730532986762 0.4018999999999999 0.13279999999999997 0.4653000000000001
-4872.685939115526 0.4018999999999999 0.15349999999999997 0.4446000000000001
-4856.693842765198 0.4018999999999999 0.17419999999999997 0.4239000000000001
-4837.792471489192 0.4018999999999999 0.19489999999999996 0.4032000000000001
-4818.994859750896 0.4018999999999999 0.21559999999999996 0.3825000000000001
-4785.4977917427605 0.4018999999999999 0.23629999999999995 0.3618000000000001
-4756.425581652101 0.4018999999999999 0.25699999999999995 0.3411000000000001
-4736.747113775159 0.4018999999999999 0.27769999999999995 0.32040000000000013
-4722.320031698114 0.4018999999999999 0.29839999999999994 0.29970000000000013
-4684.6001968908295 0.4018999999999999 0.31909999999999994 0.27900000000000014
-4652.502319868006 0.4018999999999999 0.33979999999999994 0.25830000000000014
-4638.171488443448 0.4018999999999999 0.36049999999999993 0.23760000000000014
-4603.343995612322 0.4018999999999999 0.38119999999999993 0.21690000000000015
-4577.104658562907 0.4018999999999999 0.4018999999999999 0.19620000000000015
-4547.680759150504 0.4018999999999999 0.4225999999999999 0.17550000000000016
-4525.5505717913475 0.4018999999999999 0.4432999999999999 0.15480000000000016
-4501.238778613896 0.4018999999999999 0.4639999999999999 0.13410000000000016
