-5537.908203590275 0.541 0.001 0.45799999999999996
-5554.714525751478 0.541 0.0235 0.43549999999999994
-5572.76619958342 0.541 0.046 0.413
-5587.894911327129 0.541 0.0685 0.39049999999999996
-5602.621799393451 0.541 0.091 0.368
-5614.340414795329 0.541 0.11349999999999999 0.3455
-5621.549100402561 0.541 0.136 0.32299999999999995
-5620.827345672536 0.541 0.1585 0.3005
-5616.150726821953 0.541 0.181 0.27799999999999997
-5608.617994269079 0.541 0.2035 0.25549999999999995
-5597.208638419253 0.541 0.22599999999999998 0.23299999999999998
-5583.295055773695 0.541 0.2485 0.21049999999999996
-5570.9053956152475 0.541 0.271 0.18799999999999994
-5556.341478019171 0.541 0.2935 0.16549999999999998
-5537.482104959427 0.541 0.316 0.14299999999999996
-5516.06669306131 0.541 0.33849999999999997 0.1205
-5493.060613606454 0.541 0.361 0.09799999999999998
-5464.90238301583 0.541 0.3835 0.07549999999999996
-5436.844309823004 0.541 0.40599999999999997 0.05299999999999999
-5405.219723892717 0.541 0.4285 0.03049999999999997
-5356.36977990405 0.541 0.458 0.0009999999999999454
-5632.000878154915 0.5635 0.001 0.4355
-5648.559111770476 0.5635 0.0235 0.413
-5666.439774590082 0.5635 0.046 0.3905
-5681.1377325840585 0.5635 0.0685 0.368
-5694.308114030883 0.5635 0.091 0.34550000000000003
-5704.764565419908 0.5635 0.11349999999999999 0.323
-5710.863104140546 0.5635 0.136 0.3005
-5708.758844993455 0.5635 0.1585 0.278
-5702.307544051679 0.5635 0.181 0.2555
-5692.163748386469 0.5635 0.2035 0.233
-5679.968703569475 0.5635 0.22599999999999998 0.21050000000000002
-5666.7230557558705 0.5635 0.2485 0.188
-5654.37766932221 0.5635 0.271 0.16549999999999998
-5637.709076758839 0.5635 0.2935 0.14300000000000002
-5620.754957359806 0.5635 0.316 0.1205
-5597.063662928661 0.5635 0.33849999999999997 0.09800000000000003
-5572.175565914885 0.5635 0.361 0.07550000000000001
-5543.011998081019 0.5635 0.3835 0.05299999999999999
-5514.2901679885235 0.5635 0.40599999999999997 0.030500000000000027
-5468.993882857404 0.5635 0.436 0.0005000000000000004
-5726.6467361476825 0.586 0.001 0.41300000000000003
-5742.000003483727 0.586 0.0235 0.3905
-5758.45184520132 0.586 0.046 0.36800000000000005
-5773.2087493211275 0.586 0.0685 0.34550000000000003
-5785.244853346361 0.586 0.091 0.32300000000000006
-5795.035640998386 0.586 0.11349999999999999 0.30050000000000004
-5798.897048179946 0.586 0.136 0.278
-5795.17318386693 0.586 0.1585 0.25550000000000006
-5787.704484251298 0.586 0.181 0.23300000000000004
-5776.43110217028 0.586 0.2035 0.21050000000000005
-5764.148094964689 0.586 0.22599999999999998 0.18800000000000006
-5750.643880994982 0.586 0.2485 0.16550000000000004
-5736.306523682165 0.586 0.271 0.14300000000000002
-5720.656669469314 0.586 0.2935 0.12050000000000005
-5700.599155410918 0.586 0.316 0.09800000000000003
-5677.049644422513 0.586 0.33849999999999997 0.07550000000000007
-5650.263117957506 0.586 0.361 0.05300000000000005
-5621.4971785435055 0.586 0.3835 0.030500000000000027
-5580.729597836245 0.586 0.41300000000000003 0.0010000000000000009
