-6380.880867119859 0.7434999999999999 0.001 0.25550000000000006
-6391.351941941217 0.7434999999999999 0.0235 0.23300000000000007
-6402.921751987736 0.7434999999999999 0.046 0.21050000000000008
-6414.042433875712 0.7434999999999999 0.0685 0.18800000000000006
-6416.793301547423 0.7434999999999999 0.091 0.16550000000000006
-6409.929077305075 0.7434999999999999 0.11349999999999999 0.14300000000000007
-6399.1707895574355 0.7434999999999999 0.136 0.12050000000000005
-6385.708656410681 0.7434999999999999 0.1585 0.09800000000000006
-6371.313256525229 0.7434999999999999 0.181 0.07550000000000007
-6356.849372552652 0.7434999999999999 0.2035 0.053000000000000075
-6342.179561685379 0.7434999999999999 0.22599999999999998 0.030500000000000083
-6321.663885141279 0.7434999999999999 0.256 0.000500000000000056
-6472.667786958098 0.766 0.001 0.23299999999999998
-6483.954147104823 0.766 0.0235 0.2105
-6495.601119817979 0.766 0.046 0.188
-6504.584519085921 0.766 0.0685 0.16549999999999998
-6503.746729054421 0.766 0.091 0.143
-6494.869564730582 0.766 0.11349999999999999 0.1205
-6482.432125893436 0.766 0.136 0.09799999999999998
-6468.832396212539 0.766 0.1585 0.07549999999999998
-6454.778189439351 0.766 0.181 0.05299999999999999
-6438.612958346225 0.766 0.2035 0.0305
-6419.363995909762 0.766 0.233 0.0009999999999999731
-6565.090761096368 0.7885 0.001 0.21050000000000002
-6575.554453994603 0.7885 0.0235 0.18800000000000003
-6585.98047188603 0.7885 0.046 0.16550000000000004
-6593.103073304998 0.7885 0.0685 0.14300000000000002
-6588.979789841966 0.7885 0.091 0.12050000000000002
-6578.438977554415 0.7885 0.11349999999999999 0.09800000000000003
-6564.629334052379 0.7885 0.136 0.07550000000000001
-6551.8994723353 0.7885 0.1585 0.05300000000000002
-6536.4590497841245 0.7885 0.181 0.030500000000000027
-6515.2138796784275 0.7885 0.211 0.0005000000000000282
