-6657.8875072863575 0.8109999999999999 0.001 0.18800000000000006
-6666.882448179937 0.8109999999999999 0.0235 0.16550000000000006
-6677.1651948525405 0.8109999999999999 0.046 0.14300000000000007
-6682.06168895474 0.8109999999999999 0.0685 0.12050000000000005
-6674.545788315223 0.8109999999999999 0.091 0.09800000000000006
-6662.169345092043 0.8109999999999999 0.11349999999999999 0.07550000000000007
-6648.058076889956 0.8109999999999999 0.136 0.05300000000000005
-6633.065673551186 0.8109999999999999 0.1585 0.030500000000000055
-6613.1833628662525 0.8109999999999999 0.189 5.551115123125783e-17
-6749.465842143663 0.8335 0.001 0.16549999999999998
-6758.707223659086 0.8335 0.0235 0.143
-6768.238445206963 0.8335 0.046 0.12049999999999998
-6767.624143570778 0.8335 0.0685 0.09799999999999998
-6759.284474970771 0.8335 0.091 0.07549999999999998
-6745.142222592152 0.8335 0.11349999999999999 0.05299999999999999
-6730.357139732276 0.8335 0.136 0.03049999999999997
-6710.324440153786 0.8335 0.166 0.0004999999999999727
-6841.290889788634 0.856 0.001 0.14300000000000002
-6850.791574589832 0.856 0.0235 0.12050000000000002
-6858.77983828845 0.856 0.046 0.09800000000000002
-6853.938920570136 0.856 0.0685 0.07550000000000001
-6842.169697611926 0.856 0.091 0.05300000000000002
-6827.725715913726 0.856 0.11349999999999999 0.030500000000000027
-6807.759982110168 0.856 0.14300000000000002 0.0010000000000000009
