-3506.205576022831 0.0685 0.001 0.9305
-3531.941477824308 0.0685 0.0235 0.908
-3557.941522133529 0.0685 0.046 0.8855
-3582.7585675943233 0.0685 0.0685 0.863
-3607.5465789781815 0.0685 0.091 0.8405
-3631.9075522616067 0.0685 0.11349999999999999 0.8180000000000001
-3656.1511715360193 0.0685 0.136 0.7955
-3679.995814949453 0.0685 0.1585 0.773
-3703.656167666604 0.0685 0.181 0.7505
-3728.131583919254 0.0685 0.2035 0.728
-3749.353035344237 0.0685 0.22599999999999998 0.7055
-3768.8377394443905 0.0685 0.2485 0.683
-3773.984809380227 0.0685 0.271 0.6605
-3778.491785792599 0.0685 0.2935 0.638
-3776.57662232518 0.0685 0.316 0.6154999999999999
-3778.304858076304 0.0685 0.33849999999999997 0.593
-3776.673897415547 0.0685 0.361 0.5705
-3771.1350763293726 0.0685 0.3835 0.548
-3759.842074007797 0.0685 0.40599999999999997 0.5255000000000001
-3741.653514285444 0.0685 0.4285 0.503
-3723.496028084988 0.0685 0.45099999999999996 0.48050000000000004
-3703.511326042104 0.0685 0.4735 0.458
-3687.0856655232806 0.0685 0.496 0.4355
-3665.2921573728377 0.0685 0.5185 0.41300000000000003
-3642.4954812536207 0.0685 0.541 0.39049999999999996
-3618.332783403382 0.0685 0.5635 0.368
-3590.5804226942337 0.0685 0.586 0.34550000000000003
-3552.1213184418652 0.0685 0.6084999999999999 0.32300000000000006
-3514.7740605575036 0.0685 0.631 0.3005
-3477.6315650455654 0.0685 0.6535 0.278
-3437.3380279042062 0.0685 0.6759999999999999 0.25550000000000006
-3392.303008916002 0.0685 0.6985 0.23299999999999998
-3340.610078281492 0.0685 0.721 0.21050000000000002
-3280.3992981781444 0.0685 0.7434999999999999 0.18800000000000006
-3219.0860675682943 0.0685 0.766 0.16549999999999998
-3156.0193679398085 0.0685 0.7885 0.14300000000000002
-3092.8533018648473 0.0685 0.8109999999999999 0.12050000000000005
-3028.666281516194 0.0685 0.8335 0.09799999999999998
-2964.6852543516507 0.0685 0.856 0.07550000000000001
-2899.9931751717463 0.0685 0.8785 0.05300000000000005
-2835.3344258158436 0.0685 0.9009999999999999 0.030500000000000083
-2748.973058991753 0.0685 0.931 0.0004999999999999449
-3604.2663014871396 0.091 0.001 0.908
-3630.0811821605685 0.091 0.0235 0.8855000000000001
-3655.7323837836234 0.091 0.046 0.863
-3680.7050479046725 0.091 0.0685 0.8405
-3704.948478262513 0.091 0.091 0.8180000000000001
-3729.1879531119203 0.091 0.11349999999999999 0.7955000000000001
-3753.688982083094 0.091 0.136 0.773
-3777.506394196362 0.091 0.1585 0.7505000000000001
-3801.452402385632 0.091 0.181 0.728
-3823.8101096883033 0.091 0.2035 0.7055
-3844.1276464208413 0.091 0.22599999999999998 0.683
-3859.68314450852 0.091 0.2485 0.6605000000000001
-3863.5625620067476 0.091 0.271 0.638
-3865.2539934858046 0.091 0.2935 0.6155
-3865.5456787802595 0.091 0.316 0.593
-3863.2480493896064 0.091 0.33849999999999997 0.5705
-3860.5555982721244 0.091 0.361 0.548
-3853.9273872134145 0.091 0.3835 0.5255000000000001
-3843.2764853778417 0.091 0.40599999999999997 0.5030000000000001
-3824.878394879015 0.091 0.4285 0.48050000000000004
-3807.2694340092594 0.091 0.45099999999999996 0.4580000000000001
-3786.099594764092 0.091 0.4735 0.43550000000000005
-3766.688861699255 0.091 0.496 0.41300000000000003
-3746.0895787729933 0.091 0.5185 0.39050000000000007
-3723.9351217075696 0.091 0.541 0.368
-3695.7601079833885 0.091 0.5635 0.34550000000000003
-3663.0634978271 0.091 0.586 0.32300000000000006
-3626.70205109895 0.091 0.6084999999999999 0.3005000000000001
-3590.0784461101825 0.091 0.631 0.278
-3550.2378055354775 0.091 0.6535 0.25550000000000006
-3509.8332825900643 0.091 0.6759999999999999 0.2330000000000001
-3461.2545059607737 0.091 0.6985 0.21050000000000002
-3408.8574527412866 0.091 0.721 0.18800000000000006
-3347.898631717985 0.091 0.7434999999999999 0.1655000000000001
-3286.209782898232 0.091 0.766 0.14300000000000002
-3223.1004196640315 0.091 0.7885 0.12050000000000005
-3160.420820179571 0.091 0.8109999999999999 0.09800000000000009
-3097.0879626758697 0.091 0.8335 0.07550000000000001
-3032.4260491046775 0.091 0.856 0.05300000000000005
-2967.227036696505 0.091 0.8785 0.030500000000000083
-2882.511620405649 0.091 0.908 0.0010000000000000009
-3702.6985410112 0.11349999999999999 0.001 0.8855000000000001
-3727.9920786765565 0.11349999999999999 0.0235 0.8630000000000001
-3753.6936962020327 0.11349999999999999 0.046 0.8405
-3778.20293763789 0.11349999999999999 0.0685 0.8180000000000001
-3802.8231217779144 0.11349999999999999 0.091 0.7955000000000001
-3826.8026822204806 0.11349999999999999 0.11349999999999999 0.7730000000000001
-3850.8874693210037 0.11349999999999999 0.136 0.7505000000000001
-3874.5018308255835 0.11349999999999999 0.1585 0.7280000000000001
-3897.2674930139565 0.11349999999999999 0.181 0.7055
-3919.1857890859233 0.11349999999999999 0.2035 0.683
-3937.9027063490757 0.11349999999999999 0.22599999999999998 0.6605000000000001
-3949.7780295973043 0.11349999999999999 0.2485 0.6380000000000001
-3951.695986540863 0.11349999999999999 0.271 0.6155
-3953.9904718354105 0.11349999999999999 0.2935 0.5930000000000001
-3952.0344513826917 0.11349999999999999 0.316 0.5705
-3949.3744379982145 0.11349999999999999 0.33849999999999997 0.548
-3942.477710374309 0.11349999999999999 0.361 0.5255000000000001
-3936.599592442945 0.11349999999999999 0.3835 0.5030000000000001
-3923.9122362118906 0.11349999999999999 0.40599999999999997 0.4805000000000001
-3907.073488199578 0.11349999999999999 0.4285 0.4580000000000001
-3888.3419187231175 0.11349999999999999 0.45099999999999996 0.4355000000000001
-3869.5357105000676 0.11349999999999999 0.4735 0.4130000000000001
-3846.9605378048423 0.11349999999999999 0.496 0.39050000000000007
-3825.996756025406 0.11349999999999999 0.5185 0.3680000000000001
-3801.3942845979773 0.11349999999999999 0.541 0.34550000000000003
-3771.3653285079768 0.11349999999999999 0.5635 0.32300000000000006
-3735.8170644242764 0.11349999999999999 0.586 0.3005000000000001
-3700.969491105471 0.11349999999999999 0.6084999999999999 0.27800000000000014
-3663.213811831228 0.11349999999999999 0.631 0.25550000000000006
-3622.382320733596 0.11349999999999999 0.6535 0.2330000000000001
-3578.152679317117 0.11349999999999999 0.6759999999999999 0.21050000000000013
-3529.456368565617 0.11349999999999999 0.6985 0.18800000000000006
-3477.2422355486565 0.11349999999999999 0.721 0.1655000000000001
-3416.389809644737 0.11349999999999999 0.7434999999999999 0.14300000000000013
-3354.6795799411825 0.11349999999999999 0.766 0.12050000000000005
-3291.7146501516954 0.11349999999999999 0.7885 0.09800000000000009
-3228.519255249827 0.11349999999999999 0.8109999999999999 0.07550000000000012
-3164.797338571888 0.11349999999999999 0.8335 0.05300000000000005
-3099.4522741006454 0.11349999999999999 0.856 0.030500000000000083
-3013.352320740009 0.11349999999999999 0.886 0.000500000000000056
