-5253.494232869479 0.4735 0.001 0.5255
-5273.037230715174 0.4735 0.0235 0.503
-5291.261110788454 0.4735 0.046 0.4805
-5309.503105914871 0.4735 0.0685 0.45799999999999996
-5324.23776628262 0.4735 0.091 0.4355
-5339.721892612815 0.4735 0.11349999999999999 0.413
-5350.643847905046 0.4735 0.136 0.39049999999999996
-5356.58947920564 0.4735 0.1585 0.368
-5357.162292531775 0.4735 0.181 0.3455
-5352.234376470668 0.4735 0.2035 0.32299999999999995
-5342.766817949342 0.4735 0.22599999999999998 0.3005
-5332.060974320257 0.4735 0.2485 0.27799999999999997
-5322.662406425857 0.4735 0.271 0.25549999999999995
-5308.075440451887 0.4735 0.2935 0.23299999999999998
-5293.565272134306 0.4735 0.316 0.21049999999999996
-5277.610542827672 0.4735 0.33849999999999997 0.188
-5255.427088467587 0.4735 0.361 0.16549999999999998
-5229.693165904876 0.4735 0.3835 0.14299999999999996
-5203.310519303609 0.4735 0.40599999999999997 0.1205
-5173.678926837116 0.4735 0.4285 0.09799999999999998
-5142.198621692426 0.4735 0.45099999999999996 0.07550000000000001
-5107.666785452038 0.4735 0.4735 0.05299999999999999
-5068.928517520007 0.4735 0.496 0.03049999999999997
-5013.718276915446 0.4735 0.526 0.0004999999999999449
-5347.318847838408 0.496 0.001 0.503
-5365.815754263696 0.496 0.0235 0.4805
-5384.918420273655 0.496 0.046 0.458
-5403.370435680762 0.496 0.0685 0.4355
-5417.49851200898 0.496 0.091 0.41300000000000003
-5430.841918308545 0.496 0.11349999999999999 0.3905
-5441.468081967708 0.496 0.136 0.368
-5445.774590228677 0.496 0.1585 0.34550000000000003
-5443.7781687779725 0.496 0.181 0.323
-5438.52214766548 0.496 0.2035 0.3005
-5429.357014239476 0.496 0.22599999999999998 0.278
-5416.459673623177 0.496 0.2485 0.2555
-5404.314761764965 0.496 0.271 0.23299999999999998
-5391.479372678052 0.496 0.2935 0.21050000000000002
-5375.412730342056 0.496 0.316 0.188
-5356.681243904829 0.496 0.33849999999999997 0.16550000000000004
-5334.977076326352 0.496 0.361 0.14300000000000002
-5309.2339647630015 0.496 0.3835 0.1205
-5280.561907090094 0.496 0.40599999999999997 0.09800000000000003
-5251.361777375259 0.496 0.4285 0.07550000000000001
-5219.590911017575 0.496 0.45099999999999996 0.05300000000000005
-5181.7844732730855 0.496 0.4735 0.030500000000000027
-5128.589737017 0.496 0.503 0.0010000000000000009
-5442.453551467004 0.5185 0.001 0.48050000000000004
-5461.703551324092 0.5185 0.0235 0.458
-5479.3590560220755 0.5185 0.046 0.43550000000000005
-5496.548778788777 0.5185 0.0685 0.41300000000000003
-5509.720328575596 0.5185 0.091 0.39050000000000007
-5523.317015698165 0.5185 0.11349999999999999 0.36800000000000005
-5532.372124087732 0.5185 0.136 0.34550000000000003
-5534.69026097777 0.5185 0.1585 0.32300000000000006
-5529.820370168187 0.5185 0.181 0.30050000000000004
-5523.436013938158 0.5185 0.2035 0.278
-5512.612117680248 0.5185 0.22599999999999998 0.25550000000000006
-5500.684486195837 0.5185 0.2485 0.23300000000000004
-5487.925487869842 0.5185 0.271 0.21050000000000002
-5473.626632357025 0.5185 0.2935 0.18800000000000006
-5457.634745801836 0.5185 0.316 0.16550000000000004
-5437.02026851071 0.5185 0.33849999999999997 0.14300000000000007
-5414.022652646041 0.5185 0.361 0.12050000000000005
-5387.795628234974 0.5185 0.3835 0.09800000000000003
-5358.392541544958 0.5185 0.40599999999999997 0.07550000000000007
-5327.468097209306 0.5185 0.4285 0.05300000000000005
-5292.439820734245 0.5185 0.45099999999999996 0.030500000000000083
-5242.108930600694 0.5185 0.481 0.000500000000000056
