-6100.77250642216 0.6759999999999999 0.001 0.32300000000000006
-6114.466800981472 0.6759999999999999 0.0235 0.30050000000000004
-6128.587088268564 0.6759999999999999 0.046 0.2780000000000001
-6140.048343918459 0.6759999999999999 0.0685 0.25550000000000006
-6150.021248369898 0.6759999999999999 0.091 0.23300000000000007
-6152.296212649824 0.6759999999999999 0.11349999999999999 0.21050000000000008
-6145.819483165118 0.6759999999999999 0.136 0.18800000000000006
-6135.182009283314 0.6759999999999999 0.1585 0.16550000000000006
-6123.051376022828 0.6759999999999999 0.181 0.14300000000000007
-6110.104848065181 0.6759999999999999 0.2035 0.12050000000000008
-6094.543580137462 0.6759999999999999 0.22599999999999998 0.09800000000000009
-6080.6731000287145 0.6759999999999999 0.2485 0.07550000000000007
-6066.879093871495 0.6759999999999999 0.271 0.05300000000000005
-6046.347193558384 0.6759999999999999 0.2935 0.030500000000000083
-6010.781524841944 0.6759999999999999 0.324 5.551115123125783e-17
-6194.792997710538 0.6985 0.001 0.3005
-6207.420913095134 0.6985 0.0235 0.27799999999999997
-6219.8064358962965 0.6985 0.046 0.2555
-6231.0205506021575 0.6985 0.0685 0.23299999999999998
-6239.973723212666 0.6985 0.091 0.2105
-6238.682495103743 0.6985 0.11349999999999999 0.188
-6230.402415962929 0.6985 0.136 0.16549999999999998
-6219.186120786369 0.6985 0.1585 0.143
-6206.148056149093 0.6985 0.181 0.1205
-6191.61046923245 0.6985 0.2035 0.098
-6176.957741390924 0.6985 0.22599999999999998 0.07550000000000001
-6163.044553796416 0.6985 0.2485 0.05299999999999999
-6148.493405751611 0.6985 0.271 0.03049999999999997
-6117.750103292172 0.6985 0.301 0.0005000000000000004
-6288.146992630397 0.721 0.001 0.278
-6299.3255134826795 0.721 0.0235 0.2555
-6311.453736977297 0.721 0.046 0.23300000000000004
-6323.771187721295 0.721 0.0685 0.21050000000000002
-6328.762395306356 0.721 0.091 0.18800000000000003
-6324.13639754983 0.721 0.11349999999999999 0.16550000000000004
-6314.9011858199765 0.721 0.136 0.14300000000000002
-6302.516548688237 0.721 0.1585 0.12050000000000002
-6288.81148991756 0.721 0.181 0.09800000000000003
-6274.366749860983 0.721 0.2035 0.07550000000000004
-6259.784145483017 0.721 0.22599999999999998 0.05300000000000005
-6245.048804377561 0.721 0.2485 0.030500000000000027
-6224.224827327235 0.721 0.278 0.0010000000000000009
