-4139.042047497042 0.29839999999999994 0.05 0.6516
-3943.2216331788086 0.29839999999999994 0.0707 0.6309
-3977.040172136892 0.29839999999999994 0.0914 0.6102
-3954.10075391501 0.29839999999999994 0.11209999999999999 0.5895
-3939.4869843966953 0.29839999999999994 0.13279999999999997 0.5688
-3826.048707661047 0.29839999999999994 0.15349999999999997 0.5481
-3933.188873719954 0.29839999999999994 0.17419999999999997 0.5274000000000001
-3868.323197593593 0.29839999999999994 0.19489999999999996 0.5067
-3824.7937440566634 0.29839999999999994 0.21559999999999996 0.48600000000000004
-3888.777497239788 0.29839999999999994 0.23629999999999995 0.46530000000000005
-3799.509303904744 0.29839999999999994 0.25699999999999995 0.44460000000000005
-3780.044485640664 0.29839999999999994 0.27769999999999995 0.42390000000000005
-3692.403578597858 0.29839999999999994 0.29839999999999994 0.40320000000000006
-3788.124847745953 0.29839999999999994 0.31909999999999994 0.38250000000000006
-3740.6660370271024 0.29839999999999994 0.33979999999999994 0.36180000000000007
-3743.992999757833 0.29839999999999994 0.36049999999999993 0.34110000000000007
-3716.0725579011782 0.29839999999999994 0.38119999999999993 0.3204000000000001
-3708.743286229886 0.29839999999999994 0.4018999999999999 0.2997000000000001
-3687.6275506436577 0.29839999999999994 0.4225999999999999 0.2790000000000001
-3719.951724280455 0.29839999999999994 0.4432999999999999 0.2583000000000001
-3612.339557325705 0.29839999999999994 0.4639999999999999 0.2376000000000001
-3674.689981741948 0.29839999999999994 0.4846999999999999 0.2169000000000001
-3656.542389153926 0.29839999999999994 0.5054 0.19620000000000004
-3494.334662628111 0.29839999999999994 0.5260999999999999 0.1755000000000001
-3583.114636562466 0.29839999999999994 0.5468 0.15480000000000005
-3632.5661215450605 0.29839999999999994 0.5674999999999999 0.1341000000000001
-3543.8821201780706 0.29839999999999994 0.5882 0.11340000000000006
-3492.5332085671585 0.29839999999999994 0.6089 0.0927
-3652.3869374280375 0.29839999999999994 0.6295999999999999 0.07200000000000006
-3693.120824485914 0.29839999999999994 0.6502999999999999 0.05130000000000012
-3699.813342828274 0.29839999999999994 0.6709999999999999 0.03060000000000007
-4198.622168380785 0.31909999999999994 0.05 0.6309
-4063.9259353680145 0.31909999999999994 0.0707 0.6102000000000001
-4158.114483770106 0.31909999999999994 0.0914 0.5895
-4192.43194467659 0.31909999999999994 0.11209999999999999 0.5688000000000001
-4053.203964069631 0.31909999999999994 0.13279999999999997 0.5481
-3905.4035506107725 0.31909999999999994 0.15349999999999997 0.5274000000000001
-3994.9583119340396 0.31909999999999994 0.17419999999999997 0.5067000000000002
-4022.8497850300027 0.31909999999999994 0.19489999999999996 0.4860000000000001
-4070.8679214972303 0.31909999999999994 0.21559999999999996 0.4653000000000001
-3847.7290095805074 0.31909999999999994 0.23629999999999995 0.4446000000000001
-3952.6362874155984 0.31909999999999994 0.25699999999999995 0.4239000000000001
-3900.9870737418682 0.31909999999999994 0.27769999999999995 0.4032000000000001
-3900.4154567854916 0.31909999999999994 0.29839999999999994 0.3825000000000001
-3831.761403109644 0.31909999999999994 0.31909999999999994 0.3618000000000001
-3763.087535409281 0.31909999999999994 0.33979999999999994 0.3411000000000001
-3797.926530902881 0.31909999999999994 0.36049999999999993 0.32040000000000013
-3794.3584217471093 0.31909999999999994 0.38119999999999993 0.29970000000000013
-3829.27485577689 0.31909999999999994 0.4018999999999999 0.27900000000000014
-3765.6145513303063 0.31909999999999994 0.4225999999999999 0.25830000000000014
-3784.5597073416834 0.31909999999999994 0.4432999999999999 0.23760000000000014
-3773.7141376763475 0.31909999999999994 0.4639999999999999 0.21690000000000015
-3750.7916711130447 0.31909999999999994 0.4846999999999999 0.19620000000000015
-3714.5699534152063 0.31909999999999994 0.5054 0.1755000000000001
-3745.47215296686 0.31909999999999994 0.5260999999999999 0.15480000000000016
-3676.8528705568547 0.31909999999999994 0.5468 0.1341000000000001
-3701.2875743941645 0.31909999999999994 0.5674999999999999 0.11340000000000017
-3647.7676661288933 0.31909999999999994 0.5882 0.09270000000000012
-3658.86429099499 0.31909999999999994 0.6089 0.07200000000000006
-3813.353236365965 0.31909999999999994 0.6295999999999999 0.05130000000000012
-3830.216342781483 0.31909999999999994 0.6502999999999999 0.030600000000000183
-4293.414506901974 0.33979999999999994 0.05 0.6102000000000001
-4307.084292916872 0.33979999999999994 0.0707 0.5895000000000001
-4113.437587503804 0.33979999999999994 0.0914 0.5688000000000001
-4252.036072211138 0.33979999999999994 0.11209999999999999 0.5481000000000001
-4050.6705727973404 0.33979999999999994 0.13279999999999997 0.5274000000000001
-4185.074293544343 0.33979999999999994 0.15349999999999997 0.5067000000000002
-4096.091171158586 0.33979999999999994 0.17419999999999997 0.48600000000000015
-3983.8654462706772 0.33979999999999994 0.19489999999999996 0.46530000000000016
-3832.631204240454 0.33979999999999994 0.21559999999999996 0.44460000000000016
-3871.2215390844167 0.33979999999999994 0.23629999999999995 0.42390000000000017
-4097.552142435706 0.33979999999999994 0.25699999999999995 0.40320000000000017
-3973.8900894269777 0.33979999999999994 0.27769999999999995 0.3825000000000002
-4071.152234734823 0.33979999999999994 0.29839999999999994 0.3618000000000002
-3891.122914708087 0.33979999999999994 0.31909999999999994 0.3411000000000002
-3939.235269554945 0.33979999999999994 0.33979999999999994 0.3204000000000002
-3907.9659804154944 0.33979999999999994 0.36049999999999993 0.2997000000000002
-3844.732466502025 0.33979999999999994 0.38119999999999993 0.2790000000000002
-3883.931341306652 0.33979999999999994 0.4018999999999999 0.2583000000000002
-3836.030281078438 0.33979999999999994 0.4225999999999999 0.2376000000000002
-3808.4529684547547 0.33979999999999994 0.4432999999999999 0.2169000000000002
-3855.258315538954 0.33979999999999994 0.4639999999999999 0.1962000000000002
-3841.6491232546655 0.33979999999999994 0.4846999999999999 0.1755000000000002
-3794.1570630628894 0.33979999999999994 0.5054 0.15480000000000016
-3795.1269545306036 0.33979999999999994 0.5260999999999999 0.13410000000000022
-3779.2164030134736 0.33979999999999994 0.5468 0.11340000000000017
-3729.2564093008887 0.33979999999999994 0.5674999999999999 0.09270000000000023
-3819.0041552723537 0.33979999999999994 0.5882 0.07200000000000017
-3961.2394113825367 0.33979999999999994 0.6089 0.05130000000000012
-3909.4522497442913 0.33979999999999994 0.6295999999999999 0.030600000000000183
