-6201.231868246552 0.7330999999999999 0.05 0.21690000000000015
-6100.178929183015 0.7330999999999999 0.0707 0.19620000000000015
-6105.559097506978 0.7330999999999999 0.0914 0.17550000000000016
-5875.799688439773 0.7330999999999999 0.11209999999999999 0.15480000000000016
-5851.664420701051 0.7330999999999999 0.13279999999999997 0.13410000000000016
-5885.226316353963 0.7330999999999999 0.15349999999999997 0.11340000000000017
-5790.617195507062 0.7330999999999999 0.17419999999999997 0.09270000000000017
-5894.361610431938 0.7330999999999999 0.19489999999999996 0.07200000000000017
-5819.875020852784 0.7330999999999999 0.21559999999999996 0.05130000000000018
-5971.504145498497 0.7330999999999999 0.23629999999999995 0.030600000000000183
-6270.049463397345 0.7537999999999999 0.05 0.1962000000000001
-6196.337883874625 0.7537999999999999 0.0707 0.1755000000000001
-6187.170110911962 0.7537999999999999 0.0914 0.1548000000000001
-6148.891147732214 0.7537999999999999 0.11209999999999999 0.1341000000000001
-6004.083684564838 0.7537999999999999 0.13279999999999997 0.11340000000000011
-6011.373707697116 0.7537999999999999 0.15349999999999997 0.09270000000000012
-5937.287254088746 0.7537999999999999 0.17419999999999997 0.07200000000000012
-5987.017595069405 0.7537999999999999 0.19489999999999996 0.05130000000000012
-6104.690470927429 0.7537999999999999 0.21559999999999996 0.030600000000000127
-6348.656419638526 0.7745 0.05 0.17550000000000004
-6331.8797111786735 0.7745 0.0707 0.15480000000000005
-6240.1011363621365 0.7745 0.0914 0.13410000000000005
-6159.526645842135 0.7745 0.11209999999999999 0.11340000000000004
-6130.028085271072 0.7745 0.13279999999999997 0.09270000000000006
-6058.350443066136 0.7745 0.15349999999999997 0.07200000000000006
-6155.2016431286465 0.7745 0.17419999999999997 0.05130000000000007
-6185.34920085191 0.7745 0.19489999999999996 0.03060000000000007
