-4406.031662643811 0.36049999999999993 0.05 0.5895
-4346.261050991937 0.36049999999999993 0.0707 0.5688000000000001
-4296.301512578207 0.36049999999999993 0.0914 0.5481
-4276.6263007958405 0.36049999999999993 0.11209999999999999 0.5274000000000001
-4260.923919684294 0.36049999999999993 0.13279999999999997 0.5067000000000002
-4214.96106270709 0.36049999999999993 0.15349999999999997 0.4860000000000001
-4118.397904120919 0.36049999999999993 0.17419999999999997 0.4653000000000001
-4242.055515235823 0.36049999999999993 0.19489999999999996 0.4446000000000001
-3975.1594795920987 0.36049999999999993 0.21559999999999996 0.4239000000000001
-4005.2294108129463 0.36049999999999993 0.23629999999999995 0.4032000000000001
-4026.350977144908 0.36049999999999993 0.25699999999999995 0.3825000000000001
-3969.393266844852 0.36049999999999993 0.27769999999999995 0.3618000000000001
-4111.6321940226535 0.36049999999999993 0.29839999999999994 0.3411000000000001
-3942.4749569953246 0.36049999999999993 0.31909999999999994 0.32040000000000013
-3935.514877131188 0.36049999999999993 0.33979999999999994 0.29970000000000013
-3981.882166252113 0.36049999999999993 0.36049999999999993 0.27900000000000014
-3935.2413557874465 0.36049999999999993 0.38119999999999993 0.25830000000000014
-3887.6237327322647 0.36049999999999993 0.4018999999999999 0.23760000000000014
-3902.238769558693 0.36049999999999993 0.4225999999999999 0.21690000000000015
-3947.858873258022 0.36049999999999993 0.4432999999999999 0.19620000000000015
-3961.084154360734 0.36049999999999993 0.4639999999999999 0.17550000000000016
-3867.9336030715126 0.36049999999999993 0.4846999999999999 0.15480000000000016
-3815.2953646557985 0.36049999999999993 0.5054 0.1341000000000001
-3829.398898854067 0.36049999999999993 0.5260999999999999 0.11340000000000017
-3870.6350391438946 0.36049999999999993 0.5468 0.09270000000000012
-3844.92375070534 0.36049999999999993 0.5674999999999999 0.07200000000000017
-3997.9548578950626 0.36049999999999993 0.5882 0.05130000000000012
-3993.6954767644716 0.36049999999999993 0.6089 0.03060000000000007
-4532.465200479155 0.38119999999999993 0.05 0.5688
-4599.123089976726 0.38119999999999993 0.0707 0.5481
-4382.900835222756 0.38119999999999993 0.0914 0.5274
-4375.906912399517 0.38119999999999993 0.11209999999999999 0.5067
-4333.467817099683 0.38119999999999993 0.13279999999999997 0.48600000000000004
-4118.054505439397 0.38119999999999993 0.15349999999999997 0.46530000000000005
-4305.411549563106 0.38119999999999993 0.17419999999999997 0.44460000000000005
-4340.998861578127 0.38119999999999993 0.19489999999999996 0.42390000000000005
-4291.325638422803 0.38119999999999993 0.21559999999999996 0.40320000000000006
-4105.306169870285 0.38119999999999993 0.23629999999999995 0.38250000000000006
-4057.1613851470297 0.38119999999999993 0.25699999999999995 0.36180000000000007
-4179.545514132807 0.38119999999999993 0.27769999999999995 0.34110000000000007
-4013.947241035284 0.38119999999999993 0.29839999999999994 0.3204000000000001
-3977.8240655090476 0.38119999999999993 0.31909999999999994 0.2997000000000001
-4089.6014954136745 0.38119999999999993 0.33979999999999994 0.2790000000000001
-3981.8426276533796 0.38119999999999993 0.36049999999999993 0.2583000000000001
-3940.8172471022513 0.38119999999999993 0.38119999999999993 0.2376000000000001
-4033.537563132427 0.38119999999999993 0.4018999999999999 0.2169000000000001
-4033.48388495594 0.38119999999999993 0.4225999999999999 0.1962000000000001
-4045.6903986381317 0.38119999999999993 0.4432999999999999 0.1755000000000001
-4010.9852369763717 0.38119999999999993 0.4639999999999999 0.1548000000000001
-4077.8451458707823 0.38119999999999993 0.4846999999999999 0.1341000000000001
-4037.1759646462538 0.38119999999999993 0.5054 0.11340000000000006
-4020.9457121713444 0.38119999999999993 0.5260999999999999 0.09270000000000012
-3909.926737448093 0.38119999999999993 0.5468 0.07200000000000006
-4092.7915019401553 0.38119999999999993 0.5674999999999999 0.05130000000000012
-4134.30583169364 0.38119999999999993 0.5882 0.03060000000000007
-4658.933320208598 0.4018999999999999 0.05 0.5481
-4626.848708654 0.4018999999999999 0.0707 0.5274000000000001
-4621.179522208601 0.4018999999999999 0.0914 0.5067
-4424.004009577036 0.4018999999999999 0.11209999999999999 0.4860000000000001
-4417.604303459095 0.4018999999999999 0.13279999999999997 0.4653000000000001
-4444.180633585525 0.4018999999999999 0.15349999999999997 0.4446000000000001
-4327.85906804217 0.4018999999999999 0.17419999999999997 0.4239000000000001
-4306.073951026849 0.4018999999999999 0.19489999999999996 0.4032000000000001
-4169.8448243902585 0.4018999999999999 0.21559999999999996 0.3825000000000001
-4338.524422900659 0.4018999999999999 0.23629999999999995 0.3618000000000001
-4207.326857256635 0.4018999999999999 0.25699999999999995 0.3411000000000001
-4066.9851678992277 0.4018999999999999 0.27769999999999995 0.32040000000000013
-4239.497880584055 0.4018999999999999 0.29839999999999994 0.29970000000000013
-4166.1509067503 0.4018999999999999 0.31909999999999994 0.27900000000000014
-4041.5517825581633 0.4018999999999999 0.33979999999999994 0.25830000000000014
-4056.470546295914 0.4018999999999999 0.36049999999999993 0.23760000000000014
-4096.729331102899 0.4018999999999999 0.38119999999999993 0.21690000000000015
-4137.248507793075 0.4018999999999999 0.4018999999999999 0.19620000000000015
-4097.752936733826 0.4018999999999999 0.4225999999999999 0.17550000000000016
-4062.163340504024 0.4018999999999999 0.4432999999999999 0.15480000000000016
-4143.418762466155 0.4018999999999999 0.4639999999999999 0.13410000000000016
-4179.704744001456 0.4018999999999999 0.4846999999999999 0.11340000000000017
-4074.563267801614 0.4018999999999999 0.5054 0.09270000000000012
-4162.282220334452 0.4018999999999999 0.5260999999999999 0.07200000000000017
-4198.201222402685 0.4018999999999999 0.5468 0.05130000000000012
-4248.347063732646 0.4018999999999999 0.5674999999999999 0.030600000000000183
