-3559.4702598632466 0.17419999999999997 0.05 0.7758
-3517.485839638776 0.17419999999999997 0.0707 0.7551000000000001
-3529.772243576624 0.17419999999999997 0.0914 0.7344
-3543.0480973237914 0.17419999999999997 0.11209999999999999 0.7137000000000001
-3568.044338461091 0.17419999999999997 0.13279999999999997 0.6930000000000001
-3552.416818821689 0.17419999999999997 0.15349999999999997 0.6723000000000001
-3534.3390944778052 0.17419999999999997 0.17419999999999997 0.6516000000000002
-3536.6830576191105 0.17419999999999997 0.19489999999999996 0.6309000000000001
-3523.572237998587 0.17419999999999997 0.21559999999999996 0.6102000000000001
-3496.36862620678 0.17419999999999997 0.23629999999999995 0.5895000000000001
-3496.394037084197 0.17419999999999997 0.25699999999999995 0.5688000000000002
-3493.9488845738233 0.17419999999999997 0.27769999999999995 0.5481000000000001
-3474.5992415532605 0.17419999999999997 0.29839999999999994 0.5274000000000001
-3462.1475352821153 0.17419999999999997 0.31909999999999994 0.5067000000000002
-3442.080277196714 0.17419999999999997 0.33979999999999994 0.48600000000000015
-3426.2454172715543 0.17419999999999997 0.36049999999999993 0.46530000000000016
-3419.425217648086 0.17419999999999997 0.38119999999999993 0.44460000000000016
-3386.879703040632 0.17419999999999997 0.4018999999999999 0.42390000000000017
-3373.212071202407 0.17419999999999997 0.4225999999999999 0.40320000000000017
-3368.4456185327995 0.17419999999999997 0.4432999999999999 0.3825000000000002
-3343.2192883157345 0.17419999999999997 0.4639999999999999 0.3618000000000002
-3325.057445162252 0.17419999999999997 0.4846999999999999 0.3411000000000002
-3314.85088278904 0.17419999999999997 0.5054 0.32040000000000013
-3305.2579298984697 0.17419999999999997 0.5260999999999999 0.2997000000000002
-3287.467488941236 0.17419999999999997 0.5468 0.27900000000000014
-3278.234580206485 0.17419999999999997 0.5674999999999999 0.2583000000000002
-3267.336477102018 0.17419999999999997 0.5882 0.23760000000000014
-3244.7834654045064 0.17419999999999997 0.6089 0.2169000000000001
-3216.1448959386103 0.17419999999999997 0.6295999999999999 0.19620000000000015
-3204.5961875661383 0.17419999999999997 0.6502999999999999 0.1755000000000002
-3179.745425804373 0.17419999999999997 0.6709999999999999 0.15480000000000016
-3124.2684620361415 0.17419999999999997 0.6917 0.1341000000000001
-3106.9125402758746 0.17419999999999997 0.7123999999999999 0.11340000000000017
-3079.1654917390774 0.17419999999999997 0.7330999999999999 0.09270000000000023
-3096.2852150770746 0.17419999999999997 0.7537999999999999 0.07200000000000017
-3183.7767792190066 0.17419999999999997 0.7745 0.05130000000000012
-3129.2312056504425 0.17419999999999997 0.7951999999999999 0.030600000000000183
-3702.6882812113986 0.19489999999999996 0.05 0.7551
-3565.280164666005 0.19489999999999996 0.0707 0.7344
-3574.389919715693 0.19489999999999996 0.0914 0.7137
-3604.8880437260696 0.19489999999999996 0.11209999999999999 0.6930000000000001
-3588.863704989815 0.19489999999999996 0.13279999999999997 0.6723000000000001
-3578.4502255219336 0.19489999999999996 0.15349999999999997 0.6516000000000001
-3619.0073355354066 0.19489999999999996 0.17419999999999997 0.6309
-3570.6674752169097 0.19489999999999996 0.19489999999999996 0.6102000000000001
-3578.1533111823096 0.19489999999999996 0.21559999999999996 0.5895000000000001
-3553.2854745370796 0.19489999999999996 0.23629999999999995 0.5688000000000001
-3546.2278996824607 0.19489999999999996 0.25699999999999995 0.5481
-3538.2666166181784 0.19489999999999996 0.27769999999999995 0.5274000000000001
-3524.583574271109 0.19489999999999996 0.29839999999999994 0.5067000000000002
-3506.9226337404702 0.19489999999999996 0.31909999999999994 0.4860000000000001
-3497.1036637982584 0.19489999999999996 0.33979999999999994 0.4653000000000001
-3465.4526493470703 0.19489999999999996 0.36049999999999993 0.4446000000000001
-3471.039599863732 0.19489999999999996 0.38119999999999993 0.4239000000000001
-3454.700366103116 0.19489999999999996 0.4018999999999999 0.4032000000000001
-3431.0978930792608 0.19489999999999996 0.4225999999999999 0.3825000000000001
-3409.5240585689485 0.19489999999999996 0.4432999999999999 0.3618000000000001
-3398.6013057791138 0.19489999999999996 0.4639999999999999 0.3411000000000001
-3392.383640161153 0.19489999999999996 0.4846999999999999 0.32040000000000013
-3374.18676449991 0.19489999999999996 0.5054 0.2997000000000001
-3369.2319742971667 0.19489999999999996 0.5260999999999999 0.27900000000000014
-3352.2137695501337 0.19489999999999996 0.5468 0.2583000000000001
-3342.9915908712446 0.19489999999999996 0.5674999999999999 0.23760000000000014
-3327.5387961785505 0.19489999999999996 0.5882 0.2169000000000001
-3300.1544830728258 0.19489999999999996 0.6089 0.19620000000000004
-3244.001935028863 0.19489999999999996 0.6295999999999999 0.1755000000000001
-3259.3202183043786 0.19489999999999996 0.6502999999999999 0.15480000000000016
-3196.147419419963 0.19489999999999996 0.6709999999999999 0.1341000000000001
-3216.9081899297958 0.19489999999999996 0.6917 0.11340000000000006
-3192.173460027742 0.19489999999999996 0.7123999999999999 0.09270000000000012
-3110.682133206669 0.19489999999999996 0.7330999999999999 0.07200000000000017
-3223.3163030360333 0.19489999999999996 0.7537999999999999 0.05130000000000012
-3279.5248414555326 0.19489999999999996 0.7745 0.03060000000000007
-3641.5292564040687 0.21559999999999996 0.05 0.7343999999999999
-3692.3010585382785 0.21559999999999996 0.0707 0.7137
-3587.6309877078006 0.21559999999999996 0.0914 0.693
-3708.529001366288 0.21559999999999996 0.11209999999999999 0.6723
-3642.3559453612497 0.21559999999999996 0.13279999999999997 0.6516
-3600.2351954608544 0.21559999999999996 0.15349999999999997 0.6309
-3639.6215132011544 0.21559999999999996 0.17419999999999997 0.6102000000000001
-3609.239831265728 0.21559999999999996 0.19489999999999996 0.5895
-3624.99487142937 0.21559999999999996 0.21559999999999996 0.5688
-3594.2127056683325 0.21559999999999996 0.23629999999999995 0.5481
-3602.772901959304 0.21559999999999996 0.25699999999999995 0.5274000000000001
-3610.587889349901 0.21559999999999996 0.27769999999999995 0.5067
-3583.7517566984666 0.21559999999999996 0.29839999999999994 0.48600000000000004
-3561.0408467397924 0.21559999999999996 0.31909999999999994 0.46530000000000005
-3554.876513005325 0.21559999999999996 0.33979999999999994 0.44460000000000005
-3537.88202531251 0.21559999999999996 0.36049999999999993 0.42390000000000005
-3521.3487987085878 0.21559999999999996 0.38119999999999993 0.40320000000000006
-3501.16997163062 0.21559999999999996 0.4018999999999999 0.38250000000000006
-3494.3664122823025 0.21559999999999996 0.4225999999999999 0.36180000000000007
-3483.0266064609027 0.21559999999999996 0.4432999999999999 0.34110000000000007
-3483.355938991732 0.21559999999999996 0.4639999999999999 0.3204000000000001
-3449.4164637990048 0.21559999999999996 0.4846999999999999 0.2997000000000001
-3445.2603802684107 0.21559999999999996 0.5054 0.279
-3435.197340248761 0.21559999999999996 0.5260999999999999 0.2583000000000001
-3418.7876042761427 0.21559999999999996 0.5468 0.23760000000000003
-3393.839440016401 0.21559999999999996 0.5674999999999999 0.2169000000000001
-3388.1125072759846 0.21559999999999996 0.5882 0.19620000000000004
-3359.4166590116492 0.21559999999999996 0.6089 0.1755
-3277.8257462239694 0.21559999999999996 0.6295999999999999 0.15480000000000005
-3249.711846079033 0.21559999999999996 0.6502999999999999 0.1341000000000001
-3231.0389931618247 0.21559999999999996 0.6709999999999999 0.11340000000000006
-3214.710343882162 0.21559999999999996 0.6917 0.0927
-3287.869550978061 0.21559999999999996 0.7123999999999999 0.07200000000000006
-3307.144039436186 0.21559999999999996 0.7330999999999999 0.05130000000000012
-3356.5872821497624 0.21559999999999996 0.7537999999999999 0.03060000000000007
