-5102.113779047338 0.4846999999999999 0.05 0.4653000000000001
-5073.237950813966 0.4846999999999999 0.0707 0.4446000000000001
-5054.842467059328 0.4846999999999999 0.0914 0.4239000000000001
-5044.302503980266 0.4846999999999999 0.11209999999999999 0.4032000000000001
-5001.211750014534 0.4846999999999999 0.13279999999999997 0.3825000000000001
-4954.773197480096 0.4846999999999999 0.15349999999999997 0.3618000000000001
-4886.886622370701 0.4846999999999999 0.17419999999999997 0.3411000000000001
-4904.194713382169 0.4846999999999999 0.19489999999999996 0.32040000000000013
-4808.551877755771 0.4846999999999999 0.21559999999999996 0.29970000000000013
-4831.239601892332 0.4846999999999999 0.23629999999999995 0.27900000000000014
-4806.191431904972 0.4846999999999999 0.25699999999999995 0.25830000000000014
-4684.039547736479 0.4846999999999999 0.27769999999999995 0.23760000000000014
-4543.14332442312 0.4846999999999999 0.29839999999999994 0.21690000000000015
-4532.721177216812 0.4846999999999999 0.31909999999999994 0.19620000000000015
-4362.762855550859 0.4846999999999999 0.33979999999999994 0.17550000000000016
-4449.645889529965 0.4846999999999999 0.36049999999999993 0.15480000000000016
-4413.701987792794 0.4846999999999999 0.38119999999999993 0.13410000000000016
-4562.931075874255 0.4846999999999999 0.4018999999999999 0.11340000000000017
-4613.137310504167 0.4846999999999999 0.4225999999999999 0.09270000000000017
-4607.526068616046 0.4846999999999999 0.4432999999999999 0.07200000000000017
-4722.154669640466 0.4846999999999999 0.4639999999999999 0.05130000000000018
-4740.1317477109515 0.4846999999999999 0.4846999999999999 0.030600000000000183
-5167.571208305911 0.5054 0.05 0.44460000000000005
-5138.79862580872 0.5054 0.0707 0.42390000000000005
-5138.2934318578355 0.5054 0.0914 0.40320000000000006
-5114.662462158194 0.5054 0.11209999999999999 0.38250000000000006
-5098.631037683997 0.5054 0.13279999999999997 0.36180000000000007
-5019.399810049 0.5054 0.15349999999999997 0.34110000000000007
-5044.75125819488 0.5054 0.17419999999999997 0.3204000000000001
-5024.937863097242 0.5054 0.19489999999999996 0.2997000000000001
-4992.622257041752 0.5054 0.21559999999999996 0.2790000000000001
-4899.351529740743 0.5054 0.23629999999999995 0.2583000000000001
-4779.290541342515 0.5054 0.25699999999999995 0.2376000000000001
-4787.529840656716 0.5054 0.27769999999999995 0.2169000000000001
-4785.864638974053 0.5054 0.29839999999999994 0.1962000000000001
-4521.829089593016 0.5054 0.31909999999999994 0.1755000000000001
-4524.009525727062 0.5054 0.33979999999999994 0.1548000000000001
-4554.6634170328025 0.5054 0.36049999999999993 0.1341000000000001
-4464.421796063072 0.5054 0.38119999999999993 0.11340000000000011
-4695.700126040277 0.5054 0.4018999999999999 0.09270000000000012
-4679.316780169501 0.5054 0.4225999999999999 0.07200000000000012
-4817.905400444969 0.5054 0.4432999999999999 0.05130000000000012
-4785.138122114062 0.5054 0.4639999999999999 0.030600000000000127
-5290.583775711937 0.5260999999999999 0.05 0.4239000000000001
-5299.229467984353 0.5260999999999999 0.0707 0.4032000000000001
-5262.74456290395 0.5260999999999999 0.0914 0.3825000000000001
-5205.566903906133 0.5260999999999999 0.11209999999999999 0.3618000000000001
-5122.474533448259 0.5260999999999999 0.13279999999999997 0.3411000000000001
-5113.9803093863065 0.5260999999999999 0.15349999999999997 0.32040000000000013
-5136.839920254628 0.5260999999999999 0.17419999999999997 0.29970000000000013
-4988.658060008364 0.5260999999999999 0.19489999999999996 0.27900000000000014
-4950.092122903284 0.5260999999999999 0.21559999999999996 0.25830000000000014
-4931.535409639293 0.5260999999999999 0.23629999999999995 0.23760000000000014
-4799.366163623684 0.5260999999999999 0.25699999999999995 0.21690000000000015
-4773.561566085984 0.5260999999999999 0.27769999999999995 0.19620000000000015
-4472.796828309822 0.5260999999999999 0.29839999999999994 0.17550000000000016
-4358.568608467728 0.5260999999999999 0.31909999999999994 0.15480000000000016
-4376.524657051896 0.5260999999999999 0.33979999999999994 0.13410000000000016
-4436.466652510409 0.5260999999999999 0.36049999999999993 0.11340000000000017
-4529.091726348371 0.5260999999999999 0.38119999999999993 0.09270000000000017
-4726.587040882029 0.5260999999999999 0.4018999999999999 0.07200000000000017
-4812.0397113844065 0.5260999999999999 0.4225999999999999 0.05130000000000018
-4927.03745512255 0.5260999999999999 0.4432999999999999 0.030600000000000183
