-3782.8542220393274 0.23629999999999995 0.05 0.7137
-3646.103215933096 0.23629999999999995 0.0707 0.6930000000000001
-3668.852574100733 0.23629999999999995 0.0914 0.6723
-3654.3948465076046 0.23629999999999995 0.11209999999999999 0.6516000000000001
-3623.3386867204695 0.23629999999999995 0.13279999999999997 0.6309
-3715.2500206360196 0.23629999999999995 0.15349999999999997 0.6102000000000001
-3743.0009733907464 0.23629999999999995 0.17419999999999997 0.5895000000000001
-3704.962306994972 0.23629999999999995 0.19489999999999996 0.5688000000000001
-3680.349363800256 0.23629999999999995 0.21559999999999996 0.5481
-3646.9044123237577 0.23629999999999995 0.23629999999999995 0.5274000000000001
-3631.6088294333736 0.23629999999999995 0.25699999999999995 0.5067000000000002
-3657.7006046648967 0.23629999999999995 0.27769999999999995 0.4860000000000001
-3629.2913527324285 0.23629999999999995 0.29839999999999994 0.4653000000000001
-3618.5173636134314 0.23629999999999995 0.31909999999999994 0.4446000000000001
-3588.2008311678396 0.23629999999999995 0.33979999999999994 0.4239000000000001
-3594.8141094379757 0.23629999999999995 0.36049999999999993 0.4032000000000001
-3583.017133406276 0.23629999999999995 0.38119999999999993 0.3825000000000001
-3560.9662756798393 0.23629999999999995 0.4018999999999999 0.3618000000000001
-3561.4507088963846 0.23629999999999995 0.4225999999999999 0.3411000000000001
-3546.0165850003023 0.23629999999999995 0.4432999999999999 0.32040000000000013
-3507.903951285921 0.23629999999999995 0.4639999999999999 0.29970000000000013
-3512.159845233253 0.23629999999999995 0.4846999999999999 0.27900000000000014
-3497.899413124488 0.23629999999999995 0.5054 0.2583000000000001
-3484.637033037094 0.23629999999999995 0.5260999999999999 0.23760000000000014
-3454.649252576861 0.23629999999999995 0.5468 0.2169000000000001
-3431.176685914246 0.23629999999999995 0.5674999999999999 0.19620000000000015
-3375.541068249409 0.23629999999999995 0.5882 0.1755000000000001
-3307.751939778975 0.23629999999999995 0.6089 0.15480000000000005
-3332.753574275383 0.23629999999999995 0.6295999999999999 0.1341000000000001
-3310.6088991792344 0.23629999999999995 0.6502999999999999 0.11340000000000017
-3359.7483096090546 0.23629999999999995 0.6709999999999999 0.09270000000000012
-3306.2486290535057 0.23629999999999995 0.6917 0.07200000000000006
-3388.1126877787933 0.23629999999999995 0.7123999999999999 0.05130000000000012
-3400.0129034219367 0.23629999999999995 0.7330999999999999 0.030600000000000183
-3949.103205039298 0.25699999999999995 0.05 0.6930000000000001
-3714.398998926233 0.25699999999999995 0.0707 0.6723000000000001
-3745.8920524824975 0.25699999999999995 0.0914 0.6516000000000001
-3721.0145992424036 0.25699999999999995 0.11209999999999999 0.6309000000000001
-3637.1456270948092 0.25699999999999995 0.13279999999999997 0.6102000000000001
-3771.237155749035 0.25699999999999995 0.15349999999999997 0.5895000000000001
-3693.2217609129934 0.25699999999999995 0.17419999999999997 0.5688000000000002
-3723.0979117516604 0.25699999999999995 0.19489999999999996 0.5481000000000001
-3623.938794747577 0.25699999999999995 0.21559999999999996 0.5274000000000001
-3672.15763279053 0.25699999999999995 0.23629999999999995 0.5067000000000002
-3697.2369450470483 0.25699999999999995 0.25699999999999995 0.48600000000000015
-3735.0146304487357 0.25699999999999995 0.27769999999999995 0.46530000000000016
-3713.184607046559 0.25699999999999995 0.29839999999999994 0.44460000000000016
-3689.0743982248173 0.25699999999999995 0.31909999999999994 0.42390000000000017
-3649.393644360741 0.25699999999999995 0.33979999999999994 0.40320000000000017
-3682.766456280652 0.25699999999999995 0.36049999999999993 0.3825000000000002
-3638.156253873882 0.25699999999999995 0.38119999999999993 0.3618000000000002
-3602.651695538914 0.25699999999999995 0.4018999999999999 0.3411000000000002
-3604.7216339579772 0.25699999999999995 0.4225999999999999 0.3204000000000002
-3569.9212235346945 0.25699999999999995 0.4432999999999999 0.2997000000000002
-3589.7415944168697 0.25699999999999995 0.4639999999999999 0.2790000000000002
-3604.238789102311 0.25699999999999995 0.4846999999999999 0.2583000000000002
-3553.565092654969 0.25699999999999995 0.5054 0.23760000000000014
-3523.05333508804 0.25699999999999995 0.5260999999999999 0.2169000000000002
-3464.532500957662 0.25699999999999995 0.5468 0.19620000000000015
-3446.788677744294 0.25699999999999995 0.5674999999999999 0.1755000000000002
-3436.0986951328578 0.25699999999999995 0.5882 0.15480000000000016
-3409.054928152183 0.25699999999999995 0.6089 0.1341000000000001
-3358.6536146239564 0.25699999999999995 0.6295999999999999 0.11340000000000017
-3441.240982180961 0.25699999999999995 0.6502999999999999 0.09270000000000023
-3396.234820768267 0.25699999999999995 0.6709999999999999 0.07200000000000017
-3505.6171335294825 0.25699999999999995 0.6917 0.05130000000000012
-3550.5703335225057 0.25699999999999995 0.7123999999999999 0.030600000000000183
-4005.761470844632 0.27769999999999995 0.05 0.6723
-3930.0501538561016 0.27769999999999995 0.0707 0.6516000000000001
-3925.26142156603 0.27769999999999995 0.0914 0.6309
-3783.329223395965 0.27769999999999995 0.11209999999999999 0.6102000000000001
-3873.4724469039934 0.27769999999999995 0.13279999999999997 0.5895000000000001
-3724.929163405556 0.27769999999999995 0.15349999999999997 0.5688000000000001
-3870.632757024964 0.27769999999999995 0.17419999999999997 0.5481
-3802.3202987837544 0.27769999999999995 0.19489999999999996 0.5274000000000001
-3731.994219939532 0.27769999999999995 0.21559999999999996 0.5067000000000002
-3807.4823435002127 0.27769999999999995 0.23629999999999995 0.4860000000000001
-3762.9439459974665 0.27769999999999995 0.25699999999999995 0.4653000000000001
-3717.040648955704 0.27769999999999995 0.27769999999999995 0.4446000000000001
-3776.92411921573 0.27769999999999995 0.29839999999999994 0.4239000000000001
-3711.901767976784 0.27769999999999995 0.31909999999999994 0.4032000000000001
-3724.7030666932355 0.27769999999999995 0.33979999999999994 0.3825000000000001
-3696.429437432233 0.27769999999999995 0.36049999999999993 0.3618000000000001
-3739.6899077900257 0.27769999999999995 0.38119999999999993 0.3411000000000001
-3707.3651719593495 0.27769999999999995 0.4018999999999999 0.32040000000000013
-3647.0363588371465 0.27769999999999995 0.4225999999999999 0.29970000000000013
-3697.1428873912882 0.27769999999999995 0.4432999999999999 0.27900000000000014
-3694.688668458996 0.27769999999999995 0.4639999999999999 0.25830000000000014
-3608.7522239011564 0.27769999999999995 0.4846999999999999 0.23760000000000014
-3674.0948284365977 0.27769999999999995 0.5054 0.2169000000000001
-3507.370871208523 0.27769999999999995 0.5260999999999999 0.19620000000000015
-3561.4404895143302 0.27769999999999995 0.5468 0.1755000000000001
-3426.420113674742 0.27769999999999995 0.5674999999999999 0.15480000000000016
-3526.1143358636373 0.27769999999999995 0.5882 0.1341000000000001
-3508.7235811849855 0.27769999999999995 0.6089 0.11340000000000006
-3514.6194627214627 0.27769999999999995 0.6295999999999999 0.09270000000000012
-3526.5931136285935 0.27769999999999995 0.6502999999999999 0.07200000000000017
-3611.5691022118417 0.27769999999999995 0.6709999999999999 0.05130000000000012
-3660.102811194806 0.27769999999999995 0.6917 0.03060000000000007
