-5381.964566304891 0.5468 0.05 0.40320000000000006
-5371.8875207914025 0.5468 0.0707 0.38250000000000006
-5331.526988586605 0.5468 0.0914 0.36180000000000007
-5297.192241726664 0.5468 0.11209999999999999 0.34110000000000007
-5285.608579218836 0.5468 0.13279999999999997 0.3204000000000001
-5197.098613753077 0.5468 0.15349999999999997 0.2997000000000001
-5206.78655766881 0.5468 0.17419999999999997 0.2790000000000001
-5122.4558813486865 0.5468 0.19489999999999996 0.2583000000000001
-5157.369527028391 0.5468 0.21559999999999996 0.2376000000000001
-4964.99494946014 0.5468 0.23629999999999995 0.2169000000000001
-4821.396464174183 0.5468 0.25699999999999995 0.1962000000000001
-4723.53824044243 0.5468 0.27769999999999995 0.1755000000000001
-4602.499532724435 0.5468 0.29839999999999994 0.1548000000000001
-4676.816538213431 0.5468 0.31909999999999994 0.1341000000000001
-4676.087964093039 0.5468 0.33979999999999994 0.11340000000000011
-4590.081147336457 0.5468 0.36049999999999993 0.09270000000000012
-4727.787804902401 0.5468 0.38119999999999993 0.07200000000000012
-5036.8006789898345 0.5468 0.4018999999999999 0.05130000000000012
-5013.716360033419 0.5468 0.4225999999999999 0.030600000000000127
-5484.391628399573 0.5674999999999999 0.05 0.3825000000000001
-5433.800424570599 0.5674999999999999 0.0707 0.3618000000000001
-5414.305369886905 0.5674999999999999 0.0914 0.3411000000000001
-5375.748715488182 0.5674999999999999 0.11209999999999999 0.32040000000000013
-5327.194009913867 0.5674999999999999 0.13279999999999997 0.29970000000000013
-5234.751497463359 0.5674999999999999 0.15349999999999997 0.27900000000000014
-5039.683180517461 0.5674999999999999 0.17419999999999997 0.25830000000000014
-5007.822292200712 0.5674999999999999 0.19489999999999996 0.23760000000000014
-4992.946871871731 0.5674999999999999 0.21559999999999996 0.21690000000000015
-4786.306147878763 0.5674999999999999 0.23629999999999995 0.19620000000000015
-4789.49317231048 0.5674999999999999 0.25699999999999995 0.17550000000000016
-4807.422970855499 0.5674999999999999 0.27769999999999995 0.15480000000000016
-4715.510351071338 0.5674999999999999 0.29839999999999994 0.13410000000000016
-4639.639108280658 0.5674999999999999 0.31909999999999994 0.11340000000000017
-4669.223090702621 0.5674999999999999 0.33979999999999994 0.09270000000000017
-4654.588607891398 0.5674999999999999 0.36049999999999993 0.07200000000000017
-4911.137096809174 0.5674999999999999 0.38119999999999993 0.05130000000000018
-5127.925797134108 0.5674999999999999 0.4018999999999999 0.030600000000000183
-5567.156380176687 0.5882 0.05 0.36180000000000007
-5512.120147730066 0.5882 0.0707 0.34110000000000007
-5531.469759614827 0.5882 0.0914 0.3204000000000001
-5339.284828039812 0.5882 0.11209999999999999 0.2997000000000001
-5402.161611880168 0.5882 0.13279999999999997 0.2790000000000001
-5326.708172418329 0.5882 0.15349999999999997 0.2583000000000001
-5119.9791958639435 0.5882 0.17419999999999997 0.2376000000000001
-5057.4124057822955 0.5882 0.19489999999999996 0.2169000000000001
-4697.374846045912 0.5882 0.21559999999999996 0.1962000000000001
-4596.112399315049 0.5882 0.23629999999999995 0.1755000000000001
-4628.701957413452 0.5882 0.25699999999999995 0.1548000000000001
-4763.395352731114 0.5882 0.27769999999999995 0.1341000000000001
-4480.356235028031 0.5882 0.29839999999999994 0.11340000000000011
-4536.542799461989 0.5882 0.31909999999999994 0.09270000000000012
-4552.154080061472 0.5882 0.33979999999999994 0.07200000000000012
-5089.790204409936 0.5882 0.36049999999999993 0.05130000000000012
-5218.7408082127295 0.5882 0.38119999999999993 0.030600000000000127
