-4014.217756618776 0.17419999999999997 0.05 0.7758
-4034.796140616975 0.17419999999999997 0.0707 0.7551000000000001
-4054.938333593859 0.17419999999999997 0.0914 0.7344
-4074.6827154694324 0.17419999999999997 0.11209999999999999 0.7137000000000001
-4094.61228624006 0.17419999999999997 0.13279999999999997 0.6930000000000001
-4114.462215260807 0.17419999999999997 0.15349999999999997 0.6723000000000001
-4131.782568345635 0.17419999999999997 0.17419999999999997 0.6516000000000002
-4148.618795568979 0.17419999999999997 0.19489999999999996 0.6309000000000001
-4161.8393854197975 0.17419999999999997 0.21559999999999996 0.6102000000000001
-4167.839029768393 0.17419999999999997 0.23629999999999995 0.5895000000000001
-4172.270238733459 0.17419999999999997 0.25699999999999995 0.5688000000000002
-4172.800295367739 0.17419999999999997 0.27769999999999995 0.5481000000000001
-4169.674877330797 0.17419999999999997 0.29839999999999994 0.5274000000000001
-4165.702137513296 0.17419999999999997 0.31909999999999994 0.5067000000000002
-4162.3281863158 0.17419999999999997 0.33979999999999994 0.48600000000000015
-4154.66340160547 0.17419999999999997 0.36049999999999993 0.46530000000000016
-4146.7480664933855 0.17419999999999997 0.38119999999999993 0.44460000000000016
-4136.12050097427 0.17419999999999997 0.4018999999999999 0.42390000000000017
-4120.268852556402 0.17419999999999997 0.4225999999999999 0.40320000000000017
-4102.930658031151 0.17419999999999997 0.4432999999999999 0.3825000000000002
-4084.987701526343 0.17419999999999997 0.4639999999999999 0.3618000000000002
-4063.551665176303 0.17419999999999997 0.4846999999999999 0.3411000000000002
-4043.5460660109525 0.17419999999999997 0.5054 0.32040000000000013
-4017.6812699078387 0.17419999999999997 0.5260999999999999 0.2997000000000002
-3990.7336545394473 0.17419999999999997 0.5468 0.27900000000000014
-3961.5326885728737 0.17419999999999997 0.5674999999999999 0.2583000000000002
-3928.158968108036 0.17419999999999997 0.5882 0.23760000000000014
-3894.046584022479 0.17419999999999997 0.6089 0.2169000000000001
-3856.1136171103713 0.17419999999999997 0.6295999999999999 0.19620000000000015
-3817.3823023487585 0.17419999999999997 0.6502999999999999 0.1755000000000002
-3773.7197015968227 0.17419999999999997 0.6709999999999999 0.15480000000000016
-3726.6708580484733 0.17419999999999997 0.6917 0.1341000000000001
-3681.274722505376 0.17419999999999997 0.7123999999999999 0.11340000000000017
-3628.5164951667316 0.17419999999999997 0.7330999999999999 0.09270000000000023
-3572.507396709327 0.17419999999999997 0.7537999999999999 0.07200000000000017
-3516.0008317861607 0.17419999999999997 0.7745 0.05130000000000012
-3456.975268061497 0.17419999999999997 0.7951999999999999 0.030600000000000183
-4104.059492863142 0.19489999999999996 0.05 0.7551
-4124.038023794166 0.19489999999999996 0.0707 0.7344
-4145.042779848563 0.19489999999999996 0.0914 0.7137
-4164.143647985173 0.19489999999999996 0.11209999999999999 0.6930000000000001
-4184.570656574789 0.19489999999999996 0.13279999999999997 0.6723000000000001
-4202.851347817029 0.19489999999999996 0.15349999999999997 0.6516000000000001
-4219.812938494877 0.19489999999999996 0.17419999999999997 0.6309
-4235.364986058759 0.19489999999999996 0.19489999999999996 0.6102000000000001
-4247.101788370507 0.19489999999999996 0.21559999999999996 0.5895000000000001
-4251.741090118618 0.19489999999999996 0.23629999999999995 0.5688000000000001
-4253.942918442229 0.19489999999999996 0.25699999999999995 0.5481
-4254.031692518651 0.19489999999999996 0.27769999999999995 0.5274000000000001
-4250.061785387175 0.19489999999999996 0.29839999999999994 0.5067000000000002
-4246.585615302637 0.19489999999999996 0.31909999999999994 0.4860000000000001
-4240.5616779792135 0.19489999999999996 0.33979999999999994 0.4653000000000001
-4233.775638060365 0.19489999999999996 0.36049999999999993 0.4446000000000001
-4224.747225947866 0.19489999999999996 0.38119999999999993 0.4239000000000001
-4213.680261661846 0.19489999999999996 0.4018999999999999 0.4032000000000001
-4197.327101232133 0.19489999999999996 0.4225999999999999 0.3825000000000001
-4179.185575957017 0.19489999999999996 0.4432999999999999 0.3618000000000001
-4159.553759216272 0.19489999999999996 0.4639999999999999 0.3411000000000001
-4137.479859528965 0.19489999999999996 0.4846999999999999 0.32040000000000013
-4116.272770613781 0.19489999999999996 0.5054 0.2997000000000001
-4089.1381410032677 0.19489999999999996 0.5260999999999999 0.27900000000000014
-4064.2228963708203 0.19489999999999996 0.5468 0.2583000000000001
-4030.8940637013197 0.19489999999999996 0.5674999999999999 0.23760000000000014
-3997.3049240187484 0.19489999999999996 0.5882 0.2169000000000001
-3961.3602973221577 0.19489999999999996 0.6089 0.19620000000000004
-3922.9603152837435 0.19489999999999996 0.6295999999999999 0.1755000000000001
-3882.459419904474 0.19489999999999996 0.6502999999999999 0.15480000000000016
-3837.9888321796793 0.19489999999999996 0.6709999999999999 0.1341000000000001
-3793.076925420317 0.19489999999999996 0.6917 0.11340000000000006
-3746.0929588406757 0.19489999999999996 0.7123999999999999 0.09270000000000012
-3694.0844963133077 0.19489999999999996 0.7330999999999999 0.07200000000000017
-3638.0344308822077 0.19489999999999996 0.7537999999999999 0.05130000000000012
-3580.1211615067527 0.19489999999999996 0.7745 0.03060000000000007
-4192.052747729189 0.21559999999999996 0.05 0.7343999999999999
-4211.7216035777765 0.21559999999999996 0.0707 0.7137
-4231.6827390409735 0.21559999999999996 0.0914 0.693
-4251.933795657595 0.21559999999999996 0.11209999999999999 0.6723
-4270.558141928387 0.21559999999999996 0.13279999999999997 0.6516
-4289.739738610469 0.21559999999999996 0.15349999999999997 0.6309
-4304.9283011649795 0.21559999999999996 0.17419999999999997 0.6102000000000001
-4319.215294110331 0.21559999999999996 0.19489999999999996 0.5895
-4329.738733278633 0.21559999999999996 0.21559999999999996 0.5688
-4333.476227492212 0.21559999999999996 0.23629999999999995 0.5481
-4335.047948766336 0.21559999999999996 0.25699999999999995 0.5274000000000001
-4332.287877410939 0.21559999999999996 0.27769999999999995 0.5067
-4328.595571655977 0.21559999999999996 0.29839999999999994 0.48600000000000004
-4324.591938928365 0.21559999999999996 0.31909999999999994 0.46530000000000005
-4316.074983806499 0.21559999999999996 0.33979999999999994 0.44460000000000005
-4310.212540145186 0.21559999999999996 0.36049999999999993 0.42390000000000005
-4300.025934273608 0.21559999999999996 0.38119999999999993 0.40320000000000006
-4287.133041271563 0.21559999999999996 0.4018999999999999 0.38250000000000006
-4270.21410801444 0.21559999999999996 0.4225999999999999 0.36180000000000007
-4251.152891935529 0.21559999999999996 0.4432999999999999 0.34110000000000007
-4233.183140140383 0.21559999999999996 0.4639999999999999 0.3204000000000001
-4209.227895655444 0.21559999999999996 0.4846999999999999 0.2997000000000001
-4186.5236929964685 0.21559999999999996 0.5054 0.279
-4160.1083741651755 0.21559999999999996 0.5260999999999999 0.2583000000000001
-4131.109623983844 0.21559999999999996 0.5468 0.23760000000000003
-4100.068764728564 0.21559999999999996 0.5674999999999999 0.2169000000000001
-4064.422560651207 0.21559999999999996 0.5882 0.19620000000000004
-4028.1873936154025 0.21559999999999996 0.6089 0.1755
-3989.330860242202 0.21559999999999996 0.6295999999999999 0.15480000000000005
-3944.9980961959927 0.21559999999999996 0.6502999999999999 0.1341000000000001
-3901.593492624353 0.21559999999999996 0.6709999999999999 0.11340000000000006
-3855.1444131653343 0.21559999999999996 0.6917 0.0927
-3808.8462079259866 0.21559999999999996 0.7123999999999999 0.07200000000000006
-3756.8842674957978 0.21559999999999996 0.7330999999999999 0.05130000000000012
-3699.487373756894 0.21559999999999996 0.7537999999999999 0.03060000000000007
