-3748.3731563882798 0.11209999999999999 0.05 0.8379
-3768.617417409001 0.11209999999999999 0.0707 0.8172
-3790.1522956027775 0.11209999999999999 0.0914 0.7965
-3809.579725433839 0.11209999999999999 0.11209999999999999 0.7758
-3830.7990431360713 0.11209999999999999 0.13279999999999997 0.7551000000000001
-3850.2272809348137 0.11209999999999999 0.15349999999999997 0.7344
-3870.035248030117 0.11209999999999999 0.17419999999999997 0.7137
-3888.8957760281087 0.11209999999999999 0.19489999999999996 0.6930000000000001
-3906.7975341572296 0.11209999999999999 0.21559999999999996 0.6723000000000001
-3920.9348124782605 0.11209999999999999 0.23629999999999995 0.6516000000000001
-3928.003810979035 0.11209999999999999 0.25699999999999995 0.6309
-3931.1505192712802 0.11209999999999999 0.27769999999999995 0.6102000000000001
-3930.315818265537 0.11209999999999999 0.29839999999999994 0.5895000000000001
-3930.7453789548217 0.11209999999999999 0.31909999999999994 0.5688000000000001
-3926.6654606989814 0.11209999999999999 0.33979999999999994 0.5481
-3924.2489096422996 0.11209999999999999 0.36049999999999993 0.5274000000000001
-3918.554406509972 0.11209999999999999 0.38119999999999993 0.5067000000000002
-3908.4284274535767 0.11209999999999999 0.4018999999999999 0.4860000000000001
-3893.3075538967287 0.11209999999999999 0.4225999999999999 0.4653000000000001
-3876.759045638065 0.11209999999999999 0.4432999999999999 0.4446000000000001
-3860.6275608490096 0.11209999999999999 0.4639999999999999 0.4239000000000001
-3840.9903566312883 0.11209999999999999 0.4846999999999999 0.4032000000000001
-3823.3691356739055 0.11209999999999999 0.5054 0.38250000000000006
-3804.999047755042 0.11209999999999999 0.5260999999999999 0.3618000000000001
-3779.360621598973 0.11209999999999999 0.5468 0.34110000000000007
-3754.7389979217437 0.11209999999999999 0.5674999999999999 0.32040000000000013
-3723.0680074444385 0.11209999999999999 0.5882 0.2997000000000001
-3690.53821091483 0.11209999999999999 0.6089 0.279
-3656.027819722034 0.11209999999999999 0.6295999999999999 0.2583000000000001
-3621.0978870635604 0.11209999999999999 0.6502999999999999 0.23760000000000014
-3581.2517054038262 0.11209999999999999 0.6709999999999999 0.2169000000000001
-3536.627908177858 0.11209999999999999 0.6917 0.19620000000000004
-3491.4296271569756 0.11209999999999999 0.7123999999999999 0.1755000000000001
-3440.7179967073585 0.11209999999999999 0.7330999999999999 0.15480000000000016
-3383.8996324411437 0.11209999999999999 0.7537999999999999 0.1341000000000001
-3327.492996539102 0.11209999999999999 0.7745 0.11340000000000006
-3268.7940437300977 0.11209999999999999 0.7951999999999999 0.09270000000000012
-3211.376805896244 0.11209999999999999 0.8158999999999998 0.07200000000000017
-3153.621731917251 0.11209999999999999 0.8365999999999999 0.05130000000000012
-3093.347852891628 0.11209999999999999 0.8573 0.03060000000000007
-3838.5982354302646 0.13279999999999997 0.05 0.8171999999999999
-3859.455838119418 0.13279999999999997 0.0707 0.7965
-3880.2636810330177 0.13279999999999997 0.0914 0.7757999999999999
-3901.1428148871355 0.13279999999999997 0.11209999999999999 0.7551
-3921.377499324523 0.13279999999999997 0.13279999999999997 0.7343999999999999
-3939.393916034353 0.13279999999999997 0.15349999999999997 0.7137
-3958.595904440448 0.13279999999999997 0.17419999999999997 0.6930000000000001
-3976.8337507471774 0.13279999999999997 0.19489999999999996 0.6723
-3994.2153420080977 0.13279999999999997 0.21559999999999996 0.6516
-4006.256268497485 0.13279999999999997 0.23629999999999995 0.6309
-4011.723278464504 0.13279999999999997 0.25699999999999995 0.6102000000000001
-4013.902123842496 0.13279999999999997 0.27769999999999995 0.5895
-4012.88092614149 0.13279999999999997 0.29839999999999994 0.5688
-4009.051968457335 0.13279999999999997 0.31909999999999994 0.5481
-4007.0262481894056 0.13279999999999997 0.33979999999999994 0.5274000000000001
-4002.118603078075 0.13279999999999997 0.36049999999999993 0.5067
-3995.050254140454 0.13279999999999997 0.38119999999999993 0.48600000000000004
-3986.072093125866 0.13279999999999997 0.4018999999999999 0.46530000000000005
-3970.6536852285913 0.13279999999999997 0.4225999999999999 0.44460000000000005
-3954.6101799630114 0.13279999999999997 0.4432999999999999 0.42390000000000005
-3937.517181762464 0.13279999999999997 0.4639999999999999 0.40320000000000006
-3918.551211832871 0.13279999999999997 0.4846999999999999 0.38250000000000006
-3898.90039553271 0.13279999999999997 0.5054 0.3618
-3877.6195687762615 0.13279999999999997 0.5260999999999999 0.34110000000000007
-3852.9432750347573 0.13279999999999997 0.5468 0.3204
-3823.943608563859 0.13279999999999997 0.5674999999999999 0.2997000000000001
-3793.7032915810287 0.13279999999999997 0.5882 0.279
-3759.8550649621375 0.13279999999999997 0.6089 0.2583
-3724.8805734494454 0.13279999999999997 0.6295999999999999 0.23760000000000003
-3688.593567423265 0.13279999999999997 0.6502999999999999 0.2169000000000001
-3646.48996216706 0.13279999999999997 0.6709999999999999 0.19620000000000004
-3602.5086262166224 0.13279999999999997 0.6917 0.1755
-3557.0884573918265 0.13279999999999997 0.7123999999999999 0.15480000000000005
-3504.3151570312953 0.13279999999999997 0.7330999999999999 0.1341000000000001
-3449.3817788426063 0.13279999999999997 0.7537999999999999 0.11340000000000006
-3391.276390836103 0.13279999999999997 0.7745 0.0927
-3334.0374214487 0.13279999999999997 0.7951999999999999 0.07200000000000006
-3276.502990846109 0.13279999999999997 0.8158999999999998 0.05130000000000012
-3216.6910913840006 0.13279999999999997 0.8365999999999999 0.03060000000000007
-3925.56389614914 0.15349999999999997 0.05 0.7965
-3947.299578501436 0.15349999999999997 0.0707 0.7758
-3967.402645995293 0.15349999999999997 0.0914 0.7551
-3986.4755464349355 0.15349999999999997 0.11209999999999999 0.7344
-4007.3417406555604 0.15349999999999997 0.13279999999999997 0.7137
-4027.0026051166915 0.15349999999999997 0.15349999999999997 0.6930000000000001
-4045.3428122730647 0.15349999999999997 0.17419999999999997 0.6723000000000001
-4062.258592088365 0.15349999999999997 0.19489999999999996 0.6516000000000001
-4077.7546144203347 0.15349999999999997 0.21559999999999996 0.6309
-4087.5339280253247 0.15349999999999997 0.23629999999999995 0.6102000000000001
-4091.9744316549886 0.15349999999999997 0.25699999999999995 0.5895000000000001
-4093.277009288777 0.15349999999999997 0.27769999999999995 0.5688000000000001
-4091.357401484232 0.15349999999999997 0.29839999999999994 0.5481
-4089.517152342418 0.15349999999999997 0.31909999999999994 0.5274000000000001
-4083.8820850886223 0.15349999999999997 0.33979999999999994 0.5067000000000002
-4078.5365020347913 0.15349999999999997 0.36049999999999993 0.4860000000000001
-4071.2669622751596 0.15349999999999997 0.38119999999999993 0.4653000000000001
-4059.9843136126087 0.15349999999999997 0.4018999999999999 0.4446000000000001
-4045.987861998567 0.15349999999999997 0.4225999999999999 0.4239000000000001
-4029.200930343679 0.15349999999999997 0.4432999999999999 0.4032000000000001
-4010.475417407881 0.15349999999999997 0.4639999999999999 0.3825000000000001
-3992.7561070883357 0.15349999999999997 0.4846999999999999 0.3618000000000001
-3970.262933903714 0.15349999999999997 0.5054 0.34110000000000007
-3947.3280707118806 0.15349999999999997 0.5260999999999999 0.32040000000000013
-3922.1601950011195 0.15349999999999997 0.5468 0.2997000000000001
-3891.865281523077 0.15349999999999997 0.5674999999999999 0.27900000000000014
-3861.9648208718504 0.15349999999999997 0.5882 0.2583000000000001
-3826.615170585413 0.15349999999999997 0.6089 0.23760000000000003
-3791.106214432309 0.15349999999999997 0.6295999999999999 0.2169000000000001
-3751.994162628761 0.15349999999999997 0.6502999999999999 0.19620000000000015
-3710.478795295737 0.15349999999999997 0.6709999999999999 0.1755000000000001
-3665.95059947737 0.15349999999999997 0.6917 0.15480000000000005
-3618.1877459240186 0.15349999999999997 0.7123999999999999 0.1341000000000001
-3567.138033623154 0.15349999999999997 0.7330999999999999 0.11340000000000017
-3510.3333128034437 0.15349999999999997 0.7537999999999999 0.09270000000000012
-3453.608887133989 0.15349999999999997 0.7745 0.07200000000000006
-3396.2422936702897 0.15349999999999997 0.7951999999999999 0.05130000000000012
-3336.9136621586463 0.15349999999999997 0.8158999999999998 0.030600000000000183
