-4546.543389532998 0.29839999999999994 0.05 0.6516
-4565.543311730537 0.29839999999999994 0.0707 0.6309
-4584.822854276162 0.29839999999999994 0.0914 0.6102
-4602.32649740711 0.29839999999999994 0.11209999999999999 0.5895
-4619.569897247827 0.29839999999999994 0.13279999999999997 0.5688
-4634.58933317903 0.29839999999999994 0.15349999999999997 0.5481
-4646.722700285145 0.29839999999999994 0.17419999999999997 0.5274000000000001
-4657.121669813586 0.29839999999999994 0.19489999999999996 0.5067
-4658.774690291594 0.29839999999999994 0.21559999999999996 0.48600000000000004
-4657.905713270902 0.29839999999999994 0.23629999999999995 0.46530000000000005
-4656.08430847419 0.29839999999999994 0.25699999999999995 0.44460000000000005
-4649.017835572819 0.29839999999999994 0.27769999999999995 0.42390000000000005
-4642.434205544509 0.29839999999999994 0.29839999999999994 0.40320000000000006
-4635.273798158048 0.29839999999999994 0.31909999999999994 0.38250000000000006
-4626.130497409143 0.29839999999999994 0.33979999999999994 0.36180000000000007
-4614.377894472426 0.29839999999999994 0.36049999999999993 0.34110000000000007
-4604.726280979145 0.29839999999999994 0.38119999999999993 0.3204000000000001
-4586.92889232448 0.29839999999999994 0.4018999999999999 0.2997000000000001
-4566.777782384603 0.29839999999999994 0.4225999999999999 0.2790000000000001
-4546.464112914541 0.29839999999999994 0.4432999999999999 0.2583000000000001
-4523.138485811157 0.29839999999999994 0.4639999999999999 0.2376000000000001
-4496.99674864296 0.29839999999999994 0.4846999999999999 0.2169000000000001
-4468.570728813086 0.29839999999999994 0.5054 0.19620000000000004
-4439.174678053457 0.29839999999999994 0.5260999999999999 0.1755000000000001
-4406.287871499473 0.29839999999999994 0.5468 0.15480000000000005
-4369.185506282845 0.29839999999999994 0.5674999999999999 0.1341000000000001
-4332.73418620944 0.29839999999999994 0.5882 0.11340000000000006
-4292.4759870448615 0.29839999999999994 0.6089 0.0927
-4248.778884246638 0.29839999999999994 0.6295999999999999 0.07200000000000006
-4204.097033375599 0.29839999999999994 0.6502999999999999 0.05130000000000012
-4157.9488154498895 0.29839999999999994 0.6709999999999999 0.03060000000000007
-4633.639536480454 0.31909999999999994 0.05 0.6309
-4652.460859818631 0.31909999999999994 0.0707 0.6102000000000001
-4671.5280582207315 0.31909999999999994 0.0914 0.5895
-4689.194705471653 0.31909999999999994 0.11209999999999999 0.5688000000000001
-4704.386228846932 0.31909999999999994 0.13279999999999997 0.5481
-4718.817999088726 0.31909999999999994 0.15349999999999997 0.5274000000000001
-4730.992714860292 0.31909999999999994 0.17419999999999997 0.5067000000000002
-4738.270094251115 0.31909999999999994 0.19489999999999996 0.4860000000000001
-4739.787192946503 0.31909999999999994 0.21559999999999996 0.4653000000000001
-4738.0068563774075 0.31909999999999994 0.23629999999999995 0.4446000000000001
-4734.29204581002 0.31909999999999994 0.25699999999999995 0.4239000000000001
-4728.295519237928 0.31909999999999994 0.27769999999999995 0.4032000000000001
-4720.614669721943 0.31909999999999994 0.29839999999999994 0.3825000000000001
-4711.552228443654 0.31909999999999994 0.31909999999999994 0.3618000000000001
-4702.351312170393 0.31909999999999994 0.33979999999999994 0.3411000000000001
-4691.608516327296 0.31909999999999994 0.36049999999999993 0.32040000000000013
-4674.710512134435 0.31909999999999994 0.38119999999999993 0.29970000000000013
-4659.426414327813 0.31909999999999994 0.4018999999999999 0.27900000000000014
-4639.689941313159 0.31909999999999994 0.4225999999999999 0.25830000000000014
-4615.738756796346 0.31909999999999994 0.4432999999999999 0.23760000000000014
-4593.884856684528 0.31909999999999994 0.4639999999999999 0.21690000000000015
-4566.61523692449 0.31909999999999994 0.4846999999999999 0.19620000000000015
-4538.668893204924 0.31909999999999994 0.5054 0.1755000000000001
-4507.481079865695 0.31909999999999994 0.5260999999999999 0.15480000000000016
-4472.830565871486 0.31909999999999994 0.5468 0.1341000000000001
-4436.589875966685 0.31909999999999994 0.5674999999999999 0.11340000000000017
-4397.228179272376 0.31909999999999994 0.5882 0.09270000000000012
-4356.982565045823 0.31909999999999994 0.6089 0.07200000000000006
-4313.206274200196 0.31909999999999994 0.6295999999999999 0.05130000000000012
-4267.650805995051 0.31909999999999994 0.6502999999999999 0.030600000000000183
-4723.415911180431 0.33979999999999994 0.05 0.6102000000000001
-4742.474664339088 0.33979999999999994 0.0707 0.5895000000000001
-4760.206404235161 0.33979999999999994 0.0914 0.5688000000000001
-4776.75309532281 0.33979999999999994 0.11209999999999999 0.5481000000000001
-4792.518649250221 0.33979999999999994 0.13279999999999997 0.5274000000000001
-4806.507665707037 0.33979999999999994 0.15349999999999997 0.5067000000000002
-4816.601591452294 0.33979999999999994 0.17419999999999997 0.48600000000000015
-4823.664257584722 0.33979999999999994 0.19489999999999996 0.46530000000000016
-4821.422776316789 0.33979999999999994 0.21559999999999996 0.44460000000000016
-4819.035223875271 0.33979999999999994 0.23629999999999995 0.42390000000000017
-4816.28000190716 0.33979999999999994 0.25699999999999995 0.40320000000000017
-4807.79805374236 0.33979999999999994 0.27769999999999995 0.3825000000000002
-4799.323975939471 0.33979999999999994 0.29839999999999994 0.3618000000000002
-4791.063166833296 0.33979999999999994 0.31909999999999994 0.3411000000000002
-4778.330701974084 0.33979999999999994 0.33979999999999994 0.3204000000000002
-4766.780075844433 0.33979999999999994 0.36049999999999993 0.2997000000000002
-4751.157387269605 0.33979999999999994 0.38119999999999993 0.2790000000000002
-4735.007380180177 0.33979999999999994 0.4018999999999999 0.2583000000000002
-4714.299493688357 0.33979999999999994 0.4225999999999999 0.2376000000000002
-4691.496078404598 0.33979999999999994 0.4432999999999999 0.2169000000000002
-4666.254956616439 0.33979999999999994 0.4639999999999999 0.1962000000000002
-4639.849866924796 0.33979999999999994 0.4846999999999999 0.1755000000000002
-4609.835706993784 0.33979999999999994 0.5054 0.15480000000000016
-4577.919924351078 0.33979999999999994 0.5260999999999999 0.13410000000000022
-4542.725680053592 0.33979999999999994 0.5468 0.11340000000000017
-4504.262541800251 0.33979999999999994 0.5674999999999999 0.09270000000000023
-4465.539288813992 0.33979999999999994 0.5882 0.07200000000000017
-4425.101608818943 0.33979999999999994 0.6089 0.05130000000000012
-4380.04327364315 0.33979999999999994 0.6295999999999999 0.030600000000000183
