-6613.496921767039 0.7951999999999999 0.05 0.1548000000000001
-6620.139617082647 0.7951999999999999 0.0707 0.1341000000000001
-6613.76180554243 0.7951999999999999 0.0914 0.1134000000000001
-6606.117233299601 0.7951999999999999 0.11209999999999999 0.0927000000000001
-6591.932685911538 0.7951999999999999 0.13279999999999997 0.07200000000000012
-6578.699782012723 0.7951999999999999 0.15349999999999997 0.05130000000000012
-6567.1437013385585 0.7951999999999999 0.17419999999999997 0.030600000000000127
-6698.560589984615 0.8158999999999998 0.05 0.13410000000000016
-6701.071071300476 0.8158999999999998 0.0707 0.11340000000000015
-6693.228839372765 0.8158999999999998 0.0914 0.09270000000000016
-6683.029461398198 0.8158999999999998 0.11209999999999999 0.07200000000000016
-6667.460241042284 0.8158999999999998 0.13279999999999997 0.05130000000000018
-6656.4660168503115 0.8158999999999998 0.15349999999999997 0.030600000000000183
-6782.426615058435 0.8365999999999999 0.05 0.1134000000000001
-6782.087114292188 0.8365999999999999 0.0707 0.0927000000000001
-6771.928777500386 0.8365999999999999 0.0914 0.0720000000000001
-6759.1906348811335 0.8365999999999999 0.11209999999999999 0.05130000000000011
-6745.186446417202 0.8365999999999999 0.13279999999999997 0.030600000000000127
