-5333.142750647888 0.4846999999999999 0.05 0.4653000000000001
-5348.733910549954 0.4846999999999999 0.0707 0.4446000000000001
-5361.9132192722855 0.4846999999999999 0.0914 0.4239000000000001
-5376.714751477848 0.4846999999999999 0.11209999999999999 0.4032000000000001
-5386.636385630666 0.4846999999999999 0.13279999999999997 0.3825000000000001
-5392.626314636596 0.4846999999999999 0.15349999999999997 0.3618000000000001
-5393.8256199833795 0.4846999999999999 0.17419999999999997 0.3411000000000001
-5388.293821730506 0.4846999999999999 0.19489999999999996 0.32040000000000013
-5385.928062257015 0.4846999999999999 0.21559999999999996 0.29970000000000013
-5372.571348059696 0.4846999999999999 0.23629999999999995 0.27900000000000014
-5362.039840072945 0.4846999999999999 0.25699999999999995 0.25830000000000014
-5352.428633241484 0.4846999999999999 0.27769999999999995 0.23760000000000014
-5337.113546076896 0.4846999999999999 0.29839999999999994 0.21690000000000015
-5324.720523517446 0.4846999999999999 0.31909999999999994 0.19620000000000015
-5306.099891783361 0.4846999999999999 0.33979999999999994 0.17550000000000016
-5287.37444020544 0.4846999999999999 0.36049999999999993 0.15480000000000016
-5267.252377372145 0.4846999999999999 0.38119999999999993 0.13410000000000016
-5240.696053771463 0.4846999999999999 0.4018999999999999 0.11340000000000017
-5217.494564263632 0.4846999999999999 0.4225999999999999 0.09270000000000017
-5186.730164266502 0.4846999999999999 0.4432999999999999 0.07200000000000017
-5156.128101655553 0.4846999999999999 0.4639999999999999 0.05130000000000018
-5122.89416559623 0.4846999999999999 0.4846999999999999 0.030600000000000183
-5419.905224431308 0.5054 0.05 0.44460000000000005
-5434.602011146669 0.5054 0.0707 0.42390000000000005
-5448.4756950681785 0.5054 0.0914 0.40320000000000006
-5460.229734403341 0.5054 0.11209999999999999 0.38250000000000006
-5469.352730272277 0.5054 0.13279999999999997 0.36180000000000007
-5474.909417268201 0.5054 0.15349999999999997 0.34110000000000007
-5473.616739575154 0.5054 0.17419999999999997 0.3204000000000001
-5469.700126527501 0.5054 0.19489999999999996 0.2997000000000001
-5463.06298093506 0.5054 0.21559999999999996 0.2790000000000001
-5450.716473998552 0.5054 0.23629999999999995 0.2583000000000001
-5440.050200968983 0.5054 0.25699999999999995 0.2376000000000001
-5428.78932185285 0.5054 0.27769999999999995 0.2169000000000001
-5414.469691550568 0.5054 0.29839999999999994 0.1962000000000001
-5401.266636846447 0.5054 0.31909999999999994 0.1755000000000001
-5381.306571089635 0.5054 0.33979999999999994 0.1548000000000001
-5363.163526833738 0.5054 0.36049999999999993 0.1341000000000001
-5338.719940131895 0.5054 0.38119999999999993 0.11340000000000011
-5315.268217563461 0.5054 0.4018999999999999 0.09270000000000012
-5287.198527780452 0.5054 0.4225999999999999 0.07200000000000012
-5255.383628325889 0.5054 0.4432999999999999 0.05130000000000012
-5225.629678363269 0.5054 0.4639999999999999 0.030600000000000127
-5505.017705455395 0.5260999999999999 0.05 0.4239000000000001
-5521.1522968751 0.5260999999999999 0.0707 0.4032000000000001
-5532.606784770878 0.5260999999999999 0.0914 0.3825000000000001
-5544.6606425300515 0.5260999999999999 0.11209999999999999 0.3618000000000001
-5554.244551776231 0.5260999999999999 0.13279999999999997 0.3411000000000001
-5556.261939669936 0.5260999999999999 0.15349999999999997 0.32040000000000013
-5555.672954490176 0.5260999999999999 0.17419999999999997 0.29970000000000013
-5549.2790068888135 0.5260999999999999 0.19489999999999996 0.27900000000000014
-5540.598288719813 0.5260999999999999 0.21559999999999996 0.25830000000000014
-5527.672611759191 0.5260999999999999 0.23629999999999995 0.23760000000000014
-5517.236077657571 0.5260999999999999 0.25699999999999995 0.21690000000000015
-5506.203858813986 0.5260999999999999 0.27769999999999995 0.19620000000000015
-5490.686069337502 0.5260999999999999 0.29839999999999994 0.17550000000000016
-5475.4634121505405 0.5260999999999999 0.31909999999999994 0.15480000000000016
-5457.246505732008 0.5260999999999999 0.33979999999999994 0.13410000000000016
-5437.152163846747 0.5260999999999999 0.36049999999999993 0.11340000000000017
-5412.121856674188 0.5260999999999999 0.38119999999999993 0.09270000000000017
-5385.510127595448 0.5260999999999999 0.4018999999999999 0.07200000000000017
-5358.2457070525625 0.5260999999999999 0.4225999999999999 0.05130000000000018
-5325.439289243842 0.5260999999999999 0.4432999999999999 0.030600000000000183
