-5071.411447636276 0.4225999999999999 0.05 0.5274000000000001
-5088.669105798559 0.4225999999999999 0.0707 0.5067000000000002
-5105.492161971602 0.4225999999999999 0.0914 0.48600000000000015
-5119.2883199173875 0.4225999999999999 0.11209999999999999 0.46530000000000016
-5132.44974784996 0.4225999999999999 0.13279999999999997 0.44460000000000016
-5142.811067986918 0.4225999999999999 0.15349999999999997 0.42390000000000017
-5150.977525076626 0.4225999999999999 0.17419999999999997 0.40320000000000017
-5146.883444708247 0.4225999999999999 0.19489999999999996 0.3825000000000002
-5143.786584437932 0.4225999999999999 0.21559999999999996 0.3618000000000002
-5137.817728322841 0.4225999999999999 0.23629999999999995 0.3411000000000002
-5128.559698147621 0.4225999999999999 0.25699999999999995 0.3204000000000002
-5121.672502274631 0.4225999999999999 0.27769999999999995 0.2997000000000002
-5107.679447041227 0.4225999999999999 0.29839999999999994 0.2790000000000002
-5095.507293952977 0.4225999999999999 0.31909999999999994 0.2583000000000002
-5080.855244957502 0.4225999999999999 0.33979999999999994 0.2376000000000002
-5066.630308958091 0.4225999999999999 0.36049999999999993 0.2169000000000002
-5047.9610798239855 0.4225999999999999 0.38119999999999993 0.1962000000000002
-5025.01645743427 0.4225999999999999 0.4018999999999999 0.1755000000000002
-5000.770392730965 0.4225999999999999 0.4225999999999999 0.15480000000000022
-4974.321917708352 0.4225999999999999 0.4432999999999999 0.13410000000000022
-4947.724135855315 0.4225999999999999 0.4639999999999999 0.11340000000000022
-4915.636623831792 0.4225999999999999 0.4846999999999999 0.09270000000000023
-4881.408022685472 0.4225999999999999 0.5054 0.07200000000000017
-4845.84329386083 0.4225999999999999 0.5260999999999999 0.051300000000000234
-4808.199517663924 0.4225999999999999 0.5468 0.030600000000000183
-5161.310272572007 0.4432999999999999 0.05 0.5067
-5177.063532558414 0.4432999999999999 0.0707 0.4860000000000001
-5191.647033841063 0.4432999999999999 0.0914 0.4653000000000001
-5206.054140472305 0.4432999999999999 0.11209999999999999 0.4446000000000001
-5216.526188164435 0.4432999999999999 0.13279999999999997 0.4239000000000001
-5228.228337407582 0.4432999999999999 0.15349999999999997 0.4032000000000001
-5231.274046696135 0.4432999999999999 0.17419999999999997 0.3825000000000001
-5227.812032567309 0.4432999999999999 0.19489999999999996 0.3618000000000001
-5225.766327262015 0.4432999999999999 0.21559999999999996 0.3411000000000001
-5215.31526488942 0.4432999999999999 0.23629999999999995 0.32040000000000013
-5206.852025955054 0.4432999999999999 0.25699999999999995 0.29970000000000013
-5198.29549074578 0.4432999999999999 0.27769999999999995 0.27900000000000014
-5185.170816211433 0.4432999999999999 0.29839999999999994 0.25830000000000014
-5172.045782474902 0.4432999999999999 0.31909999999999994 0.23760000000000014
-5156.606435960232 0.4432999999999999 0.33979999999999994 0.21690000000000015
-5141.664847768909 0.4432999999999999 0.36049999999999993 0.19620000000000015
-5122.414607645296 0.4432999999999999 0.38119999999999993 0.17550000000000016
-5096.668792623551 0.4432999999999999 0.4018999999999999 0.15480000000000016
-5075.324493369886 0.4432999999999999 0.4225999999999999 0.13410000000000016
-5045.399419248542 0.4432999999999999 0.4432999999999999 0.11340000000000017
-5017.939014296587 0.4432999999999999 0.4639999999999999 0.09270000000000017
-4986.063904117246 0.4432999999999999 0.4846999999999999 0.07200000000000017
-4952.0645968191075 0.4432999999999999 0.5054 0.05130000000000012
-4914.565679077345 0.4432999999999999 0.5260999999999999 0.030600000000000183
-5246.179359653388 0.4639999999999999 0.05 0.48600000000000004
-5261.896728397227 0.4639999999999999 0.0707 0.46530000000000005
-5276.793461027871 0.4639999999999999 0.0914 0.44460000000000005
-5290.4918494162575 0.4639999999999999 0.11209999999999999 0.42390000000000005
-5301.887255225701 0.4639999999999999 0.13279999999999997 0.40320000000000006
-5310.971582913575 0.4639999999999999 0.15349999999999997 0.38250000000000006
-5312.182660232326 0.4639999999999999 0.17419999999999997 0.36180000000000007
-5308.567757961196 0.4639999999999999 0.19489999999999996 0.34110000000000007
-5302.750224232247 0.4639999999999999 0.21559999999999996 0.3204000000000001
-5295.797618344097 0.4639999999999999 0.23629999999999995 0.2997000000000001
-5284.587095784425 0.4639999999999999 0.25699999999999995 0.2790000000000001
-5274.799903012777 0.4639999999999999 0.27769999999999995 0.2583000000000001
-5262.653392710626 0.4639999999999999 0.29839999999999994 0.2376000000000001
-5250.006740190253 0.4639999999999999 0.31909999999999994 0.2169000000000001
-5233.541938885775 0.4639999999999999 0.33979999999999994 0.1962000000000001
-5216.67591577555 0.4639999999999999 0.36049999999999993 0.1755000000000001
-5194.603695338663 0.4639999999999999 0.38119999999999993 0.1548000000000001
-5170.021333481674 0.4639999999999999 0.4018999999999999 0.1341000000000001
-5144.798731031247 0.4639999999999999 0.4225999999999999 0.11340000000000011
-5117.773712410036 0.4639999999999999 0.4432999999999999 0.09270000000000012
-5086.024758085276 0.4639999999999999 0.4639999999999999 0.07200000000000012
-5052.892325757507 0.4639999999999999 0.4846999999999999 0.05130000000000012
-5018.568772074557 0.4639999999999999 0.5054 0.03060000000000007
