-4281.980961756284 0.23629999999999995 0.05 0.7137
-4301.951389314969 0.23629999999999995 0.0707 0.6930000000000001
-4321.64425868797 0.23629999999999995 0.0914 0.6723
-4340.973516376216 0.23629999999999995 0.11209999999999999 0.6516000000000001
-4359.930825379276 0.23629999999999995 0.13279999999999997 0.6309
-4376.2652699342625 0.23629999999999995 0.15349999999999997 0.6102000000000001
-4391.697666801833 0.23629999999999995 0.17419999999999997 0.5895000000000001
-4405.21419481425 0.23629999999999995 0.19489999999999996 0.5688000000000001
-4412.896858429513 0.23629999999999995 0.21559999999999996 0.5481
-4416.312659585296 0.23629999999999995 0.23629999999999995 0.5274000000000001
-4414.490633633079 0.23629999999999995 0.25699999999999995 0.5067000000000002
-4412.745201669538 0.23629999999999995 0.27769999999999995 0.4860000000000001
-4408.042137490303 0.23629999999999995 0.29839999999999994 0.4653000000000001
-4402.552528504318 0.23629999999999995 0.31909999999999994 0.4446000000000001
-4396.380021309971 0.23629999999999995 0.33979999999999994 0.4239000000000001
-4386.198993572055 0.23629999999999995 0.36049999999999993 0.4032000000000001
-4376.909985735783 0.23629999999999995 0.38119999999999993 0.3825000000000001
-4364.543792530493 0.23629999999999995 0.4018999999999999 0.3618000000000001
-4347.446839909719 0.23629999999999995 0.4225999999999999 0.3411000000000001
-4327.871078796203 0.23629999999999995 0.4432999999999999 0.32040000000000013
-4305.846045931881 0.23629999999999995 0.4639999999999999 0.29970000000000013
-4283.6879264545805 0.23629999999999995 0.4846999999999999 0.27900000000000014
-4259.553427180932 0.23629999999999995 0.5054 0.2583000000000001
-4230.263269841182 0.23629999999999995 0.5260999999999999 0.23760000000000014
-4202.260667679583 0.23629999999999995 0.5468 0.2169000000000001
-4166.939885890099 0.23629999999999995 0.5674999999999999 0.19620000000000015
-4133.896795290801 0.23629999999999995 0.5882 0.1755000000000001
-4095.068051483213 0.23629999999999995 0.6089 0.15480000000000005
-4055.5645413866755 0.23629999999999995 0.6295999999999999 0.1341000000000001
-4012.0596373678995 0.23629999999999995 0.6502999999999999 0.11340000000000017
-3966.5697988681814 0.23629999999999995 0.6709999999999999 0.09270000000000012
-3920.3253447212674 0.23629999999999995 0.6917 0.07200000000000006
-3873.710893388155 0.23629999999999995 0.7123999999999999 0.05130000000000012
-3820.7634613144924 0.23629999999999995 0.7330999999999999 0.030600000000000183
-4369.421123659668 0.25699999999999995 0.05 0.6930000000000001
-4389.553131964681 0.25699999999999995 0.0707 0.6723000000000001
-4408.890250158498 0.25699999999999995 0.0914 0.6516000000000001
-4427.751168862721 0.25699999999999995 0.11209999999999999 0.6309000000000001
-4445.4005173424775 0.25699999999999995 0.13279999999999997 0.6102000000000001
-4462.785580779107 0.25699999999999995 0.15349999999999997 0.5895000000000001
-4477.638763285701 0.25699999999999995 0.17419999999999997 0.5688000000000002
-4488.581970168615 0.25699999999999995 0.19489999999999996 0.5481000000000001
-4495.679546698724 0.25699999999999995 0.21559999999999996 0.5274000000000001
-4497.097509046952 0.25699999999999995 0.23629999999999995 0.5067000000000002
-4494.9602626468295 0.25699999999999995 0.25699999999999995 0.48600000000000015
-4491.620863935964 0.25699999999999995 0.27769999999999995 0.46530000000000016
-4486.278047939195 0.25699999999999995 0.29839999999999994 0.44460000000000016
-4479.586770475686 0.25699999999999995 0.31909999999999994 0.42390000000000017
-4472.329892843198 0.25699999999999995 0.33979999999999994 0.40320000000000017
-4462.480873736358 0.25699999999999995 0.36049999999999993 0.3825000000000002
-4451.443696773875 0.25699999999999995 0.38119999999999993 0.3618000000000002
-4437.41773067914 0.25699999999999995 0.4018999999999999 0.3411000000000002
-4419.403768775149 0.25699999999999995 0.4225999999999999 0.3204000000000002
-4399.754473679945 0.25699999999999995 0.4432999999999999 0.2997000000000002
-4377.828937667374 0.25699999999999995 0.4639999999999999 0.2790000000000002
-4353.826047841252 0.25699999999999995 0.4846999999999999 0.2583000000000002
-4328.296548618709 0.25699999999999995 0.5054 0.23760000000000014
-4300.315222512636 0.25699999999999995 0.5260999999999999 0.2169000000000002
-4268.237772629021 0.25699999999999995 0.5468 0.19620000000000015
-4234.631895917367 0.25699999999999995 0.5674999999999999 0.1755000000000002
-4199.031566708283 0.25699999999999995 0.5882 0.15480000000000016
-4159.99522450815 0.25699999999999995 0.6089 0.1341000000000001
-4118.334769368359 0.25699999999999995 0.6295999999999999 0.11340000000000017
-4074.641269674002 0.25699999999999995 0.6502999999999999 0.09270000000000023
-4029.6858480547435 0.25699999999999995 0.6709999999999999 0.07200000000000017
-3983.6551510397485 0.25699999999999995 0.6917 0.05130000000000012
-3936.1875710268764 0.25699999999999995 0.7123999999999999 0.030600000000000183
-4457.551251533762 0.27769999999999995 0.05 0.6723
-4477.559643968275 0.27769999999999995 0.0707 0.6516000000000001
-4496.4716366208695 0.27769999999999995 0.0914 0.6309
-4514.424393503567 0.27769999999999995 0.11209999999999999 0.6102000000000001
-4532.928975652606 0.27769999999999995 0.13279999999999997 0.5895000000000001
-4547.776542727582 0.27769999999999995 0.15349999999999997 0.5688000000000001
-4561.625825617586 0.27769999999999995 0.17419999999999997 0.5481
-4571.390915743075 0.27769999999999995 0.19489999999999996 0.5274000000000001
-4575.5999642662655 0.27769999999999995 0.21559999999999996 0.5067000000000002
-4575.529311129101 0.27769999999999995 0.23629999999999995 0.4860000000000001
-4574.005118030244 0.27769999999999995 0.25699999999999995 0.4653000000000001
-4570.20075234208 0.27769999999999995 0.27769999999999995 0.4446000000000001
-4563.606417287793 0.27769999999999995 0.29839999999999994 0.4239000000000001
-4556.498236784072 0.27769999999999995 0.31909999999999994 0.4032000000000001
-4548.3841002185045 0.27769999999999995 0.33979999999999994 0.3825000000000001
-4537.501114086363 0.27769999999999995 0.36049999999999993 0.3618000000000001
-4525.673522847894 0.27769999999999995 0.38119999999999993 0.3411000000000001
-4509.532501507648 0.27769999999999995 0.4018999999999999 0.32040000000000013
-4492.059463584734 0.27769999999999995 0.4225999999999999 0.29970000000000013
-4471.019673809899 0.27769999999999995 0.4432999999999999 0.27900000000000014
-4448.624439679313 0.27769999999999995 0.4639999999999999 0.25830000000000014
-4424.549993156208 0.27769999999999995 0.4846999999999999 0.23760000000000014
-4398.029812036595 0.27769999999999995 0.5054 0.2169000000000001
-4368.5381361657055 0.27769999999999995 0.5260999999999999 0.19620000000000015
-4336.487475977412 0.27769999999999995 0.5468 0.1755000000000001
-4302.981918333227 0.27769999999999995 0.5674999999999999 0.15480000000000016
-4263.82443468441 0.27769999999999995 0.5882 0.1341000000000001
-4225.35912729304 0.27769999999999995 0.6089 0.11340000000000006
-4182.200530591804 0.27769999999999995 0.6295999999999999 0.09270000000000012
-4138.895928418539 0.27769999999999995 0.6502999999999999 0.07200000000000017
-4093.083438026861 0.27769999999999995 0.6709999999999999 0.05130000000000012
-4045.3785889285045 0.27769999999999995 0.6917 0.03060000000000007
