-4639.768879471346 0.33849999999999997 0.001 0.6605
-4624.33664093752 0.33849999999999997 0.0235 0.638
-4611.514557036211 0.33849999999999997 0.046 0.6154999999999999
-4598.03457658575 0.33849999999999997 0.0685 0.593
-4585.257538000528 0.33849999999999997 0.091 0.5705
-4568.8779243756335 0.33849999999999997 0.11349999999999999 0.548
-4553.297841884062 0.33849999999999997 0.136 0.5255
-4536.071109739029 0.33849999999999997 0.1585 0.503
-4516.895534328846 0.33849999999999997 0.181 0.4805
-4499.632231813001 0.33849999999999997 0.2035 0.45799999999999996
-4481.603477983098 0.33849999999999997 0.22599999999999998 0.4355
-4464.4194975745295 0.33849999999999997 0.2485 0.413
-4446.9201206894 0.33849999999999997 0.271 0.39049999999999996
-4429.490224262972 0.33849999999999997 0.2935 0.368
-4411.528748612257 0.33849999999999997 0.316 0.3455
-4391.169177473006 0.33849999999999997 0.33849999999999997 0.323
-4370.825551332359 0.33849999999999997 0.361 0.3005
-4349.428517194356 0.33849999999999997 0.3835 0.27799999999999997
-4328.231453273668 0.33849999999999997 0.40599999999999997 0.2555
-4307.821161829899 0.33849999999999997 0.4285 0.23299999999999998
-4286.0264617304065 0.33849999999999997 0.45099999999999996 0.21050000000000002
-4265.002200635978 0.33849999999999997 0.4735 0.188
-4243.270607858708 0.33849999999999997 0.496 0.16549999999999998
-4219.148268551098 0.33849999999999997 0.5185 0.14300000000000002
-4194.182600367512 0.33849999999999997 0.541 0.12049999999999994
-4170.481345624384 0.33849999999999997 0.5635 0.09799999999999998
-4145.448071612813 0.33849999999999997 0.586 0.07550000000000001
-4120.08171817952 0.33849999999999997 0.6084999999999999 0.05300000000000005
-4095.0277079012462 0.33849999999999997 0.631 0.03049999999999997
-4062.724937366181 0.33849999999999997 0.661 0.0004999999999999449
-4734.579127236176 0.361 0.001 0.638
-4721.634974390155 0.361 0.0235 0.6155
-4708.158016518269 0.361 0.046 0.593
-4694.465468328033 0.361 0.0685 0.5705
-4677.869221679892 0.361 0.091 0.548
-4664.502331988172 0.361 0.11349999999999999 0.5255000000000001
-4646.3872299333825 0.361 0.136 0.503
-4630.280475363645 0.361 0.1585 0.48050000000000004
-4611.598034232002 0.361 0.181 0.458
-4595.328210236125 0.361 0.2035 0.4355
-4576.354585706897 0.361 0.22599999999999998 0.41300000000000003
-4558.648631892464 0.361 0.2485 0.3905
-4541.104885117976 0.361 0.271 0.368
-4524.114775343359 0.361 0.2935 0.34550000000000003
-4503.704880471411 0.361 0.316 0.323
-4484.126641625747 0.361 0.33849999999999997 0.30050000000000004
-4463.26765634867 0.361 0.361 0.278
-4442.025190892123 0.361 0.3835 0.2555
-4420.34034278915 0.361 0.40599999999999997 0.23300000000000004
-4399.400912451834 0.361 0.4285 0.21050000000000002
-4378.092044795022 0.361 0.45099999999999996 0.18800000000000006
-4356.434734475758 0.361 0.4735 0.16550000000000004
-4333.541323427349 0.361 0.496 0.14300000000000002
-4308.049681568814 0.361 0.5185 0.12050000000000005
-4284.639642776407 0.361 0.541 0.09799999999999998
-4259.824214668324 0.361 0.5635 0.07550000000000001
-4234.82534396087 0.361 0.586 0.05300000000000005
-4209.5188493072565 0.361 0.6084999999999999 0.030500000000000083
-4177.331303773994 0.361 0.638 0.0010000000000000009
-4828.6844701803 0.3835 0.001 0.6155
-4816.441273685789 0.3835 0.0235 0.5930000000000001
-4803.4976806645645 0.3835 0.046 0.5705
-4790.42138902751 0.3835 0.0685 0.548
-4774.729110518146 0.3835 0.091 0.5255000000000001
-4757.955288868122 0.3835 0.11349999999999999 0.5030000000000001
-4741.126000132318 0.3835 0.136 0.48050000000000004
-4722.533428731097 0.3835 0.1585 0.4580000000000001
-4703.996399846425 0.3835 0.181 0.43550000000000005
-4688.172364169679 0.3835 0.2035 0.41300000000000003
-4670.509540286943 0.3835 0.22599999999999998 0.39050000000000007
-4653.164557428178 0.3835 0.2485 0.36800000000000005
-4635.672921466261 0.3835 0.271 0.34550000000000003
-4615.77231145173 0.3835 0.2935 0.32300000000000006
-4595.7358956721955 0.3835 0.316 0.30050000000000004
-4576.664971847546 0.3835 0.33849999999999997 0.2780000000000001
-4555.533470416012 0.3835 0.361 0.25550000000000006
-4534.291690585863 0.3835 0.3835 0.23300000000000004
-4513.134292655289 0.3835 0.40599999999999997 0.21050000000000008
-4491.992216894203 0.3835 0.4285 0.18800000000000006
-4471.206191948489 0.3835 0.45099999999999996 0.1655000000000001
-4447.738446453239 0.3835 0.4735 0.14300000000000007
-4423.18310845385 0.3835 0.496 0.12050000000000005
-4398.953579590726 0.3835 0.5185 0.09800000000000009
-4373.9286069834325 0.3835 0.541 0.07550000000000001
-4348.900809184842 0.3835 0.5635 0.05300000000000005
-4323.890559747865 0.3835 0.586 0.030500000000000083
-4290.360347410347 0.3835 0.616 0.000500000000000056
