-4921.390303507339 0.40599999999999997 0.001 0.5930000000000001
-4910.909818458401 0.40599999999999997 0.0235 0.5705000000000001
-4898.406280447232 0.40599999999999997 0.046 0.548
-4882.507792516157 0.40599999999999997 0.0685 0.5255000000000001
-4869.345060167977 0.40599999999999997 0.091 0.5030000000000001
-4852.30497290461 0.40599999999999997 0.11349999999999999 0.4805000000000001
-4832.603116906093 0.40599999999999997 0.136 0.4580000000000001
-4817.089138081431 0.40599999999999997 0.1585 0.4355000000000001
-4799.7453741976815 0.40599999999999997 0.181 0.4130000000000001
-4781.939993142719 0.40599999999999997 0.2035 0.39050000000000007
-4764.656603162397 0.40599999999999997 0.22599999999999998 0.3680000000000001
-4746.8733616969685 0.40599999999999997 0.2485 0.3455000000000001
-4728.960077936979 0.40599999999999997 0.271 0.32300000000000006
-4709.675775413806 0.40599999999999997 0.2935 0.3005000000000001
-4689.761966643118 0.40599999999999997 0.316 0.2780000000000001
-4668.390657996148 0.40599999999999997 0.33849999999999997 0.2555000000000001
-4648.016684772538 0.40599999999999997 0.361 0.2330000000000001
-4626.467465764303 0.40599999999999997 0.3835 0.21050000000000008
-4605.245707507794 0.40599999999999997 0.40599999999999997 0.1880000000000001
-4584.531707965424 0.40599999999999997 0.4285 0.1655000000000001
-4562.587144413859 0.40599999999999997 0.45099999999999996 0.14300000000000013
-4537.121138113579 0.40599999999999997 0.4735 0.12050000000000011
-4514.157515992566 0.40599999999999997 0.496 0.09800000000000009
-4488.8432179442025 0.40599999999999997 0.5185 0.07550000000000012
-4463.985613103351 0.40599999999999997 0.541 0.05300000000000005
-4438.730598425178 0.40599999999999997 0.5635 0.030500000000000083
-4406.081514256983 0.40599999999999997 0.594 1.1102230246251565e-16
-5019.9870101091665 0.4285 0.001 0.5705
-5006.923562280983 0.4285 0.0235 0.548
-4993.483392896008 0.4285 0.046 0.5255
-4979.3243377971485 0.4285 0.0685 0.503
-4964.007797333653 0.4285 0.091 0.48050000000000004
-4944.322761019447 0.4285 0.11349999999999999 0.458
-4927.889720997963 0.4285 0.136 0.4355
-4910.362427430675 0.4285 0.1585 0.41300000000000003
-4893.990270929826 0.4285 0.181 0.3905
-4876.690475979466 0.4285 0.2035 0.368
-4858.390755861578 0.4285 0.22599999999999998 0.34550000000000003
-4841.182514604671 0.4285 0.2485 0.323
-4822.425509714141 0.4285 0.271 0.3005
-4802.5781674569425 0.4285 0.2935 0.278
-4782.720874103045 0.4285 0.316 0.2555
-4761.518009770702 0.4285 0.33849999999999997 0.23300000000000004
-4740.093371633148 0.4285 0.361 0.21050000000000002
-4718.819302310693 0.4285 0.3835 0.188
-4697.55133631221 0.4285 0.40599999999999997 0.16550000000000004
-4676.220821656856 0.4285 0.4285 0.14300000000000002
-4651.852004648675 0.4285 0.45099999999999996 0.12050000000000005
-4627.58142881016 0.4285 0.4735 0.09800000000000003
-4602.700412636543 0.4285 0.496 0.07550000000000001
-4577.803780319145 0.4285 0.5185 0.05300000000000005
-4552.710416714209 0.4285 0.541 0.03049999999999997
-4519.995666968892 0.4285 0.5710000000000001 0.0004999999999999449
-5115.652070159492 0.45099999999999996 0.001 0.548
-5101.9965698297765 0.45099999999999996 0.0235 0.5255000000000001
-5086.71132904336 0.45099999999999996 0.046 0.503
-5074.025726111493 0.45099999999999996 0.0685 0.48050000000000004
-5058.06327780321 0.45099999999999996 0.091 0.4580000000000001
-5039.3557416804215 0.45099999999999996 0.11349999999999999 0.43550000000000005
-5021.888531943935 0.45099999999999996 0.136 0.41300000000000003
-5005.307373552922 0.45099999999999996 0.1585 0.39050000000000007
-4987.909335794172 0.45099999999999996 0.181 0.36800000000000005
-4970.405905376112 0.45099999999999996 0.2035 0.34550000000000003
-4952.519575167137 0.45099999999999996 0.22599999999999998 0.32300000000000006
-4934.219462099878 0.45099999999999996 0.2485 0.30050000000000004
-4915.612874017958 0.45099999999999996 0.271 0.278
-4895.886638896754 0.45099999999999996 0.2935 0.25550000000000006
-4874.848590398422 0.45099999999999996 0.316 0.23300000000000004
-4853.844771494076 0.45099999999999996 0.33849999999999997 0.21050000000000008
-4832.313572599226 0.45099999999999996 0.361 0.18800000000000006
-4811.151405532441 0.45099999999999996 0.3835 0.16550000000000004
-4790.47195493543 0.45099999999999996 0.40599999999999997 0.14300000000000007
-4767.082010853639 0.45099999999999996 0.4285 0.12050000000000005
-4742.710254787429 0.45099999999999996 0.45099999999999996 0.09800000000000009
-4717.970475798487 0.45099999999999996 0.4735 0.07550000000000007
-4693.083256678248 0.45099999999999996 0.496 0.05300000000000005
-4667.836115741919 0.45099999999999996 0.5185 0.030500000000000083
-4635.454645089546 0.45099999999999996 0.548 0.0010000000000000009
