-6064.228187327173 0.6759999999999999 0.001 0.32300000000000006
-6050.938055196773 0.6759999999999999 0.0235 0.30050000000000004
-6032.173442634964 0.6759999999999999 0.046 0.2780000000000001
-6015.366223171297 0.6759999999999999 0.0685 0.25550000000000006
-5998.262690204599 0.6759999999999999 0.091 0.23300000000000007
-5982.230098159157 0.6759999999999999 0.11349999999999999 0.21050000000000008
-5964.956341975773 0.6759999999999999 0.136 0.18800000000000006
-5945.653405685611 0.6759999999999999 0.1585 0.16550000000000006
-5925.067312539686 0.6759999999999999 0.181 0.14300000000000007
-5903.674021216547 0.6759999999999999 0.2035 0.12050000000000008
-5882.8972384389235 0.6759999999999999 0.22599999999999998 0.09800000000000009
-5860.178999642758 0.6759999999999999 0.2485 0.07550000000000007
-5835.980613330184 0.6759999999999999 0.271 0.05300000000000005
-5811.698782859579 0.6759999999999999 0.2935 0.030500000000000083
-5778.73002384077 0.6759999999999999 0.324 5.551115123125783e-17
-6160.130739209771 0.6985 0.001 0.3005
-6143.416923506807 0.6985 0.0235 0.27799999999999997
-6126.403486460326 0.6985 0.046 0.2555
-6109.329091435653 0.6985 0.0685 0.23299999999999998
-6092.9952582758015 0.6985 0.091 0.2105
-6076.013576146052 0.6985 0.11349999999999999 0.188
-6058.218478895209 0.6985 0.136 0.16549999999999998
-6038.185788808226 0.6985 0.1585 0.143
-6017.102449363949 0.6985 0.181 0.1205
-5996.170701792546 0.6985 0.2035 0.098
-5975.864181062366 0.6985 0.22599999999999998 0.07550000000000001
-5951.320868831489 0.6985 0.2485 0.05299999999999999
-5926.62194161379 0.6985 0.271 0.03049999999999997
-5894.371623428239 0.6985 0.301 0.0005000000000000004
-6257.428221232738 0.721 0.001 0.278
-6240.389340919136 0.721 0.0235 0.2555
-6220.690305675504 0.721 0.046 0.23300000000000004
-6204.375096595041 0.721 0.0685 0.21050000000000002
-6187.644473736973 0.721 0.091 0.18800000000000003
-6170.574975181534 0.721 0.11349999999999999 0.16550000000000004
-6150.891075530185 0.721 0.136 0.14300000000000002
-6130.744055491807 0.721 0.1585 0.12050000000000002
-6110.282515524591 0.721 0.181 0.09800000000000003
-6088.769964098171 0.721 0.2035 0.07550000000000004
-6064.465143014812 0.721 0.22599999999999998 0.05300000000000005
-6040.445845798885 0.721 0.2485 0.030500000000000027
-6008.42136922818 0.721 0.278 0.0010000000000000009
