-3209.7486339306233 0.001 0.001 0.998
-3195.628945998462 0.001 0.0235 0.9755
-3182.1803261216533 0.001 0.046 0.953
-3168.60797209934 0.001 0.0685 0.9305
-3155.0458387415747 0.001 0.091 0.908
-3141.541037405977 0.001 0.11349999999999999 0.8855
-3127.2534646839167 0.001 0.136 0.863
-3113.7729171429723 0.001 0.1585 0.8405
-3100.1630071003087 0.001 0.181 0.8180000000000001
-3086.7175943950524 0.001 0.2035 0.7955
-3073.548706638339 0.001 0.22599999999999998 0.773
-3060.1138605079864 0.001 0.2485 0.7505
-3040.618144954738 0.001 0.271 0.728
-3024.712277876188 0.001 0.2935 0.7055
-3006.7540078872253 0.001 0.316 0.683
-2988.9909312093846 0.001 0.33849999999999997 0.6605000000000001
-2972.051717019211 0.001 0.361 0.638
-2953.6260710793786 0.001 0.3835 0.6154999999999999
-2935.0840349521386 0.001 0.40599999999999997 0.593
-2918.9959164695456 0.001 0.4285 0.5705
-2901.039126871189 0.001 0.45099999999999996 0.548
-2883.566211288664 0.001 0.4735 0.5255000000000001
-2864.843452063003 0.001 0.496 0.503
-2845.0152133929064 0.001 0.5185 0.48050000000000004
-2823.864326548302 0.001 0.541 0.45799999999999996
-2803.211717076943 0.001 0.5635 0.4355
-2781.044006175487 0.001 0.586 0.41300000000000003
-2760.008400378148 0.001 0.6084999999999999 0.39050000000000007
-2738.4227154213186 0.001 0.631 0.368
-2717.2873541963068 0.001 0.6535 0.34550000000000003
-2695.9692220269717 0.001 0.6759999999999999 0.32300000000000006
-2674.712901550042 0.001 0.6985 0.3005
-2653.3182717649365 0.001 0.721 0.278
-2633.222058686832 0.001 0.7434999999999999 0.25550000000000006
-2608.6359459359305 0.001 0.766 0.23299999999999998
-2583.4768059623816 0.001 0.7885 0.21050000000000002
-2558.3856895795047 0.001 0.8109999999999999 0.18800000000000006
-2533.917104380773 0.001 0.8335 0.16549999999999998
-2508.4678030521322 0.001 0.856 0.14300000000000002
-2483.223034989239 0.001 0.8785 0.12050000000000005
-2458.664038257937 0.001 0.9009999999999999 0.09800000000000009
-2434.0728784584962 0.001 0.9235 0.07550000000000001
-2408.60155773896 0.001 0.946 0.05300000000000005
-2384.150260040707 0.001 0.9684999999999999 0.030500000000000083
-2352.19372844203 0.001 0.998 0.0010000000000000009
-3304.3827890618318 0.0235 0.001 0.9755
-3291.7667909942697 0.0235 0.0235 0.9530000000000001
-3279.0314339915294 0.0235 0.046 0.9305
-3266.002773561044 0.0235 0.0685 0.908
-3252.8716845736167 0.0235 0.091 0.8855000000000001
-3239.221746913931 0.0235 0.11349999999999999 0.863
-3225.716945578117 0.0235 0.136 0.8405
-3211.9979859347773 0.0235 0.1585 0.8180000000000001
-3198.5886052162696 0.0235 0.181 0.7955000000000001
-3184.269184546609 0.0235 0.2035 0.773
-3169.809159822321 0.0235 0.22599999999999998 0.7505000000000001
-3153.1495068289846 0.0235 0.2485 0.728
-3135.8033086878663 0.0235 0.271 0.7055
-3118.2448532413996 0.0235 0.2935 0.683
-3099.800802391083 0.0235 0.316 0.6605000000000001
-3082.3189973713233 0.0235 0.33849999999999997 0.6380000000000001
-3065.818425597452 0.0235 0.361 0.6155
-3047.597534103967 0.0235 0.3835 0.593
-3029.1254166877006 0.0235 0.40599999999999997 0.5705
-3012.5101067124856 0.0235 0.4285 0.548
-2995.0022318591277 0.0235 0.45099999999999996 0.5255000000000001
-2974.3095421148264 0.0235 0.4735 0.5030000000000001
-2956.8449410147714 0.0235 0.496 0.48050000000000004
-2935.3486985191803 0.0235 0.5185 0.4580000000000001
-2914.2271116367583 0.0235 0.541 0.4355
-2893.699490916161 0.0235 0.5635 0.41300000000000003
-2871.3045462272275 0.0235 0.586 0.39050000000000007
-2849.8487071968016 0.0235 0.6084999999999999 0.3680000000000001
-2829.061875045479 0.0235 0.631 0.34550000000000003
-2806.4720689398014 0.0235 0.6535 0.32300000000000006
-2786.553300508216 0.0235 0.6759999999999999 0.3005000000000001
-2765.4702433617736 0.0235 0.6985 0.278
-2743.2112317389224 0.0235 0.721 0.25550000000000006
-2720.3964148534615 0.0235 0.7434999999999999 0.2330000000000001
-2695.5076309943556 0.0235 0.766 0.21050000000000002
-2670.602361484557 0.0235 0.7885 0.18800000000000006
-2645.4930823564564 0.0235 0.8109999999999999 0.1655000000000001
-2620.171155288684 0.0235 0.8335 0.14300000000000002
-2595.5620570185692 0.0235 0.856 0.12050000000000005
-2570.428765461904 0.0235 0.8785 0.09800000000000009
-2545.0291760024284 0.0235 0.9009999999999999 0.07550000000000012
-2520.5400092482673 0.0235 0.9235 0.05300000000000005
-2495.826927630899 0.0235 0.946 0.030500000000000083
-2463.236783645542 0.0235 0.976 0.000500000000000056
-3400.0585353873926 0.046 0.001 0.953
-3387.57430590694 0.046 0.0235 0.9305
-3375.05158117432 0.046 0.046 0.9079999999999999
-3362.1183433896276 0.046 0.0685 0.8855
-3349.6090677788247 0.046 0.091 0.863
-3336.5093821251994 0.046 0.11349999999999999 0.8405
-3323.1156903756723 0.046 0.136 0.818
-3309.8993756197965 0.046 0.1585 0.7955
-3295.618662137453 0.046 0.181 0.7729999999999999
-3283.0263943314458 0.046 0.2035 0.7505
-3264.4389308324367 0.046 0.22599999999999998 0.728
-3246.3501181547476 0.046 0.2485 0.7055
-3229.4335796946425 0.046 0.271 0.6829999999999999
-3212.0213652587513 0.046 0.2935 0.6605
-3193.968942237299 0.046 0.316 0.6379999999999999
-3176.6623041362996 0.046 0.33849999999999997 0.6154999999999999
-3158.54348649044 0.046 0.361 0.593
-3141.778113874168 0.046 0.3835 0.5705
-3124.0633989481507 0.046 0.40599999999999997 0.548
-3106.4294487310435 0.046 0.4285 0.5255
-3086.6830484198567 0.046 0.45099999999999996 0.503
-3065.7278784439045 0.046 0.4735 0.4805
-3046.9912732591893 0.046 0.496 0.45799999999999996
-3026.2379122926422 0.046 0.5185 0.4355
-3004.5175723801967 0.046 0.541 0.4129999999999999
-2984.243265287017 0.046 0.5635 0.39049999999999996
-2962.9561287263687 0.046 0.586 0.368
-2942.0680383766357 0.046 0.6084999999999999 0.34550000000000003
-2920.249553094602 0.046 0.631 0.32299999999999995
-2898.927492583878 0.046 0.6535 0.3005
-2878.1190444722156 0.046 0.6759999999999999 0.278
-2855.6094849296346 0.046 0.6985 0.25549999999999995
-2833.2078277923797 0.046 0.721 0.23299999999999998
-2808.119789838992 0.046 0.7434999999999999 0.21050000000000002
-2783.1223271433505 0.046 0.766 0.18799999999999994
-2757.079883938283 0.046 0.7885 0.16549999999999998
-2733.0211925585836 0.046 0.8109999999999999 0.14300000000000002
-2708.2547027431874 0.046 0.8335 0.12049999999999994
-2684.595922482248 0.046 0.856 0.09799999999999998
-2659.869444820062 0.046 0.8785 0.07550000000000001
-2634.371011478446 0.046 0.9009999999999999 0.05300000000000005
-2609.8662824205344 0.046 0.9235 0.03049999999999997
-2578.067323844861 0.046 0.9530000000000001 0.0009999999999998899
