-6919.5655132495385 0.8785 0.001 0.12050000000000005
-6898.754591180792 0.8785 0.0235 0.09800000000000006
-6879.517790380751 0.8785 0.046 0.07550000000000005
-6862.46996755232 0.8785 0.0685 0.05300000000000005
-6840.282517584621 0.8785 0.091 0.030500000000000055
-6809.183451129453 0.8785 0.121 0.000500000000000056
-7014.083664642845 0.9009999999999999 0.001 0.09800000000000009
-6993.339549590193 0.9009999999999999 0.0235 0.0755000000000001
-6974.100136740105 0.9009999999999999 0.046 0.05300000000000009
-6954.791039603208 0.9009999999999999 0.0685 0.030500000000000083
-6924.748757108933 0.9009999999999999 0.099 8.326672684688674e-17
-7108.56430175123 0.9235 0.001 0.07550000000000001
-7087.416218409677 0.9235 0.0235 0.05300000000000001
-7067.172498169729 0.9235 0.046 0.030500000000000013
-7037.526498777557 0.9235 0.076 0.0005000000000000143
