-6636.737971743593 0.8109999999999999 0.001 0.18800000000000006
-6615.5371906768405 0.8109999999999999 0.0235 0.16550000000000006
-6596.628462725148 0.8109999999999999 0.046 0.14300000000000007
-6581.746638156235 0.8109999999999999 0.0685 0.12050000000000005
-6562.857359931137 0.8109999999999999 0.091 0.09800000000000006
-6542.022403941987 0.8109999999999999 0.11349999999999999 0.07550000000000007
-6521.563416665563 0.8109999999999999 0.136 0.05300000000000005
-6497.845650941983 0.8109999999999999 0.1585 0.030500000000000055
-6465.9311194932725 0.8109999999999999 0.189 5.551115123125783e-17
-6730.8356883094775 0.8335 0.001 0.16549999999999998
-6709.758635556886 0.8335 0.0235 0.143
-6691.199231857971 0.8335 0.046 0.12049999999999998
-6675.746181826754 0.8335 0.0685 0.09799999999999998
-6655.419802139561 0.8335 0.091 0.07549999999999998
-6635.556730446947 0.8335 0.11349999999999999 0.05299999999999999
-6611.845843890839 0.8335 0.136 0.03049999999999997
-6580.480061764487 0.8335 0.166 0.0004999999999999727
-6825.162732963059 0.856 0.001 0.14300000000000002
-6804.198588307227 0.856 0.0235 0.12050000000000002
-6785.690061311411 0.856 0.046 0.09800000000000002
-6768.494923262316 0.856 0.0685 0.07550000000000001
-6748.157203525452 0.856 0.091 0.05300000000000002
-6726.663064933528 0.856 0.11349999999999999 0.030500000000000027
-6696.029415970252 0.856 0.14300000000000002 0.0010000000000000009
