-5780.875553295571 0.6084999999999999 0.001 0.39050000000000007
-5764.29513663791 0.6084999999999999 0.0235 0.36800000000000005
-5748.044014168429 0.6084999999999999 0.046 0.3455000000000001
-5732.754932994429 0.6084999999999999 0.0685 0.32300000000000006
-5715.443824666986 0.6084999999999999 0.091 0.3005000000000001
-5698.692062385914 0.6084999999999999 0.11349999999999999 0.2780000000000001
-5681.561063828906 0.6084999999999999 0.136 0.25550000000000006
-5664.794142261354 0.6084999999999999 0.1585 0.23300000000000007
-5646.945254364201 0.6084999999999999 0.181 0.21050000000000008
-5626.14331474574 0.6084999999999999 0.2035 0.18800000000000008
-5605.38811736579 0.6084999999999999 0.22599999999999998 0.1655000000000001
-5584.596853679438 0.6084999999999999 0.2485 0.14300000000000007
-5563.3086205007285 0.6084999999999999 0.271 0.12050000000000005
-5542.36835952114 0.6084999999999999 0.2935 0.09800000000000009
-5517.957352460706 0.6084999999999999 0.316 0.07550000000000007
-5493.717841646325 0.6084999999999999 0.33849999999999997 0.0530000000000001
-5468.651253384977 0.6084999999999999 0.361 0.030500000000000083
-5436.17097553551 0.6084999999999999 0.391 0.000500000000000056
-5874.293472287433 0.631 0.001 0.368
-5862.207149668456 0.631 0.0235 0.3455
-5842.327371484221 0.631 0.046 0.323
-5827.026477954243 0.631 0.0685 0.3005
-5810.372465216973 0.631 0.091 0.278
-5792.569037227634 0.631 0.11349999999999999 0.2555
-5776.258921173185 0.631 0.136 0.23299999999999998
-5758.773857736585 0.631 0.1585 0.2105
-5739.592745330499 0.631 0.181 0.188
-5719.219197664703 0.631 0.2035 0.1655
-5698.204772706549 0.631 0.22599999999999998 0.14300000000000002
-5676.982048754399 0.631 0.2485 0.1205
-5656.087069364488 0.631 0.271 0.09799999999999998
-5631.851356887194 0.631 0.2935 0.07550000000000001
-5607.572251393078 0.631 0.316 0.05299999999999999
-5583.053382247503 0.631 0.33849999999999997 0.030500000000000027
-5550.797932091029 0.631 0.368 0.0010000000000000009
-5971.11867550728 0.6535 0.001 0.34550000000000003
-5956.762453735663 0.6535 0.0235 0.323
-5939.84854145515 0.6535 0.046 0.30050000000000004
-5920.929928594559 0.6535 0.0685 0.278
-5904.303102853072 0.6535 0.091 0.25550000000000006
-5887.461749687258 0.6535 0.11349999999999999 0.23300000000000004
-5870.087967701417 0.6535 0.136 0.21050000000000002
-5852.343606823475 0.6535 0.1585 0.18800000000000003
-5832.420893112076 0.6535 0.181 0.16550000000000004
-5811.293026929958 0.6535 0.2035 0.14300000000000004
-5790.484929957788 0.6535 0.22599999999999998 0.12050000000000005
-5769.4416619736285 0.6535 0.2485 0.09800000000000003
-5746.804342767645 0.6535 0.271 0.07550000000000001
-5722.8884509091 0.6535 0.2935 0.05300000000000005
-5698.001006601792 0.6535 0.316 0.030500000000000027
-5665.465903500265 0.6535 0.34600000000000003 0.0005000000000000004
