-6101.388367634904 0.6709999999999999 0.05 0.2790000000000001
-6113.72848844885 0.6709999999999999 0.0707 0.2583000000000001
-6123.1272103791225 0.6709999999999999 0.0914 0.2376000000000001
-6125.8082223809915 0.6709999999999999 0.11209999999999999 0.2169000000000001
-6121.991694614012 0.6709999999999999 0.13279999999999997 0.1962000000000001
-6113.468953073883 0.6709999999999999 0.15349999999999997 0.1755000000000001
-6103.100773398594 0.6709999999999999 0.17419999999999997 0.1548000000000001
-6091.080862936963 0.6709999999999999 0.19489999999999996 0.1341000000000001
-6079.272366423513 0.6709999999999999 0.21559999999999996 0.11340000000000011
-6066.630178559262 0.6709999999999999 0.23629999999999995 0.09270000000000012
-6053.062432206275 0.6709999999999999 0.25699999999999995 0.07200000000000012
-6039.186807891809 0.6709999999999999 0.27769999999999995 0.05130000000000012
-6019.198350788681 0.6709999999999999 0.29839999999999994 0.030600000000000127
-6185.5852583292835 0.6917 0.05 0.25830000000000003
-6199.896358461727 0.6917 0.0707 0.23760000000000003
-6205.182118862865 0.6917 0.0914 0.21690000000000004
-6207.367481966684 0.6917 0.11209999999999999 0.19620000000000004
-6200.003164323898 0.6917 0.13279999999999997 0.17550000000000004
-6191.055893526736 0.6917 0.15349999999999997 0.15480000000000005
-6181.702707095936 0.6917 0.17419999999999997 0.13410000000000005
-6166.722328422497 0.6917 0.19489999999999996 0.11340000000000006
-6156.982784455762 0.6917 0.21559999999999996 0.09270000000000006
-6141.24433812919 0.6917 0.23629999999999995 0.07200000000000006
-6128.956755156132 0.6917 0.25699999999999995 0.05130000000000007
-6115.977839426025 0.6917 0.27769999999999995 0.03060000000000007
-6272.016457950663 0.7123999999999999 0.05 0.2376000000000001
-6283.2616002669165 0.7123999999999999 0.0707 0.2169000000000001
-6288.84776285404 0.7123999999999999 0.0914 0.1962000000000001
-6287.067925633973 0.7123999999999999 0.11209999999999999 0.1755000000000001
-6277.51286773761 0.7123999999999999 0.13279999999999997 0.1548000000000001
-6269.3088988913605 0.7123999999999999 0.15349999999999997 0.1341000000000001
-6258.290465513833 0.7123999999999999 0.17419999999999997 0.11340000000000011
-6245.089190398954 0.7123999999999999 0.19489999999999996 0.09270000000000012
-6233.417887070187 0.7123999999999999 0.21559999999999996 0.07200000000000012
-6217.0831744817615 0.7123999999999999 0.23629999999999995 0.05130000000000012
-6205.2783614236705 0.7123999999999999 0.25699999999999995 0.030600000000000127
