-6355.3650711903065 0.7330999999999999 0.05 0.21690000000000015
-6368.165037497373 0.7330999999999999 0.0707 0.19620000000000015
-6369.849672062194 0.7330999999999999 0.0914 0.17550000000000016
-6364.914498646139 0.7330999999999999 0.11209999999999999 0.15480000000000016
-6356.709383748964 0.7330999999999999 0.13279999999999997 0.13410000000000016
-6345.893795688385 0.7330999999999999 0.15349999999999997 0.11340000000000017
-6335.722426229121 0.7330999999999999 0.17419999999999997 0.09270000000000017
-6321.232399357547 0.7330999999999999 0.19489999999999996 0.07200000000000017
-6307.749751258419 0.7330999999999999 0.21559999999999996 0.05130000000000018
-6293.8864254674 0.7330999999999999 0.23629999999999995 0.030600000000000183
-6441.314214960971 0.7537999999999999 0.05 0.1962000000000001
-6450.418320680206 0.7537999999999999 0.0707 0.1755000000000001
-6449.778985064342 0.7537999999999999 0.0914 0.1548000000000001
-6445.639953599286 0.7537999999999999 0.11209999999999999 0.1341000000000001
-6433.884252663628 0.7537999999999999 0.13279999999999997 0.11340000000000011
-6423.944036233981 0.7537999999999999 0.15349999999999997 0.09270000000000012
-6411.921793733439 0.7537999999999999 0.17419999999999997 0.07200000000000012
-6397.010321597318 0.7537999999999999 0.19489999999999996 0.05130000000000012
-6385.619794404787 0.7537999999999999 0.21559999999999996 0.030600000000000127
-6525.345839205384 0.7745 0.05 0.17550000000000004
-6532.796421243511 0.7745 0.0707 0.15480000000000005
-6531.1090617894315 0.7745 0.0914 0.13410000000000005
-6522.973659090063 0.7745 0.11209999999999999 0.11340000000000004
-6513.008905160896 0.7745 0.13279999999999997 0.09270000000000006
-6499.846300650062 0.7745 0.15349999999999997 0.07200000000000006
-6487.476303682388 0.7745 0.17419999999999997 0.05130000000000007
-6473.724682407498 0.7745 0.19489999999999996 0.03060000000000007
