-4960.301577624836 0.4225999999999999 0.05 0.5274000000000001
-4957.862591045703 0.4225999999999999 0.0707 0.5067000000000002
-4966.178561146634 0.4225999999999999 0.0914 0.48600000000000015
-4958.671077420578 0.4225999999999999 0.11209999999999999 0.46530000000000016
-4959.432964169158 0.4225999999999999 0.13279999999999997 0.44460000000000016
-4949.851124775713 0.4225999999999999 0.15349999999999997 0.42390000000000017
-4936.474360965604 0.4225999999999999 0.17419999999999997 0.40320000000000017
-4899.013500158122 0.4225999999999999 0.19489999999999996 0.3825000000000002
-4885.2930815751415 0.4225999999999999 0.21559999999999996 0.3618000000000002
-4862.779478253442 0.4225999999999999 0.23629999999999995 0.3411000000000002
-4838.908871357849 0.4225999999999999 0.25699999999999995 0.3204000000000002
-4810.5404269660485 0.4225999999999999 0.27769999999999995 0.2997000000000002
-4777.980824981541 0.4225999999999999 0.29839999999999994 0.2790000000000002
-4757.695347464006 0.4225999999999999 0.31909999999999994 0.2583000000000002
-4728.766717836197 0.4225999999999999 0.33979999999999994 0.2376000000000002
-4706.121890862031 0.4225999999999999 0.36049999999999993 0.2169000000000002
-4684.909503883379 0.4225999999999999 0.38119999999999993 0.1962000000000002
-4649.876676212934 0.4225999999999999 0.4018999999999999 0.1755000000000002
-4627.487917102695 0.4225999999999999 0.4225999999999999 0.15480000000000022
-4598.939174766204 0.4225999999999999 0.4432999999999999 0.13410000000000022
-4572.242087072835 0.4225999999999999 0.4639999999999999 0.11340000000000022
-4545.0771537492 0.4225999999999999 0.4846999999999999 0.09270000000000023
-4519.8032048201285 0.4225999999999999 0.5054 0.07200000000000017
-4496.122528691483 0.4225999999999999 0.5260999999999999 0.051300000000000234
-4456.135053990154 0.4225999999999999 0.5468 0.030600000000000183
-5044.403502499704 0.4432999999999999 0.05 0.5067
-5044.474720635862 0.4432999999999999 0.0707 0.4860000000000001
-5045.351432786278 0.4432999999999999 0.0914 0.4653000000000001
-5043.691771837365 0.4432999999999999 0.11209999999999999 0.4446000000000001
-5033.011982473515 0.4432999999999999 0.13279999999999997 0.4239000000000001
-5030.375450090578 0.4432999999999999 0.15349999999999997 0.4032000000000001
-5009.422933490628 0.4432999999999999 0.17419999999999997 0.3825000000000001
-4979.552362412966 0.4432999999999999 0.19489999999999996 0.3618000000000001
-4961.596450900331 0.4432999999999999 0.21559999999999996 0.3411000000000001
-4935.017618850963 0.4432999999999999 0.23629999999999995 0.32040000000000013
-4909.427225507147 0.4432999999999999 0.25699999999999995 0.29970000000000013
-4884.090758733355 0.4432999999999999 0.27769999999999995 0.27900000000000014
-4857.592256962018 0.4432999999999999 0.29839999999999994 0.25830000000000014
-4832.929634798682 0.4432999999999999 0.31909999999999994 0.23760000000000014
-4804.923791471764 0.4432999999999999 0.33979999999999994 0.21690000000000015
-4779.769717296531 0.4432999999999999 0.36049999999999993 0.19620000000000015
-4754.03118456709 0.4432999999999999 0.38119999999999993 0.17550000000000016
-4725.834997174328 0.4432999999999999 0.4018999999999999 0.15480000000000016
-4700.125967436774 0.4432999999999999 0.4225999999999999 0.13410000000000016
-4672.229062412702 0.4432999999999999 0.4432999999999999 0.11340000000000017
-4646.613840758851 0.4432999999999999 0.4639999999999999 0.09270000000000017
-4621.8610992050235 0.4432999999999999 0.4846999999999999 0.07200000000000017
-4597.150622152893 0.4432999999999999 0.5054 0.05130000000000012
-4560.926855482043 0.4432999999999999 0.5260999999999999 0.030600000000000183
-5141.904981141846 0.4639999999999999 0.05 0.48600000000000004
-5144.250298124151 0.4639999999999999 0.0707 0.46530000000000005
-5130.482667109749 0.4639999999999999 0.0914 0.44460000000000005
-5132.231902980147 0.4639999999999999 0.11209999999999999 0.42390000000000005
-5131.494738473709 0.4639999999999999 0.13279999999999997 0.40320000000000006
-5116.820252184849 0.4639999999999999 0.15349999999999997 0.38250000000000006
-5095.1295258013815 0.4639999999999999 0.17419999999999997 0.36180000000000007
-5065.759265177625 0.4639999999999999 0.19489999999999996 0.34110000000000007
-5043.713585964917 0.4639999999999999 0.21559999999999996 0.3204000000000001
-5021.292659549446 0.4639999999999999 0.23629999999999995 0.2997000000000001
-4981.099054210271 0.4639999999999999 0.25699999999999995 0.2790000000000001
-4972.059318182875 0.4639999999999999 0.27769999999999995 0.2583000000000001
-4944.669546035322 0.4639999999999999 0.29839999999999994 0.2376000000000001
-4904.044706751594 0.4639999999999999 0.31909999999999994 0.2169000000000001
-4887.181836901309 0.4639999999999999 0.33979999999999994 0.1962000000000001
-4858.998882414066 0.4639999999999999 0.36049999999999993 0.1755000000000001
-4843.051536750033 0.4639999999999999 0.38119999999999993 0.1548000000000001
-4813.334212551959 0.4639999999999999 0.4018999999999999 0.1341000000000001
-4785.720316680246 0.4639999999999999 0.4225999999999999 0.11340000000000011
-4755.990923072111 0.4639999999999999 0.4432999999999999 0.09270000000000012
-4722.538180486905 0.4639999999999999 0.4639999999999999 0.07200000000000012
-4698.748179375631 0.4639999999999999 0.4846999999999999 0.05130000000000012
-4656.80081359526 0.4639999999999999 0.5054 0.03060000000000007
