-4167.567524336313 0.23629999999999995 0.05 0.7137
-4201.019705578672 0.23629999999999995 0.0707 0.6930000000000001
-4211.150831530727 0.23629999999999995 0.0914 0.6723
-4205.382031255906 0.23629999999999995 0.11209999999999999 0.6516000000000001
-4207.162742443978 0.23629999999999995 0.13279999999999997 0.6309
-4207.531780304843 0.23629999999999995 0.15349999999999997 0.6102000000000001
-4208.581263013782 0.23629999999999995 0.17419999999999997 0.5895000000000001
-4203.5322577399465 0.23629999999999995 0.19489999999999996 0.5688000000000001
-4199.081395548299 0.23629999999999995 0.21559999999999996 0.5481
-4168.3902679808325 0.23629999999999995 0.23629999999999995 0.5274000000000001
-4146.568219332992 0.23629999999999995 0.25699999999999995 0.5067000000000002
-4121.707190603668 0.23629999999999995 0.27769999999999995 0.4860000000000001
-4105.846666719717 0.23629999999999995 0.29839999999999994 0.4653000000000001
-4071.079951651825 0.23629999999999995 0.31909999999999994 0.4446000000000001
-4042.770060643584 0.23629999999999995 0.33979999999999994 0.4239000000000001
-4019.6531209587824 0.23629999999999995 0.36049999999999993 0.4032000000000001
-3997.865448133028 0.23629999999999995 0.38119999999999993 0.3825000000000001
-3966.2855698270746 0.23629999999999995 0.4018999999999999 0.3618000000000001
-3940.6662321920244 0.23629999999999995 0.4225999999999999 0.3411000000000001
-3918.229610476084 0.23629999999999995 0.4432999999999999 0.32040000000000013
-3893.3642856333336 0.23629999999999995 0.4639999999999999 0.29970000000000013
-3863.1432073326064 0.23629999999999995 0.4846999999999999 0.27900000000000014
-3842.1347341492474 0.23629999999999995 0.5054 0.2583000000000001
-3813.3901678428674 0.23629999999999995 0.5260999999999999 0.23760000000000014
-3784.5172043445205 0.23629999999999995 0.5468 0.2169000000000001
-3753.409985200726 0.23629999999999995 0.5674999999999999 0.19620000000000015
-3734.890808640986 0.23629999999999995 0.5882 0.1755000000000001
-3701.308902629096 0.23629999999999995 0.6089 0.15480000000000005
-3675.826238975063 0.23629999999999995 0.6295999999999999 0.1341000000000001
-3641.6417175272145 0.23629999999999995 0.6502999999999999 0.11340000000000017
-3618.1334788064855 0.23629999999999995 0.6709999999999999 0.09270000000000012
-3577.438035724549 0.23629999999999995 0.6917 0.07200000000000006
-3562.890223578805 0.23629999999999995 0.7123999999999999 0.05130000000000012
-3534.957324457489 0.23629999999999995 0.7330999999999999 0.030600000000000183
-4266.561382310689 0.25699999999999995 0.05 0.6930000000000001
-4274.32022436336 0.25699999999999995 0.0707 0.6723000000000001
-4279.301720526801 0.25699999999999995 0.0914 0.6516000000000001
-4283.16313444672 0.25699999999999995 0.11209999999999999 0.6309000000000001
-4287.033555368409 0.25699999999999995 0.13279999999999997 0.6102000000000001
-4281.209426159221 0.25699999999999995 0.15349999999999997 0.5895000000000001
-4281.426707997736 0.25699999999999995 0.17419999999999997 0.5688000000000002
-4275.447310212423 0.25699999999999995 0.19489999999999996 0.5481000000000001
-4267.031696280055 0.25699999999999995 0.21559999999999996 0.5274000000000001
-4238.909033947034 0.25699999999999995 0.23629999999999995 0.5067000000000002
-4217.729254511217 0.25699999999999995 0.25699999999999995 0.48600000000000015
-4196.305649064744 0.25699999999999995 0.27769999999999995 0.46530000000000016
-4166.122211766057 0.25699999999999995 0.29839999999999994 0.44460000000000016
-4144.007118837729 0.25699999999999995 0.31909999999999994 0.42390000000000017
-4113.2090010064185 0.25699999999999995 0.33979999999999994 0.40320000000000017
-4086.860461719468 0.25699999999999995 0.36049999999999993 0.3825000000000002
-4066.7255792743244 0.25699999999999995 0.38119999999999993 0.3618000000000002
-4041.1579638369803 0.25699999999999995 0.4018999999999999 0.3411000000000002
-4010.410067433867 0.25699999999999995 0.4225999999999999 0.3204000000000002
-3991.449413493445 0.25699999999999995 0.4432999999999999 0.2997000000000002
-3962.8358477955076 0.25699999999999995 0.4639999999999999 0.2790000000000002
-3930.8932309019965 0.25699999999999995 0.4846999999999999 0.2583000000000002
-3907.884224660143 0.25699999999999995 0.5054 0.23760000000000014
-3881.013970200165 0.25699999999999995 0.5260999999999999 0.2169000000000002
-3852.923917057037 0.25699999999999995 0.5468 0.19620000000000015
-3821.9785407700133 0.25699999999999995 0.5674999999999999 0.1755000000000002
-3794.967348388536 0.25699999999999995 0.5882 0.15480000000000016
-3771.041293232563 0.25699999999999995 0.6089 0.1341000000000001
-3744.8008665354646 0.25699999999999995 0.6295999999999999 0.11340000000000017
-3717.673711091537 0.25699999999999995 0.6502999999999999 0.09270000000000023
-3687.100359343433 0.25699999999999995 0.6709999999999999 0.07200000000000017
-3666.30806994754 0.25699999999999995 0.6917 0.05130000000000012
-3630.633036432299 0.25699999999999995 0.7123999999999999 0.030600000000000183
-4364.21008364635 0.27769999999999995 0.05 0.6723
-4369.774509522373 0.27769999999999995 0.0707 0.6516000000000001
-4370.293020188749 0.27769999999999995 0.0914 0.6309
-4369.9438933309575 0.27769999999999995 0.11209999999999999 0.6102000000000001
-4373.575654896283 0.27769999999999995 0.13279999999999997 0.5895000000000001
-4371.194083554431 0.27769999999999995 0.15349999999999997 0.5688000000000001
-4366.3123107463 0.27769999999999995 0.17419999999999997 0.5481
-4359.239964627695 0.27769999999999995 0.19489999999999996 0.5274000000000001
-4335.174753989315 0.27769999999999995 0.21559999999999996 0.5067000000000002
-4319.614039411636 0.27769999999999995 0.23629999999999995 0.4860000000000001
-4297.35112973591 0.27769999999999995 0.25699999999999995 0.4653000000000001
-4269.37729302545 0.27769999999999995 0.27769999999999995 0.4446000000000001
-4243.581222365854 0.27769999999999995 0.29839999999999994 0.4239000000000001
-4221.886018689413 0.27769999999999995 0.31909999999999994 0.4032000000000001
-4196.97474987312 0.27769999999999995 0.33979999999999994 0.3825000000000001
-4170.478633323631 0.27769999999999995 0.36049999999999993 0.3618000000000001
-4143.587324972478 0.27769999999999995 0.38119999999999993 0.3411000000000001
-4116.220820476961 0.27769999999999995 0.4018999999999999 0.32040000000000013
-4091.0798312309025 0.27769999999999995 0.4225999999999999 0.29970000000000013
-4064.7551212009885 0.27769999999999995 0.4432999999999999 0.27900000000000014
-4037.96097780049 0.27769999999999995 0.4639999999999999 0.25830000000000014
-4011.437113601259 0.27769999999999995 0.4846999999999999 0.23760000000000014
-3981.0833365474396 0.27769999999999995 0.5054 0.2169000000000001
-3958.2632900249064 0.27769999999999995 0.5260999999999999 0.19620000000000015
-3930.2454978444257 0.27769999999999995 0.5468 0.1755000000000001
-3911.4112028649733 0.27769999999999995 0.5674999999999999 0.15480000000000016
-3874.566924410288 0.27769999999999995 0.5882 0.1341000000000001
-3851.5840628125584 0.27769999999999995 0.6089 0.11340000000000006
-3815.9293717683076 0.27769999999999995 0.6295999999999999 0.09270000000000012
-3792.0940921586352 0.27769999999999995 0.6502999999999999 0.07200000000000017
-3760.8984584957466 0.27769999999999995 0.6709999999999999 0.05130000000000012
-3729.116655828549 0.27769999999999995 0.6917 0.03060000000000007
