-3431.6114830716515 0.11209999999999999 0.05 0.8379
-3610.477848942291 0.11209999999999999 0.0707 0.8172
-3571.995735066272 0.11209999999999999 0.0914 0.7965
-3701.737005065117 0.11209999999999999 0.11209999999999999 0.7758
-3708.129415130563 0.11209999999999999 0.13279999999999997 0.7551000000000001
-3708.3329078466572 0.11209999999999999 0.15349999999999997 0.7344
-3713.420571615698 0.11209999999999999 0.17419999999999997 0.7137
-3718.8442958491146 0.11209999999999999 0.19489999999999996 0.6930000000000001
-3714.1400211209443 0.11209999999999999 0.21559999999999996 0.6723000000000001
-3716.783305313532 0.11209999999999999 0.23629999999999995 0.6516000000000001
-3699.2333561084897 0.11209999999999999 0.25699999999999995 0.6309
-3671.5923521656127 0.11209999999999999 0.27769999999999995 0.6102000000000001
-3644.322975466425 0.11209999999999999 0.29839999999999994 0.5895000000000001
-3623.0913387547503 0.11209999999999999 0.31909999999999994 0.5688000000000001
-3597.5653405776648 0.11209999999999999 0.33979999999999994 0.5481
-3572.7712000431193 0.11209999999999999 0.36049999999999993 0.5274000000000001
-3547.6298271448836 0.11209999999999999 0.38119999999999993 0.5067000000000002
-3519.1592163109576 0.11209999999999999 0.4018999999999999 0.4860000000000001
-3498.2506889600386 0.11209999999999999 0.4225999999999999 0.4653000000000001
-3469.8789481607996 0.11209999999999999 0.4432999999999999 0.4446000000000001
-3444.885407354129 0.11209999999999999 0.4639999999999999 0.4239000000000001
-3417.799768188585 0.11209999999999999 0.4846999999999999 0.4032000000000001
-3393.852255539918 0.11209999999999999 0.5054 0.38250000000000006
-3367.5576680536715 0.11209999999999999 0.5260999999999999 0.3618000000000001
-3340.541499756957 0.11209999999999999 0.5468 0.34110000000000007
-3308.567901266251 0.11209999999999999 0.5674999999999999 0.32040000000000013
-3284.538838915623 0.11209999999999999 0.5882 0.2997000000000001
-3258.8041223498817 0.11209999999999999 0.6089 0.279
-3229.9830042940116 0.11209999999999999 0.6295999999999999 0.2583000000000001
-3201.372947759853 0.11209999999999999 0.6502999999999999 0.23760000000000014
-3176.0978451328638 0.11209999999999999 0.6709999999999999 0.2169000000000001
-3146.143773342923 0.11209999999999999 0.6917 0.19620000000000004
-3118.617989117665 0.11209999999999999 0.7123999999999999 0.1755000000000001
-3091.4756806360574 0.11209999999999999 0.7330999999999999 0.15480000000000016
-3069.086064250739 0.11209999999999999 0.7537999999999999 0.1341000000000001
-3039.5779359732364 0.11209999999999999 0.7745 0.11340000000000006
-3009.2269499576364 0.11209999999999999 0.7951999999999999 0.09270000000000012
-2982.552234278857 0.11209999999999999 0.8158999999999998 0.07200000000000017
-2954.6085432944283 0.11209999999999999 0.8365999999999999 0.05130000000000012
-2922.6391618978905 0.11209999999999999 0.8573 0.03060000000000007
-3661.086271536355 0.13279999999999997 0.05 0.8171999999999999
-3752.747221819068 0.13279999999999997 0.0707 0.7965
-3772.6808399422857 0.13279999999999997 0.0914 0.7757999999999999
-3779.1923558195463 0.13279999999999997 0.11209999999999999 0.7551
-3780.7173212023195 0.13279999999999997 0.13279999999999997 0.7343999999999999
-3765.7892619669974 0.13279999999999997 0.15349999999999997 0.7137
-3784.321631857302 0.13279999999999997 0.17419999999999997 0.6930000000000001
-3788.37154478426 0.13279999999999997 0.19489999999999996 0.6723
-3786.410255152272 0.13279999999999997 0.21559999999999996 0.6516
-3787.6366736666737 0.13279999999999997 0.23629999999999995 0.6309
-3764.134310099098 0.13279999999999997 0.25699999999999995 0.6102000000000001
-3735.392378593369 0.13279999999999997 0.27769999999999995 0.5895
-3712.265969762893 0.13279999999999997 0.29839999999999994 0.5688
-3689.888525888852 0.13279999999999997 0.31909999999999994 0.5481
-3659.8747321259784 0.13279999999999997 0.33979999999999994 0.5274000000000001
-3639.6218574933755 0.13279999999999997 0.36049999999999993 0.5067
-3616.646416152372 0.13279999999999997 0.38119999999999993 0.48600000000000004
-3590.6538637623244 0.13279999999999997 0.4018999999999999 0.46530000000000005
-3565.9253776573414 0.13279999999999997 0.4225999999999999 0.44460000000000005
-3535.1689044057266 0.13279999999999997 0.4432999999999999 0.42390000000000005
-3510.202622075039 0.13279999999999997 0.4639999999999999 0.40320000000000006
-3481.418121538583 0.13279999999999997 0.4846999999999999 0.38250000000000006
-3456.3436955136235 0.13279999999999997 0.5054 0.3618
-3431.118453200482 0.13279999999999997 0.5260999999999999 0.34110000000000007
-3405.1850427583217 0.13279999999999997 0.5468 0.3204
-3376.989633760577 0.13279999999999997 0.5674999999999999 0.2997000000000001
-3353.153333904061 0.13279999999999997 0.5882 0.279
-3326.0034469452166 0.13279999999999997 0.6089 0.2583
-3298.724273175701 0.13279999999999997 0.6295999999999999 0.23760000000000003
-3266.7057951974302 0.13279999999999997 0.6502999999999999 0.2169000000000001
-3241.9040877518737 0.13279999999999997 0.6709999999999999 0.19620000000000004
-3215.13947218475 0.13279999999999997 0.6917 0.1755
-3185.521416263676 0.13279999999999997 0.7123999999999999 0.15480000000000005
-3163.672013430178 0.13279999999999997 0.7330999999999999 0.1341000000000001
-3133.983798016526 0.13279999999999997 0.7537999999999999 0.11340000000000006
-3102.799352840546 0.13279999999999997 0.7745 0.0927
-3076.486703578727 0.13279999999999997 0.7951999999999999 0.07200000000000006
-3047.416487594468 0.13279999999999997 0.8158999999999998 0.05130000000000012
-3017.07932305778 0.13279999999999997 0.8365999999999999 0.03060000000000007
-3847.0620143282817 0.15349999999999997 0.05 0.7965
-3854.120468854805 0.15349999999999997 0.0707 0.7758
-3860.410099075325 0.15349999999999997 0.0914 0.7551
-3862.2442108755854 0.15349999999999997 0.11209999999999999 0.7344
-3864.7217358503867 0.15349999999999997 0.13279999999999997 0.7137
-3867.557628698991 0.15349999999999997 0.15349999999999997 0.6930000000000001
-3867.001630354676 0.15349999999999997 0.17419999999999997 0.6723000000000001
-3868.3308692374376 0.15349999999999997 0.19489999999999996 0.6516000000000001
-3870.7802913559885 0.15349999999999997 0.21559999999999996 0.6309
-3864.6070538371855 0.15349999999999997 0.23629999999999995 0.6102000000000001
-3840.9864127541873 0.15349999999999997 0.25699999999999995 0.5895000000000001
-3818.0622469424743 0.15349999999999997 0.27769999999999995 0.5688000000000001
-3786.6629852891697 0.15349999999999997 0.29839999999999994 0.5481
-3763.507196823546 0.15349999999999997 0.31909999999999994 0.5274000000000001
-3740.785317760377 0.15349999999999997 0.33979999999999994 0.5067000000000002
-3716.49907858801 0.15349999999999997 0.36049999999999993 0.4860000000000001
-3693.0528709855894 0.15349999999999997 0.38119999999999993 0.4653000000000001
-3668.032810370672 0.15349999999999997 0.4018999999999999 0.4446000000000001
-3644.0081436672076 0.15349999999999997 0.4225999999999999 0.4239000000000001
-3615.191426548063 0.15349999999999997 0.4432999999999999 0.4032000000000001
-3591.9484811692614 0.15349999999999997 0.4639999999999999 0.3825000000000001
-3560.1089292517327 0.15349999999999997 0.4846999999999999 0.3618000000000001
-3534.7555826426265 0.15349999999999997 0.5054 0.34110000000000007
-3506.850507912815 0.15349999999999997 0.5260999999999999 0.32040000000000013
-3482.632880445642 0.15349999999999997 0.5468 0.2997000000000001
-3451.6272047189345 0.15349999999999997 0.5674999999999999 0.27900000000000014
-3426.2070005280316 0.15349999999999997 0.5882 0.2583000000000001
-3398.637218804766 0.15349999999999997 0.6089 0.23760000000000003
-3371.494320276735 0.15349999999999997 0.6295999999999999 0.2169000000000001
-3343.1896973270764 0.15349999999999997 0.6502999999999999 0.19620000000000015
-3319.7673640814887 0.15349999999999997 0.6709999999999999 0.1755000000000001
-3288.5058504858707 0.15349999999999997 0.6917 0.15480000000000005
-3262.7704653091896 0.15349999999999997 0.7123999999999999 0.1341000000000001
-3234.4402314700465 0.15349999999999997 0.7330999999999999 0.11340000000000017
-3202.571183072514 0.15349999999999997 0.7537999999999999 0.09270000000000012
-3176.2736729312055 0.15349999999999997 0.7745 0.07200000000000006
-3152.6446828811636 0.15349999999999997 0.7951999999999999 0.05130000000000012
-3125.195184810065 0.15349999999999997 0.8158999999999998 0.030600000000000183
