-5223.223280162432 0.4846999999999999 0.05 0.4653000000000001
-5225.133781717006 0.4846999999999999 0.0707 0.4446000000000001
-5208.69884963903 0.4846999999999999 0.0914 0.4239000000000001
-5212.2280526323875 0.4846999999999999 0.11209999999999999 0.4032000000000001
-5210.386203467146 0.4846999999999999 0.13279999999999997 0.3825000000000001
-5190.014293488088 0.4846999999999999 0.15349999999999997 0.3618000000000001
-5177.523065018706 0.4846999999999999 0.17419999999999997 0.3411000000000001
-5145.389980225726 0.4846999999999999 0.19489999999999996 0.32040000000000013
-5128.340371701133 0.4846999999999999 0.21559999999999996 0.29970000000000013
-5092.034233072328 0.4846999999999999 0.23629999999999995 0.27900000000000014
-5067.605867485018 0.4846999999999999 0.25699999999999995 0.25830000000000014
-5039.824078050267 0.4846999999999999 0.27769999999999995 0.23760000000000014
-5009.684825497635 0.4846999999999999 0.29839999999999994 0.21690000000000015
-4993.582819792641 0.4846999999999999 0.31909999999999994 0.19620000000000015
-4960.061956513094 0.4846999999999999 0.33979999999999994 0.17550000000000016
-4939.240033790346 0.4846999999999999 0.36049999999999993 0.15480000000000016
-4917.954775501423 0.4846999999999999 0.38119999999999993 0.13410000000000016
-4887.761074445476 0.4846999999999999 0.4018999999999999 0.11340000000000017
-4856.144034576591 0.4846999999999999 0.4225999999999999 0.09270000000000017
-4831.639155705671 0.4846999999999999 0.4432999999999999 0.07200000000000017
-4800.511117043687 0.4846999999999999 0.4639999999999999 0.05130000000000018
-4784.246370588808 0.4846999999999999 0.4846999999999999 0.030600000000000183
-5305.240003757595 0.5054 0.05 0.44460000000000005
-5297.521947807263 0.5054 0.0707 0.42390000000000005
-5302.446104738437 0.5054 0.0914 0.40320000000000006
-5295.356830950677 0.5054 0.11209999999999999 0.38250000000000006
-5288.697096308205 0.5054 0.13279999999999997 0.36180000000000007
-5270.1190128594535 0.5054 0.15349999999999997 0.34110000000000007
-5246.694205254153 0.5054 0.17419999999999997 0.3204000000000001
-5215.278913641686 0.5054 0.19489999999999996 0.2997000000000001
-5189.915249579887 0.5054 0.21559999999999996 0.2790000000000001
-5171.951018347725 0.5054 0.23629999999999995 0.2583000000000001
-5145.680182457464 0.5054 0.25699999999999995 0.2376000000000001
-5120.62000778389 0.5054 0.27769999999999995 0.2169000000000001
-5092.612584797551 0.5054 0.29839999999999994 0.1962000000000001
-5065.019418347879 0.5054 0.31909999999999994 0.1755000000000001
-5037.808766385936 0.5054 0.33979999999999994 0.1548000000000001
-5014.835398965042 0.5054 0.36049999999999993 0.1341000000000001
-4994.399510714263 0.5054 0.38119999999999993 0.11340000000000011
-4965.770336901079 0.5054 0.4018999999999999 0.09270000000000012
-4937.280498692305 0.5054 0.4225999999999999 0.07200000000000012
-4907.431688502965 0.5054 0.4432999999999999 0.05130000000000012
-4880.70648412214 0.5054 0.4639999999999999 0.030600000000000127
-5406.070375527365 0.5260999999999999 0.05 0.4239000000000001
-5406.747068458253 0.5260999999999999 0.0707 0.4032000000000001
-5407.151659039201 0.5260999999999999 0.0914 0.3825000000000001
-5385.351118936064 0.5260999999999999 0.11209999999999999 0.3618000000000001
-5385.573130805397 0.5260999999999999 0.13279999999999997 0.3411000000000001
-5351.413986422049 0.5260999999999999 0.15349999999999997 0.32040000000000013
-5337.302795676877 0.5260999999999999 0.17419999999999997 0.29970000000000013
-5310.112574809001 0.5260999999999999 0.19489999999999996 0.27900000000000014
-5278.770904812341 0.5260999999999999 0.21559999999999996 0.25830000000000014
-5260.6378983055765 0.5260999999999999 0.23629999999999995 0.23760000000000014
-5229.457917261981 0.5260999999999999 0.25699999999999995 0.21690000000000015
-5203.459549937473 0.5260999999999999 0.27769999999999995 0.19620000000000015
-5189.40610055801 0.5260999999999999 0.29839999999999994 0.17550000000000016
-5148.935395852305 0.5260999999999999 0.31909999999999994 0.15480000000000016
-5125.408456655445 0.5260999999999999 0.33979999999999994 0.13410000000000016
-5096.650484159767 0.5260999999999999 0.36049999999999993 0.11340000000000017
-5054.474412834559 0.5260999999999999 0.38119999999999993 0.09270000000000017
-5040.891902395618 0.5260999999999999 0.4018999999999999 0.07200000000000017
-5007.418529247804 0.5260999999999999 0.4225999999999999 0.05130000000000018
-4991.284082988654 0.5260999999999999 0.4432999999999999 0.030600000000000183
