-4293.700316016084 0.23629999999999995 0.05 0.7137
-4314.704351307929 0.23629999999999995 0.0707 0.6930000000000001
-4335.213792167031 0.23629999999999995 0.0914 0.6723
-4354.476960111118 0.23629999999999995 0.11209999999999999 0.6516000000000001
-4374.907870017415 0.23629999999999995 0.13279999999999997 0.6309
-4391.432529286795 0.23629999999999995 0.15349999999999997 0.6102000000000001
-4406.780558199273 0.23629999999999995 0.17419999999999997 0.5895000000000001
-4420.527245115763 0.23629999999999995 0.19489999999999996 0.5688000000000001
-4430.438868815234 0.23629999999999995 0.21559999999999996 0.5481
-4430.720431499913 0.23629999999999995 0.23629999999999995 0.5274000000000001
-4431.909117302342 0.23629999999999995 0.25699999999999995 0.5067000000000002
-4429.667193574042 0.23629999999999995 0.27769999999999995 0.4860000000000001
-4423.511711214814 0.23629999999999995 0.29839999999999994 0.4653000000000001
-4418.545663562263 0.23629999999999995 0.31909999999999994 0.4446000000000001
-4411.018096148415 0.23629999999999995 0.33979999999999994 0.4239000000000001
-4401.398026162788 0.23629999999999995 0.36049999999999993 0.4032000000000001
-4391.975592677375 0.23629999999999995 0.38119999999999993 0.3825000000000001
-4374.899230389838 0.23629999999999995 0.4018999999999999 0.3618000000000001
-4357.445947634976 0.23629999999999995 0.4225999999999999 0.3411000000000001
-4336.578356214897 0.23629999999999995 0.4432999999999999 0.32040000000000013
-4315.426166124498 0.23629999999999995 0.4639999999999999 0.29970000000000013
-4291.981624845714 0.23629999999999995 0.4846999999999999 0.27900000000000014
-4267.023044644125 0.23629999999999995 0.5054 0.2583000000000001
-4239.219518700563 0.23629999999999995 0.5260999999999999 0.23760000000000014
-4208.173392220201 0.23629999999999995 0.5468 0.2169000000000001
-4172.243760927915 0.23629999999999995 0.5674999999999999 0.19620000000000015
-4137.196119761262 0.23629999999999995 0.5882 0.1755000000000001
-4098.344461676245 0.23629999999999995 0.6089 0.15480000000000005
-4056.9232833027736 0.23629999999999995 0.6295999999999999 0.1341000000000001
-4014.353817378426 0.23629999999999995 0.6502999999999999 0.11340000000000017
-3969.5199340911017 0.23629999999999995 0.6709999999999999 0.09270000000000012
-3922.250614939749 0.23629999999999995 0.6917 0.07200000000000006
-3875.658198649117 0.23629999999999995 0.7123999999999999 0.05130000000000012
-3822.064545865602 0.23629999999999995 0.7330999999999999 0.030600000000000183
-4382.273500595294 0.25699999999999995 0.05 0.6930000000000001
-4400.166482292368 0.25699999999999995 0.0707 0.6723000000000001
-4421.9104223145205 0.25699999999999995 0.0914 0.6516000000000001
-4441.239724773449 0.25699999999999995 0.11209999999999999 0.6309000000000001
-4460.5434375410205 0.25699999999999995 0.13279999999999997 0.6102000000000001
-4477.183374475803 0.25699999999999995 0.15349999999999997 0.5895000000000001
-4490.550491535671 0.25699999999999995 0.17419999999999997 0.5688000000000002
-4501.9261067863645 0.25699999999999995 0.19489999999999996 0.5481000000000001
-4508.950512901344 0.25699999999999995 0.21559999999999996 0.5274000000000001
-4510.730786390567 0.25699999999999995 0.23629999999999995 0.5067000000000002
-4510.320998363857 0.25699999999999995 0.25699999999999995 0.48600000000000015
-4507.203980060638 0.25699999999999995 0.27769999999999995 0.46530000000000016
-4501.036460389403 0.25699999999999995 0.29839999999999994 0.44460000000000016
-4494.635924076818 0.25699999999999995 0.31909999999999994 0.42390000000000017
-4485.9255120840935 0.25699999999999995 0.33979999999999994 0.40320000000000017
-4477.050035390108 0.25699999999999995 0.36049999999999993 0.3825000000000002
-4465.1684724500565 0.25699999999999995 0.38119999999999993 0.3618000000000002
-4450.783402302332 0.25699999999999995 0.4018999999999999 0.3411000000000002
-4429.776253991403 0.25699999999999995 0.4225999999999999 0.3204000000000002
-4410.5378385284 0.25699999999999995 0.4432999999999999 0.2997000000000002
-4385.938855739305 0.25699999999999995 0.4639999999999999 0.2790000000000002
-4361.755610460605 0.25699999999999995 0.4846999999999999 0.2583000000000002
-4334.612525046569 0.25699999999999995 0.5054 0.23760000000000014
-4308.434378048827 0.25699999999999995 0.5260999999999999 0.2169000000000002
-4274.505488011355 0.25699999999999995 0.5468 0.19620000000000015
-4240.050096450742 0.25699999999999995 0.5674999999999999 0.1755000000000002
-4201.649724806129 0.25699999999999995 0.5882 0.15480000000000016
-4162.562040300448 0.25699999999999995 0.6089 0.1341000000000001
-4121.474151506179 0.25699999999999995 0.6295999999999999 0.11340000000000017
-4077.606020503964 0.25699999999999995 0.6502999999999999 0.09270000000000023
-4032.7383242011574 0.25699999999999995 0.6709999999999999 0.07200000000000017
-3984.9547109185432 0.25699999999999995 0.6917 0.05130000000000012
-3937.227910454464 0.25699999999999995 0.7123999999999999 0.030600000000000183
-4468.524622188612 0.27769999999999995 0.05 0.6723
-4488.960445735265 0.27769999999999995 0.0707 0.6516000000000001
-4508.492593158517 0.27769999999999995 0.0914 0.6309
-4526.8441473921785 0.27769999999999995 0.11209999999999999 0.6102000000000001
-4546.205862847643 0.27769999999999995 0.13279999999999997 0.5895000000000001
-4562.273045496703 0.27769999999999995 0.15349999999999997 0.5688000000000001
-4575.266415930466 0.27769999999999995 0.17419999999999997 0.5481
-4584.768763108172 0.27769999999999995 0.19489999999999996 0.5274000000000001
-4591.494747924571 0.27769999999999995 0.21559999999999996 0.5067000000000002
-4590.926762750147 0.27769999999999995 0.23629999999999995 0.4860000000000001
-4587.230951615797 0.27769999999999995 0.25699999999999995 0.4653000000000001
-4584.069327871999 0.27769999999999995 0.27769999999999995 0.4446000000000001
-4578.600859818522 0.27769999999999995 0.29839999999999994 0.4239000000000001
-4570.673424601158 0.27769999999999995 0.31909999999999994 0.4032000000000001
-4562.25993098343 0.27769999999999995 0.33979999999999994 0.3825000000000001
-4551.8915597513 0.27769999999999995 0.36049999999999993 0.3618000000000001
-4538.24964797002 0.27769999999999995 0.38119999999999993 0.3411000000000001
-4521.783662613704 0.27769999999999995 0.4018999999999999 0.32040000000000013
-4502.620373918273 0.27769999999999995 0.4225999999999999 0.29970000000000013
-4480.597910666453 0.27769999999999995 0.4432999999999999 0.27900000000000014
-4456.792585377493 0.27769999999999995 0.4639999999999999 0.25830000000000014
-4431.278590233591 0.27769999999999995 0.4846999999999999 0.23760000000000014
-4404.982260521361 0.27769999999999995 0.5054 0.2169000000000001
-4375.103123587613 0.27769999999999995 0.5260999999999999 0.19620000000000015
-4340.5912293332885 0.27769999999999995 0.5468 0.1755000000000001
-4306.2864537578225 0.27769999999999995 0.5674999999999999 0.15480000000000016
-4266.447797309535 0.27769999999999995 0.5882 0.1341000000000001
-4227.543999877448 0.27769999999999995 0.6089 0.11340000000000006
-4185.4020238195835 0.27769999999999995 0.6295999999999999 0.09270000000000012
-4141.866983728749 0.27769999999999995 0.6502999999999999 0.07200000000000017
-4095.8316734712507 0.27769999999999995 0.6709999999999999 0.05130000000000012
-4047.2036566271113 0.27769999999999995 0.6917 0.03060000000000007
