-5341.4301653016355 0.4846999999999999 0.05 0.4653000000000001
-5360.364986228334 0.4846999999999999 0.0707 0.4446000000000001
-5373.0283509743285 0.4846999999999999 0.0914 0.4239000000000001
-5387.183509991129 0.4846999999999999 0.11209999999999999 0.4032000000000001
-5394.979702748402 0.4846999999999999 0.13279999999999997 0.3825000000000001
-5401.723537573333 0.4846999999999999 0.15349999999999997 0.3618000000000001
-5403.3954981409615 0.4846999999999999 0.17419999999999997 0.3411000000000001
-5396.6049766657015 0.4846999999999999 0.19489999999999996 0.32040000000000013
-5392.854179317636 0.4846999999999999 0.21559999999999996 0.29970000000000013
-5379.817185366414 0.4846999999999999 0.23629999999999995 0.27900000000000014
-5369.968417627195 0.4846999999999999 0.25699999999999995 0.25830000000000014
-5362.162001470558 0.4846999999999999 0.27769999999999995 0.23760000000000014
-5346.259161581269 0.4846999999999999 0.29839999999999994 0.21690000000000015
-5333.127572717532 0.4846999999999999 0.31909999999999994 0.19620000000000015
-5313.311173076456 0.4846999999999999 0.33979999999999994 0.17550000000000016
-5294.498107124807 0.4846999999999999 0.36049999999999993 0.15480000000000016
-5276.073534385192 0.4846999999999999 0.38119999999999993 0.13410000000000016
-5247.75806929445 0.4846999999999999 0.4018999999999999 0.11340000000000017
-5223.417890831473 0.4846999999999999 0.4225999999999999 0.09270000000000017
-5191.863165047967 0.4846999999999999 0.4432999999999999 0.07200000000000017
-5159.822252034402 0.4846999999999999 0.4639999999999999 0.05130000000000018
-5127.725764858615 0.4846999999999999 0.4846999999999999 0.030600000000000183
-5429.65796405774 0.5054 0.05 0.44460000000000005
-5445.64458920222 0.5054 0.0707 0.42390000000000005
-5459.093432313323 0.5054 0.0914 0.40320000000000006
-5469.948118931485 0.5054 0.11209999999999999 0.38250000000000006
-5477.725923328284 0.5054 0.13279999999999997 0.36180000000000007
-5484.413566673844 0.5054 0.15349999999999997 0.34110000000000007
-5482.090255815149 0.5054 0.17419999999999997 0.3204000000000001
-5477.344221454813 0.5054 0.19489999999999996 0.2997000000000001
-5468.799838195694 0.5054 0.21559999999999996 0.2790000000000001
-5456.381752380031 0.5054 0.23629999999999995 0.2583000000000001
-5447.6911676652635 0.5054 0.25699999999999995 0.2376000000000001
-5437.708388597848 0.5054 0.27769999999999995 0.2169000000000001
-5424.38879461647 0.5054 0.29839999999999994 0.1962000000000001
-5408.880946703768 0.5054 0.31909999999999994 0.1755000000000001
-5387.135257382306 0.5054 0.33979999999999994 0.1548000000000001
-5370.676853908797 0.5054 0.36049999999999993 0.1341000000000001
-5346.131202894983 0.5054 0.38119999999999993 0.11340000000000011
-5319.987867927165 0.5054 0.4018999999999999 0.09270000000000012
-5293.3785586455 0.5054 0.4225999999999999 0.07200000000000012
-5261.694274850229 0.5054 0.4432999999999999 0.05130000000000012
-5229.6090337135165 0.5054 0.4639999999999999 0.030600000000000127
-5515.171292164468 0.5260999999999999 0.05 0.4239000000000001
-5532.215432076365 0.5260999999999999 0.0707 0.4032000000000001
-5542.598953560389 0.5260999999999999 0.0914 0.3825000000000001
-5553.752272973462 0.5260999999999999 0.11209999999999999 0.3618000000000001
-5562.530957048283 0.5260999999999999 0.13279999999999997 0.3411000000000001
-5563.3546600347045 0.5260999999999999 0.15349999999999997 0.32040000000000013
-5563.2346753609545 0.5260999999999999 0.17419999999999997 0.29970000000000013
-5558.022777592508 0.5260999999999999 0.19489999999999996 0.27900000000000014
-5545.3593764936595 0.5260999999999999 0.21559999999999996 0.25830000000000014
-5536.503181291324 0.5260999999999999 0.23629999999999995 0.23760000000000014
-5524.187577580013 0.5260999999999999 0.25699999999999995 0.21690000000000015
-5515.226003626324 0.5260999999999999 0.27769999999999995 0.19620000000000015
-5497.657456880589 0.5260999999999999 0.29839999999999994 0.17550000000000016
-5483.581980606239 0.5260999999999999 0.31909999999999994 0.15480000000000016
-5463.72377738552 0.5260999999999999 0.33979999999999994 0.13410000000000016
-5441.566895887457 0.5260999999999999 0.36049999999999993 0.11340000000000017
-5419.046767305723 0.5260999999999999 0.38119999999999993 0.09270000000000017
-5391.009047709046 0.5260999999999999 0.4018999999999999 0.07200000000000017
-5363.30210855501 0.5260999999999999 0.4225999999999999 0.05130000000000018
-5332.182932998598 0.5260999999999999 0.4432999999999999 0.030600000000000183
