-4558.156403071745 0.29839999999999994 0.05 0.6516
-4577.718141787541 0.29839999999999994 0.0707 0.6309
-4597.2178317154185 0.29839999999999994 0.0914 0.6102
-4615.871662794561 0.29839999999999994 0.11209999999999999 0.5895
-4634.3216969451805 0.29839999999999994 0.13279999999999997 0.5688
-4648.532559130029 0.29839999999999994 0.15349999999999997 0.5481
-4661.725490636744 0.29839999999999994 0.17419999999999997 0.5274000000000001
-4670.0465326644235 0.29839999999999994 0.19489999999999996 0.5067
-4672.3133617514695 0.29839999999999994 0.21559999999999996 0.48600000000000004
-4671.589581120823 0.29839999999999994 0.23629999999999995 0.46530000000000005
-4669.6688108055705 0.29839999999999994 0.25699999999999995 0.44460000000000005
-4662.8150047151385 0.29839999999999994 0.27769999999999995 0.42390000000000005
-4657.120837990654 0.29839999999999994 0.29839999999999994 0.40320000000000006
-4650.242573864278 0.29839999999999994 0.31909999999999994 0.38250000000000006
-4639.17599620225 0.29839999999999994 0.33979999999999994 0.36180000000000007
-4627.496346707811 0.29839999999999994 0.36049999999999993 0.34110000000000007
-4614.709300390237 0.29839999999999994 0.38119999999999993 0.3204000000000001
-4595.605522353511 0.29839999999999994 0.4018999999999999 0.2997000000000001
-4575.813041322669 0.29839999999999994 0.4225999999999999 0.2790000000000001
-4554.536799574846 0.29839999999999994 0.4432999999999999 0.2583000000000001
-4529.620915795017 0.29839999999999994 0.4639999999999999 0.2376000000000001
-4503.245671210217 0.29839999999999994 0.4846999999999999 0.2169000000000001
-4475.331302273934 0.29839999999999994 0.5054 0.19620000000000004
-4444.916441294775 0.29839999999999994 0.5260999999999999 0.1755000000000001
-4410.780802913419 0.29839999999999994 0.5468 0.15480000000000005
-4374.122940515953 0.29839999999999994 0.5674999999999999 0.1341000000000001
-4335.501246310615 0.29839999999999994 0.5882 0.11340000000000006
-4294.876330145568 0.29839999999999994 0.6089 0.0927
-4252.478562899609 0.29839999999999994 0.6295999999999999 0.07200000000000006
-4207.426372957282 0.29839999999999994 0.6502999999999999 0.05130000000000012
-4159.690869516375 0.29839999999999994 0.6709999999999999 0.03060000000000007
-4645.398087121057 0.31909999999999994 0.05 0.6309
-4664.72590785932 0.31909999999999994 0.0707 0.6102000000000001
-4683.362518852344 0.31909999999999994 0.0914 0.5895
-4703.026492039169 0.31909999999999994 0.11209999999999999 0.5688000000000001
-4716.870280828166 0.31909999999999994 0.13279999999999997 0.5481
-4731.822355988855 0.31909999999999994 0.15349999999999997 0.5274000000000001
-4743.815828449749 0.31909999999999994 0.17419999999999997 0.5067000000000002
-4752.210191603089 0.31909999999999994 0.19489999999999996 0.4860000000000001
-4753.239447565391 0.31909999999999994 0.21559999999999996 0.4653000000000001
-4752.620743088975 0.31909999999999994 0.23629999999999995 0.4446000000000001
-4748.004265318525 0.31909999999999994 0.25699999999999995 0.4239000000000001
-4740.525353378748 0.31909999999999994 0.27769999999999995 0.4032000000000001
-4734.217065899526 0.31909999999999994 0.29839999999999994 0.3825000000000001
-4724.95213900676 0.31909999999999994 0.31909999999999994 0.3618000000000001
-4714.647651273935 0.31909999999999994 0.33979999999999994 0.3411000000000001
-4702.193004027309 0.31909999999999994 0.36049999999999993 0.32040000000000013
-4686.715232591765 0.31909999999999994 0.38119999999999993 0.29970000000000013
-4671.204024011161 0.31909999999999994 0.4018999999999999 0.27900000000000014
-4648.431631996213 0.31909999999999994 0.4225999999999999 0.25830000000000014
-4625.484389337644 0.31909999999999994 0.4432999999999999 0.23760000000000014
-4600.691926190123 0.31909999999999994 0.4639999999999999 0.21690000000000015
-4572.463605537192 0.31909999999999994 0.4846999999999999 0.19620000000000015
-4542.99017576826 0.31909999999999994 0.5054 0.1755000000000001
-4512.573418369428 0.31909999999999994 0.5260999999999999 0.15480000000000016
-4477.733953744955 0.31909999999999994 0.5468 0.1341000000000001
-4440.972584340078 0.31909999999999994 0.5674999999999999 0.11340000000000017
-4400.57020765635 0.31909999999999994 0.5882 0.09270000000000012
-4360.293353898756 0.31909999999999994 0.6089 0.07200000000000006
-4317.053256508061 0.31909999999999994 0.6295999999999999 0.05130000000000012
-4270.175082740214 0.31909999999999994 0.6502999999999999 0.030600000000000183
-4734.969280926681 0.33979999999999994 0.05 0.6102000000000001
-4753.094229345785 0.33979999999999994 0.0707 0.5895000000000001
-4771.790753526407 0.33979999999999994 0.0914 0.5688000000000001
-4787.780379887203 0.33979999999999994 0.11209999999999999 0.5481000000000001
-4805.17866169016 0.33979999999999994 0.13279999999999997 0.5274000000000001
-4818.136143975623 0.33979999999999994 0.15349999999999997 0.5067000000000002
-4829.949478057801 0.33979999999999994 0.17419999999999997 0.48600000000000015
-4834.196593360663 0.33979999999999994 0.19489999999999996 0.46530000000000016
-4835.913329789509 0.33979999999999994 0.21559999999999996 0.44460000000000016
-4831.883264005528 0.33979999999999994 0.23629999999999995 0.42390000000000017
-4826.604112771012 0.33979999999999994 0.25699999999999995 0.40320000000000017
-4819.57953345589 0.33979999999999994 0.27769999999999995 0.3825000000000002
-4812.657384204131 0.33979999999999994 0.29839999999999994 0.3618000000000002
-4803.256192449774 0.33979999999999994 0.31909999999999994 0.3411000000000002
-4789.192357420781 0.33979999999999994 0.33979999999999994 0.3204000000000002
-4780.2223634608135 0.33979999999999994 0.36049999999999993 0.2997000000000002
-4763.159533119248 0.33979999999999994 0.38119999999999993 0.2790000000000002
-4745.249366561302 0.33979999999999994 0.4018999999999999 0.2583000000000002
-4722.296044837372 0.33979999999999994 0.4225999999999999 0.2376000000000002
-4698.587294766783 0.33979999999999994 0.4432999999999999 0.2169000000000002
-4671.1942779655865 0.33979999999999994 0.4639999999999999 0.1962000000000002
-4644.429617992412 0.33979999999999994 0.4846999999999999 0.1755000000000002
-4616.014144535883 0.33979999999999994 0.5054 0.15480000000000016
-4581.2426547249825 0.33979999999999994 0.5260999999999999 0.13410000000000022
-4546.099607370666 0.33979999999999994 0.5468 0.11340000000000017
-4508.086995393774 0.33979999999999994 0.5674999999999999 0.09270000000000023
-4468.09855398676 0.33979999999999994 0.5882 0.07200000000000017
-4426.892171830141 0.33979999999999994 0.6089 0.05130000000000012
-4382.956484245061 0.33979999999999994 0.6295999999999999 0.030600000000000183
