-4022.612775926805 0.17419999999999997 0.05 0.7758
-4044.0998699993756 0.17419999999999997 0.0707 0.7551000000000001
-4066.9662221682765 0.17419999999999997 0.0914 0.7344
-4087.6143466868493 0.17419999999999997 0.11209999999999999 0.7137000000000001
-4109.248956839993 0.17419999999999997 0.13279999999999997 0.6930000000000001
-4128.909184328405 0.17419999999999997 0.15349999999999997 0.6723000000000001
-4147.704154551106 0.17419999999999997 0.17419999999999997 0.6516000000000002
-4165.9689796009425 0.17419999999999997 0.19489999999999996 0.6309000000000001
-4177.9048482917615 0.17419999999999997 0.21559999999999996 0.6102000000000001
-4186.7653422804415 0.17419999999999997 0.23629999999999995 0.5895000000000001
-4187.400946166892 0.17419999999999997 0.25699999999999995 0.5688000000000002
-4188.766940772994 0.17419999999999997 0.27769999999999995 0.5481000000000001
-4186.214479817582 0.17419999999999997 0.29839999999999994 0.5274000000000001
-4180.731737984261 0.17419999999999997 0.31909999999999994 0.5067000000000002
-4179.448274566868 0.17419999999999997 0.33979999999999994 0.48600000000000015
-4171.360695663099 0.17419999999999997 0.36049999999999993 0.46530000000000016
-4161.356553558943 0.17419999999999997 0.38119999999999993 0.44460000000000016
-4151.341486822398 0.17419999999999997 0.4018999999999999 0.42390000000000017
-4133.023551197931 0.17419999999999997 0.4225999999999999 0.40320000000000017
-4114.543733331284 0.17419999999999997 0.4432999999999999 0.3825000000000002
-4096.4688449884125 0.17419999999999997 0.4639999999999999 0.3618000000000002
-4072.6691875894403 0.17419999999999997 0.4846999999999999 0.3411000000000002
-4050.9537186231973 0.17419999999999997 0.5054 0.32040000000000013
-4025.439185859925 0.17419999999999997 0.5260999999999999 0.2997000000000002
-3999.569663677843 0.17419999999999997 0.5468 0.27900000000000014
-3967.5887983170787 0.17419999999999997 0.5674999999999999 0.2583000000000002
-3934.4689091822365 0.17419999999999997 0.5882 0.23760000000000014
-3897.8085400090176 0.17419999999999997 0.6089 0.2169000000000001
-3858.758300967061 0.17419999999999997 0.6295999999999999 0.19620000000000015
-3818.1670838395057 0.17419999999999997 0.6502999999999999 0.1755000000000002
-3774.463634478584 0.17419999999999997 0.6709999999999999 0.15480000000000016
-3729.0716820299363 0.17419999999999997 0.6917 0.1341000000000001
-3683.003442342046 0.17419999999999997 0.7123999999999999 0.11340000000000017
-3629.168245427821 0.17419999999999997 0.7330999999999999 0.09270000000000023
-3572.8527501872245 0.17419999999999997 0.7537999999999999 0.07200000000000017
-3516.268920824088 0.17419999999999997 0.7745 0.05130000000000012
-3456.908090687084 0.17419999999999997 0.7951999999999999 0.030600000000000183
-4113.752272868496 0.19489999999999996 0.05 0.7551
-4135.97126394674 0.19489999999999996 0.0707 0.7344
-4156.626202992451 0.19489999999999996 0.0914 0.7137
-4177.831102572263 0.19489999999999996 0.11209999999999999 0.6930000000000001
-4198.293752282504 0.19489999999999996 0.13279999999999997 0.6723000000000001
-4217.487917538103 0.19489999999999996 0.15349999999999997 0.6516000000000001
-4236.002740575973 0.19489999999999996 0.17419999999999997 0.6309
-4250.539271727889 0.19489999999999996 0.19489999999999996 0.6102000000000001
-4263.531542358149 0.19489999999999996 0.21559999999999996 0.5895000000000001
-4268.648514160513 0.19489999999999996 0.23629999999999995 0.5688000000000001
-4270.7260496262925 0.19489999999999996 0.25699999999999995 0.5481
-4270.827163706761 0.19489999999999996 0.27769999999999995 0.5274000000000001
-4266.0779438923455 0.19489999999999996 0.29839999999999994 0.5067000000000002
-4261.0526004233525 0.19489999999999996 0.31909999999999994 0.4860000000000001
-4255.221642751421 0.19489999999999996 0.33979999999999994 0.4653000000000001
-4248.185326262183 0.19489999999999996 0.36049999999999993 0.4446000000000001
-4239.044899906404 0.19489999999999996 0.38119999999999993 0.4239000000000001
-4226.858252449575 0.19489999999999996 0.4018999999999999 0.4032000000000001
-4209.110368759792 0.19489999999999996 0.4225999999999999 0.3825000000000001
-4189.729161906307 0.19489999999999996 0.4432999999999999 0.3618000000000001
-4168.033263261396 0.19489999999999996 0.4639999999999999 0.3411000000000001
-4148.056233079234 0.19489999999999996 0.4846999999999999 0.32040000000000013
-4122.579520799701 0.19489999999999996 0.5054 0.2997000000000001
-4097.02932584233 0.19489999999999996 0.5260999999999999 0.27900000000000014
-4069.369519610699 0.19489999999999996 0.5468 0.2583000000000001
-4037.1575582357827 0.19489999999999996 0.5674999999999999 0.23760000000000014
-4001.8940183750838 0.19489999999999996 0.5882 0.2169000000000001
-3964.3544502475597 0.19489999999999996 0.6089 0.19620000000000004
-3926.5566183445694 0.19489999999999996 0.6295999999999999 0.1755000000000001
-3887.132194856523 0.19489999999999996 0.6502999999999999 0.15480000000000016
-3839.338029583052 0.19489999999999996 0.6709999999999999 0.1341000000000001
-3794.698806967058 0.19489999999999996 0.6917 0.11340000000000006
-3746.6063374053324 0.19489999999999996 0.7123999999999999 0.09270000000000012
-3694.853777508226 0.19489999999999996 0.7330999999999999 0.07200000000000017
-3638.6596170705902 0.19489999999999996 0.7537999999999999 0.05130000000000012
-3580.1284016529635 0.19489999999999996 0.7745 0.03060000000000007
-4203.6133820005725 0.21559999999999996 0.05 0.7343999999999999
-4224.123300660732 0.21559999999999996 0.0707 0.7137
-4245.508905608073 0.21559999999999996 0.0914 0.693
-4265.962152814983 0.21559999999999996 0.11209999999999999 0.6723
-4285.139161954025 0.21559999999999996 0.13279999999999997 0.6516
-4304.796326456069 0.21559999999999996 0.15349999999999997 0.6309
-4321.054826391613 0.21559999999999996 0.17419999999999997 0.6102000000000001
-4335.050698819019 0.21559999999999996 0.19489999999999996 0.5895
-4346.475569943039 0.21559999999999996 0.21559999999999996 0.5688
-4349.544560840727 0.21559999999999996 0.23629999999999995 0.5481
-4348.3540371311165 0.21559999999999996 0.25699999999999995 0.5274000000000001
-4348.5720846961385 0.21559999999999996 0.27769999999999995 0.5067
-4341.9438619927905 0.21559999999999996 0.29839999999999994 0.48600000000000004
-4339.100844587812 0.21559999999999996 0.31909999999999994 0.46530000000000005
-4331.125870071427 0.21559999999999996 0.33979999999999994 0.44460000000000005
-4322.879016506989 0.21559999999999996 0.36049999999999993 0.42390000000000005
-4314.734610144258 0.21559999999999996 0.38119999999999993 0.40320000000000006
-4302.458412829423 0.21559999999999996 0.4018999999999999 0.38250000000000006
-4283.485490286117 0.21559999999999996 0.4225999999999999 0.36180000000000007
-4262.501882271846 0.21559999999999996 0.4432999999999999 0.34110000000000007
-4240.559615213313 0.21559999999999996 0.4639999999999999 0.3204000000000001
-4217.736984378412 0.21559999999999996 0.4846999999999999 0.2997000000000001
-4192.99016824397 0.21559999999999996 0.5054 0.279
-4167.480881596447 0.21559999999999996 0.5260999999999999 0.2583000000000001
-4136.91515530597 0.21559999999999996 0.5468 0.23760000000000003
-4103.756130247527 0.21559999999999996 0.5674999999999999 0.2169000000000001
-4068.086468453166 0.21559999999999996 0.5882 0.19620000000000004
-4029.6394746402857 0.21559999999999996 0.6089 0.1755
-3992.1274894509797 0.21559999999999996 0.6295999999999999 0.15480000000000005
-3947.8764700767238 0.21559999999999996 0.6502999999999999 0.1341000000000001
-3902.701979947818 0.21559999999999996 0.6709999999999999 0.11340000000000006
-3856.4825644986436 0.21559999999999996 0.6917 0.0927
-3809.5534996107813 0.21559999999999996 0.7123999999999999 0.07200000000000006
-3757.985923471161 0.21559999999999996 0.7330999999999999 0.05130000000000012
-3699.893335961125 0.21559999999999996 0.7537999999999999 0.03060000000000007
