-6615.823432097992 0.7951999999999999 0.05 0.1548000000000001
-6622.471326263794 0.7951999999999999 0.0707 0.1341000000000001
-6614.20107634359 0.7951999999999999 0.0914 0.1134000000000001
-6606.186493198742 0.7951999999999999 0.11209999999999999 0.0927000000000001
-6592.160972045699 0.7951999999999999 0.13279999999999997 0.07200000000000012
-6578.690947457537 0.7951999999999999 0.15349999999999997 0.05130000000000012
-6567.2818465004075 0.7951999999999999 0.17419999999999997 0.030600000000000127
-6699.710286777951 0.8158999999999998 0.05 0.13410000000000016
-6700.92810403524 0.8158999999999998 0.0707 0.11340000000000015
-6692.729857495016 0.8158999999999998 0.0914 0.09270000000000016
-6682.2727557124135 0.8158999999999998 0.11209999999999999 0.07200000000000016
-6667.426558028734 0.8158999999999998 0.13279999999999997 0.05130000000000018
-6655.7547091100105 0.8158999999999998 0.15349999999999997 0.030600000000000183
-6782.07891710587 0.8365999999999999 0.05 0.1134000000000001
-6781.283919630083 0.8365999999999999 0.0707 0.0927000000000001
-6770.150902542079 0.8365999999999999 0.0914 0.0720000000000001
-6757.8482342270445 0.8365999999999999 0.11209999999999999 0.05130000000000011
-6744.518777964732 0.8365999999999999 0.13279999999999997 0.030600000000000127
