-3482.851465451886 0.05 0.05 0.8999999999999999
-3506.0454349714473 0.05 0.0707 0.8793
-3529.442039476431 0.05 0.0914 0.8585999999999999
-3551.714825806868 0.05 0.11209999999999999 0.8379
-3573.9352252843037 0.05 0.13279999999999997 0.8171999999999999
-3595.7471856381867 0.05 0.15349999999999997 0.7965
-3618.039667581552 0.05 0.17419999999999997 0.7758
-3639.906937236013 0.05 0.19489999999999996 0.7551
-3660.8577370093503 0.05 0.21559999999999996 0.7343999999999999
-3681.751800916607 0.05 0.23629999999999995 0.7137
-3698.222144678495 0.05 0.25699999999999995 0.6930000000000001
-3703.626024959524 0.05 0.27769999999999995 0.6723
-3707.44081396807 0.05 0.29839999999999994 0.6516
-3707.1968658163414 0.05 0.31909999999999994 0.6309
-3706.0885568271738 0.05 0.33979999999999994 0.6102000000000001
-3705.108403459283 0.05 0.36049999999999993 0.5895
-3700.6993323868023 0.05 0.38119999999999993 0.5688
-3695.617800802774 0.05 0.4018999999999999 0.5481
-3678.9123754121892 0.05 0.4225999999999999 0.5274000000000001
-3661.6247147981003 0.05 0.4432999999999999 0.5067
-3646.2160505309694 0.05 0.4639999999999999 0.48600000000000004
-3628.053848155157 0.05 0.4846999999999999 0.46530000000000005
-3610.5852212458894 0.05 0.5054 0.4446
-3591.2218780286953 0.05 0.5260999999999999 0.42390000000000005
-3572.356412008599 0.05 0.5468 0.4032
-3551.0970966268346 0.05 0.5674999999999999 0.38250000000000006
-3525.498018740917 0.05 0.5882 0.3618
-3491.6680087814393 0.05 0.6089 0.34109999999999996
-3456.1343448516254 0.05 0.6295999999999999 0.3204
-3422.074962943714 0.05 0.6502999999999999 0.2997000000000001
-3387.229228041397 0.05 0.6709999999999999 0.279
-3352.0830505420226 0.05 0.6917 0.2583
-3304.200484538346 0.05 0.7123999999999999 0.23760000000000003
-3252.7294269353024 0.05 0.7330999999999999 0.2169000000000001
-3197.345249420248 0.05 0.7537999999999999 0.19620000000000004
-3140.8630730548234 0.05 0.7745 0.1755
-3083.5418905100087 0.05 0.7951999999999999 0.15480000000000005
-3024.9597599684857 0.05 0.8158999999999998 0.1341000000000001
-2966.935090317763 0.05 0.8365999999999999 0.11340000000000006
-2907.0369996119025 0.05 0.8573 0.0927
-2848.524633500793 0.05 0.8779999999999999 0.07200000000000006
-2789.39207853867 0.05 0.8986999999999998 0.05130000000000012
-2728.5683287380584 0.05 0.9193999999999999 0.03060000000000007
-3572.604410636224 0.0707 0.05 0.8793
-3595.317310622461 0.0707 0.0707 0.8586
-3618.433752881965 0.0707 0.0914 0.8379
-3640.648424285639 0.0707 0.11209999999999999 0.8172
-3662.9617827184784 0.0707 0.13279999999999997 0.7965
-3684.794548151544 0.0707 0.15349999999999997 0.7758
-3706.2434546134236 0.0707 0.17419999999999997 0.7551000000000001
-3728.3023052754934 0.0707 0.19489999999999996 0.7344
-3749.1446706031165 0.0707 0.21559999999999996 0.7137
-3767.734312178708 0.0707 0.23629999999999995 0.6930000000000001
-3781.422804031564 0.0707 0.25699999999999995 0.6723000000000001
-3786.986434785458 0.0707 0.27769999999999995 0.6516000000000001
-3787.8720661358047 0.0707 0.29839999999999994 0.6309
-3784.8468085158984 0.0707 0.31909999999999994 0.6102000000000001
-3784.925067630616 0.0707 0.33979999999999994 0.5895000000000001
-3782.5551498914983 0.0707 0.36049999999999993 0.5688000000000001
-3778.7510799066904 0.0707 0.38119999999999993 0.5481
-3768.552509626531 0.0707 0.4018999999999999 0.5274000000000001
-3755.6343666554976 0.0707 0.4225999999999999 0.5067000000000002
-3737.074253746836 0.0707 0.4432999999999999 0.4860000000000001
-3720.232278238295 0.0707 0.4639999999999999 0.4653000000000001
-3704.4636770464103 0.0707 0.4846999999999999 0.4446000000000001
-3686.195859052016 0.0707 0.5054 0.42390000000000005
-3667.039995972152 0.0707 0.5260999999999999 0.4032000000000001
-3646.2881306418803 0.0707 0.5468 0.38250000000000006
-3621.9446326673387 0.0707 0.5674999999999999 0.3618000000000001
-3592.491058043047 0.0707 0.5882 0.34110000000000007
-3558.2949047078437 0.0707 0.6089 0.3204
-3523.8455296395045 0.0707 0.6295999999999999 0.2997000000000001
-3489.747990697902 0.0707 0.6502999999999999 0.27900000000000014
-3454.2604557672194 0.0707 0.6709999999999999 0.2583000000000001
-3413.3840511583553 0.0707 0.6917 0.23760000000000003
-3366.2898329324626 0.0707 0.7123999999999999 0.2169000000000001
-3313.9482286226335 0.0707 0.7330999999999999 0.19620000000000015
-3259.2523957755543 0.0707 0.7537999999999999 0.1755000000000001
-3202.2518687438287 0.0707 0.7745 0.15480000000000005
-3144.0770471787428 0.0707 0.7951999999999999 0.1341000000000001
-3086.584424492615 0.0707 0.8158999999999998 0.11340000000000017
-3027.1031237253774 0.0707 0.8365999999999999 0.09270000000000012
-2968.482235307839 0.0707 0.8573 0.07200000000000006
-2909.9563952258336 0.0707 0.8779999999999999 0.05130000000000012
-2848.7976979321697 0.0707 0.8986999999999998 0.030600000000000183
-3664.0565504840365 0.0914 0.05 0.8585999999999999
-3687.0201539291998 0.0914 0.0707 0.8379
-3709.3960910764945 0.0914 0.0914 0.8171999999999999
-3731.3288627622865 0.0914 0.11209999999999999 0.7965
-3753.9968504245467 0.0914 0.13279999999999997 0.7758
-3775.2314588085064 0.0914 0.15349999999999997 0.7551
-3797.4684422050386 0.0914 0.17419999999999997 0.7343999999999999
-3818.7434933822387 0.0914 0.19489999999999996 0.7137
-3836.692553481266 0.0914 0.21559999999999996 0.6930000000000001
-3853.571741249397 0.0914 0.23629999999999995 0.6723
-3864.5112161415545 0.0914 0.25699999999999995 0.6516
-3869.3761238838715 0.0914 0.27769999999999995 0.6309
-3869.916265456769 0.0914 0.29839999999999994 0.6102000000000001
-3867.8919122451657 0.0914 0.31909999999999994 0.5895
-3866.900417022343 0.0914 0.33979999999999994 0.5688
-3862.905537929619 0.0914 0.36049999999999993 0.5481
-3856.987792567925 0.0914 0.38119999999999993 0.5274000000000001
-3846.6411192830196 0.0914 0.4018999999999999 0.5067
-3831.0488065341574 0.0914 0.4225999999999999 0.48600000000000004
-3815.267515214856 0.0914 0.4432999999999999 0.46530000000000005
-3797.3637090401917 0.0914 0.4639999999999999 0.44460000000000005
-3780.0218307194727 0.0914 0.4846999999999999 0.42390000000000005
-3761.525474163638 0.0914 0.5054 0.4032
-3740.3137168210455 0.0914 0.5260999999999999 0.38250000000000006
-3720.04774628113 0.0914 0.5468 0.3618
-3691.8493569110688 0.0914 0.5674999999999999 0.34110000000000007
-3662.4656099595745 0.0914 0.5882 0.3204
-3628.5302044783953 0.0914 0.6089 0.29969999999999997
-3594.2857845139874 0.0914 0.6295999999999999 0.279
-3560.355121167119 0.0914 0.6502999999999999 0.2583000000000001
-3521.2003235979587 0.0914 0.6709999999999999 0.23760000000000003
-3477.739959214729 0.0914 0.6917 0.21689999999999998
-3431.0149949862243 0.0914 0.7123999999999999 0.19620000000000004
-3379.7133858403686 0.0914 0.7330999999999999 0.1755000000000001
-3323.5860112045584 0.0914 0.7537999999999999 0.15480000000000005
-3265.701043873895 0.0914 0.7745 0.1341
-3208.507863141386 0.0914 0.7951999999999999 0.11340000000000006
-3149.637328958669 0.0914 0.8158999999999998 0.09270000000000012
-3092.296967270592 0.0914 0.8365999999999999 0.07200000000000006
-3032.7752661568384 0.0914 0.8573 0.05130000000000001
-2972.5640498183275 0.0914 0.8779999999999999 0.03060000000000007
