-5857.934387969575 0.6089 0.05 0.3411
-5869.094725038461 0.6089 0.0707 0.3204
-5880.2162558103355 0.6089 0.0914 0.2997
-5888.563647528537 0.6089 0.11209999999999999 0.279
-5888.327614674517 0.6089 0.13279999999999997 0.25830000000000003
-5885.429948687662 0.6089 0.15349999999999997 0.23760000000000003
-5877.152520680433 0.6089 0.17419999999999997 0.21690000000000004
-5866.443467070168 0.6089 0.19489999999999996 0.19620000000000004
-5856.439455596305 0.6089 0.21559999999999996 0.17550000000000004
-5840.87023076992 0.6089 0.23629999999999995 0.15480000000000005
-5831.1003174536345 0.6089 0.25699999999999995 0.13410000000000005
-5817.863121537806 0.6089 0.27769999999999995 0.11340000000000006
-5800.185178204751 0.6089 0.29839999999999994 0.09270000000000006
-5781.350206820709 0.6089 0.31909999999999994 0.07200000000000006
-5754.928973867056 0.6089 0.33979999999999994 0.05130000000000007
-5731.075171926896 0.6089 0.36049999999999993 0.03060000000000007
-5941.116045084817 0.6295999999999999 0.05 0.3204000000000001
-5955.162428664393 0.6295999999999999 0.0707 0.2997000000000001
-5963.080907072097 0.6295999999999999 0.0914 0.2790000000000001
-5968.965768885123 0.6295999999999999 0.11209999999999999 0.2583000000000001
-5969.233888211364 0.6295999999999999 0.13279999999999997 0.2376000000000001
-5963.798957664817 0.6295999999999999 0.15349999999999997 0.2169000000000001
-5955.993653878218 0.6295999999999999 0.17419999999999997 0.1962000000000001
-5943.62911136467 0.6295999999999999 0.19489999999999996 0.1755000000000001
-5931.290034313615 0.6295999999999999 0.21559999999999996 0.1548000000000001
-5918.312236812955 0.6295999999999999 0.23629999999999995 0.1341000000000001
-5906.088731597597 0.6295999999999999 0.25699999999999995 0.11340000000000011
-5894.275004595563 0.6295999999999999 0.27769999999999995 0.09270000000000012
-5873.597647615399 0.6295999999999999 0.29839999999999994 0.07200000000000012
-5853.83539320221 0.6295999999999999 0.31909999999999994 0.05130000000000012
-5827.928422142329 0.6295999999999999 0.33979999999999994 0.030600000000000127
-6027.581960599596 0.6502999999999999 0.05 0.29970000000000013
-6038.6438541728785 0.6502999999999999 0.0707 0.27900000000000014
-6046.578449942206 0.6502999999999999 0.0914 0.25830000000000014
-6051.205237805404 0.6502999999999999 0.11209999999999999 0.23760000000000014
-6047.310533640204 0.6502999999999999 0.13279999999999997 0.21690000000000015
-6042.715667797608 0.6502999999999999 0.15349999999999997 0.19620000000000015
-6033.867590873825 0.6502999999999999 0.17419999999999997 0.17550000000000016
-6018.7832930584345 0.6502999999999999 0.19489999999999996 0.15480000000000016
-6009.253836222609 0.6502999999999999 0.21559999999999996 0.13410000000000016
-5993.866812471967 0.6502999999999999 0.23629999999999995 0.11340000000000017
-5983.282702257507 0.6502999999999999 0.25699999999999995 0.09270000000000017
-5969.001461732195 0.6502999999999999 0.27769999999999995 0.07200000000000017
-5947.564162264993 0.6502999999999999 0.29839999999999994 0.05130000000000018
-5926.7847502525465 0.6502999999999999 0.31909999999999994 0.030600000000000183
