-3660.5863055169043 0.11209999999999999 0.05 0.8379
-3651.2830747820685 0.11209999999999999 0.0707 0.8172
-3642.9165366992247 0.11209999999999999 0.0914 0.7965
-3632.841340407664 0.11209999999999999 0.11209999999999999 0.7758
-3624.532719905963 0.11209999999999999 0.13279999999999997 0.7551000000000001
-3611.5021024815214 0.11209999999999999 0.15349999999999997 0.7344
-3600.4699261348533 0.11209999999999999 0.17419999999999997 0.7137
-3589.0158484774474 0.11209999999999999 0.19489999999999996 0.6930000000000001
-3576.4729155534246 0.11209999999999999 0.21559999999999996 0.6723000000000001
-3563.5408066490413 0.11209999999999999 0.23629999999999995 0.6516000000000001
-3551.992739836529 0.11209999999999999 0.25699999999999995 0.6309
-3539.6063854587046 0.11209999999999999 0.27769999999999995 0.6102000000000001
-3525.8515550852494 0.11209999999999999 0.29839999999999994 0.5895000000000001
-3512.5937686346606 0.11209999999999999 0.31909999999999994 0.5688000000000001
-3497.2432374602854 0.11209999999999999 0.33979999999999994 0.5481
-3483.214920872443 0.11209999999999999 0.36049999999999993 0.5274000000000001
-3467.0630838835123 0.11209999999999999 0.38119999999999993 0.5067000000000002
-3450.3468998179897 0.11209999999999999 0.4018999999999999 0.4860000000000001
-3431.4910553547384 0.11209999999999999 0.4225999999999999 0.4653000000000001
-3413.6443795187074 0.11209999999999999 0.4432999999999999 0.4446000000000001
-3392.4286419429386 0.11209999999999999 0.4639999999999999 0.4239000000000001
-3374.9797183761575 0.11209999999999999 0.4846999999999999 0.4032000000000001
-3355.4032265765936 0.11209999999999999 0.5054 0.38250000000000006
-3334.4055074696735 0.11209999999999999 0.5260999999999999 0.3618000000000001
-3311.5202277595868 0.11209999999999999 0.5468 0.34110000000000007
-3288.8684916120496 0.11209999999999999 0.5674999999999999 0.32040000000000013
-3267.3939566943227 0.11209999999999999 0.5882 0.2997000000000001
-3244.65846521572 0.11209999999999999 0.6089 0.279
-3222.4268778874434 0.11209999999999999 0.6295999999999999 0.2583000000000001
-3198.335662303646 0.11209999999999999 0.6502999999999999 0.23760000000000014
-3173.0499764389983 0.11209999999999999 0.6709999999999999 0.2169000000000001
-3147.976780286669 0.11209999999999999 0.6917 0.19620000000000004
-3121.427413745571 0.11209999999999999 0.7123999999999999 0.1755000000000001
-3095.829998462565 0.11209999999999999 0.7330999999999999 0.15480000000000016
-3069.8227588177538 0.11209999999999999 0.7537999999999999 0.1341000000000001
-3043.1892823530247 0.11209999999999999 0.7745 0.11340000000000006
-3017.4578999913947 0.11209999999999999 0.7951999999999999 0.09270000000000012
-2991.9940973530133 0.11209999999999999 0.8158999999999998 0.07200000000000017
-2966.340021675016 0.11209999999999999 0.8365999999999999 0.05130000000000012
-2939.7227044627493 0.11209999999999999 0.8573 0.03060000000000007
-3750.019070807727 0.13279999999999997 0.05 0.8171999999999999
-3740.709092304956 0.13279999999999997 0.0707 0.7965
-3732.4856655615586 0.13279999999999997 0.0914 0.7757999999999999
-3721.8945254901296 0.13279999999999997 0.11209999999999999 0.7551
-3711.116234091522 0.13279999999999997 0.13279999999999997 0.7343999999999999
-3699.939731462168 0.13279999999999997 0.15349999999999997 0.7137
-3688.0401437144583 0.13279999999999997 0.17419999999999997 0.6930000000000001
-3674.7406649388 0.13279999999999997 0.19489999999999996 0.6723
-3661.950429831068 0.13279999999999997 0.21559999999999996 0.6516
-3649.967144628142 0.13279999999999997 0.23629999999999995 0.6309
-3638.2412004637918 0.13279999999999997 0.25699999999999995 0.6102000000000001
-3625.8052081767305 0.13279999999999997 0.27769999999999995 0.5895
-3613.009912763995 0.13279999999999997 0.29839999999999994 0.5688
-3600.6826273128486 0.13279999999999997 0.31909999999999994 0.5481
-3583.297259880579 0.13279999999999997 0.33979999999999994 0.5274000000000001
-3567.1629412170164 0.13279999999999997 0.36049999999999993 0.5067
-3550.548499909658 0.13279999999999997 0.38119999999999993 0.48600000000000004
-3531.648419801619 0.13279999999999997 0.4018999999999999 0.46530000000000005
-3514.650614729887 0.13279999999999997 0.4225999999999999 0.44460000000000005
-3495.7474271198907 0.13279999999999997 0.4432999999999999 0.42390000000000005
-3477.194540123023 0.13279999999999997 0.4639999999999999 0.40320000000000006
-3457.240783973037 0.13279999999999997 0.4846999999999999 0.38250000000000006
-3435.535849935688 0.13279999999999997 0.5054 0.3618
-3414.1427689755715 0.13279999999999997 0.5260999999999999 0.34110000000000007
-3393.362059501359 0.13279999999999997 0.5468 0.3204
-3369.9771316159263 0.13279999999999997 0.5674999999999999 0.2997000000000001
-3348.518196879011 0.13279999999999997 0.5882 0.279
-3325.7610514389803 0.13279999999999997 0.6089 0.2583
-3301.4390417552254 0.13279999999999997 0.6295999999999999 0.23760000000000003
-3278.217069910709 0.13279999999999997 0.6502999999999999 0.2169000000000001
-3253.2531764608448 0.13279999999999997 0.6709999999999999 0.19620000000000004
-3227.236778858221 0.13279999999999997 0.6917 0.1755
-3202.0020401342144 0.13279999999999997 0.7123999999999999 0.15480000000000005
-3175.672865182577 0.13279999999999997 0.7330999999999999 0.1341000000000001
-3149.389386255197 0.13279999999999997 0.7537999999999999 0.11340000000000006
-3122.296407284711 0.13279999999999997 0.7745 0.0927
-3096.882398353558 0.13279999999999997 0.7951999999999999 0.07200000000000006
