-5491.074960622178 0.5468 0.05 0.40320000000000006
-5479.2458896333455 0.5468 0.0707 0.38250000000000006
-5465.142204076477 0.5468 0.0914 0.36180000000000007
-5453.039011174653 0.5468 0.11209999999999999 0.34110000000000007
-5435.0438109336765 0.5468 0.13279999999999997 0.3204000000000001
-5419.845776784844 0.5468 0.15349999999999997 0.2997000000000001
-5402.831422893647 0.5468 0.17419999999999997 0.2790000000000001
-5382.47004936885 0.5468 0.19489999999999996 0.2583000000000001
-5365.268367380345 0.5468 0.21559999999999996 0.2376000000000001
-5341.860024902704 0.5468 0.23629999999999995 0.2169000000000001
-5322.5625204880325 0.5468 0.25699999999999995 0.1962000000000001
-5299.897964613254 0.5468 0.27769999999999995 0.1755000000000001
-5275.146167686273 0.5468 0.29839999999999994 0.1548000000000001
-5254.01026392168 0.5468 0.31909999999999994 0.1341000000000001
-5227.844468104051 0.5468 0.33979999999999994 0.11340000000000011
-5205.016783858591 0.5468 0.36049999999999993 0.09270000000000012
-5184.600465155998 0.5468 0.38119999999999993 0.07200000000000012
-5157.802974023126 0.5468 0.4018999999999999 0.05130000000000012
-5135.206827553609 0.5468 0.4225999999999999 0.030600000000000127
-5581.923687790538 0.5674999999999999 0.05 0.3825000000000001
-5564.826330191211 0.5674999999999999 0.0707 0.3618000000000001
-5553.998263343059 0.5674999999999999 0.0914 0.3411000000000001
-5537.861744575261 0.5674999999999999 0.11209999999999999 0.32040000000000013
-5521.126432198343 0.5674999999999999 0.13279999999999997 0.29970000000000013
-5504.270963100057 0.5674999999999999 0.15349999999999997 0.27900000000000014
-5487.044536264601 0.5674999999999999 0.17419999999999997 0.25830000000000014
-5468.136947075653 0.5674999999999999 0.19489999999999996 0.23760000000000014
-5447.447242549344 0.5674999999999999 0.21559999999999996 0.21690000000000015
-5425.719750877142 0.5674999999999999 0.23629999999999995 0.19620000000000015
-5403.252562180062 0.5674999999999999 0.25699999999999995 0.17550000000000016
-5380.318706045203 0.5674999999999999 0.27769999999999995 0.15480000000000016
-5357.558475271581 0.5674999999999999 0.29839999999999994 0.13410000000000016
-5333.580104285334 0.5674999999999999 0.31909999999999994 0.11340000000000017
-5308.387685077017 0.5674999999999999 0.33979999999999994 0.09270000000000017
-5286.396290157071 0.5674999999999999 0.36049999999999993 0.07200000000000017
-5262.051605161905 0.5674999999999999 0.38119999999999993 0.05130000000000018
-5237.56647340023 0.5674999999999999 0.4018999999999999 0.030600000000000183
-5664.681953060979 0.5882 0.05 0.36180000000000007
-5653.420260483729 0.5882 0.0707 0.34110000000000007
-5637.397073941939 0.5882 0.0914 0.3204000000000001
-5624.577919544796 0.5882 0.11209999999999999 0.2997000000000001
-5604.759577984372 0.5882 0.13279999999999997 0.2790000000000001
-5587.286995010157 0.5882 0.15349999999999997 0.2583000000000001
-5571.871574728746 0.5882 0.17419999999999997 0.2376000000000001
-5549.225600508267 0.5882 0.19489999999999996 0.2169000000000001
-5530.721267682576 0.5882 0.21559999999999996 0.1962000000000001
-5506.334504351184 0.5882 0.23629999999999995 0.1755000000000001
-5484.919662581576 0.5882 0.25699999999999995 0.1548000000000001
-5464.225958340518 0.5882 0.27769999999999995 0.1341000000000001
-5438.886532189117 0.5882 0.29839999999999994 0.11340000000000011
-5415.848522804139 0.5882 0.31909999999999994 0.09270000000000012
-5390.026241672026 0.5882 0.33979999999999994 0.07200000000000012
-5362.318125772103 0.5882 0.36049999999999993 0.05130000000000012
-5337.712011299466 0.5882 0.38119999999999993 0.030600000000000127
