-6269.653658315988 0.7330999999999999 0.05 0.21690000000000015
-6253.662794345828 0.7330999999999999 0.0707 0.19620000000000015
-6234.120766656164 0.7330999999999999 0.0914 0.17550000000000016
-6215.846042547173 0.7330999999999999 0.11209999999999999 0.15480000000000016
-6193.953831099406 0.7330999999999999 0.13279999999999997 0.13410000000000016
-6173.545188238711 0.7330999999999999 0.15349999999999997 0.11340000000000017
-6153.380842334943 0.7330999999999999 0.17419999999999997 0.09270000000000017
-6122.86392977585 0.7330999999999999 0.19489999999999996 0.07200000000000017
-6102.961215432228 0.7330999999999999 0.21559999999999996 0.05130000000000018
-6078.286305083449 0.7330999999999999 0.23629999999999995 0.030600000000000183
-6356.617434801786 0.7537999999999999 0.05 0.1962000000000001
-6336.762733263989 0.7537999999999999 0.0707 0.1755000000000001
-6318.377133341527 0.7537999999999999 0.0914 0.1548000000000001
-6301.3529945526425 0.7537999999999999 0.11209999999999999 0.1341000000000001
-6277.13512746795 0.7537999999999999 0.13279999999999997 0.11340000000000011
-6253.752863661035 0.7537999999999999 0.15349999999999997 0.09270000000000012
-6234.725168658665 0.7537999999999999 0.17419999999999997 0.07200000000000012
-6204.425142242484 0.7537999999999999 0.19489999999999996 0.05130000000000012
-6185.720946038363 0.7537999999999999 0.21559999999999996 0.030600000000000127
-6441.886501624565 0.7745 0.05 0.17550000000000004
-6419.396936692452 0.7745 0.0707 0.15480000000000005
-6404.5148138616005 0.7745 0.0914 0.13410000000000005
-6384.741593145696 0.7745 0.11209999999999999 0.11340000000000004
-6363.066756085853 0.7745 0.13279999999999997 0.09270000000000006
-6336.419947951309 0.7745 0.15349999999999997 0.07200000000000006
-6312.976694901858 0.7745 0.17419999999999997 0.05130000000000007
-6288.864567745205 0.7745 0.19489999999999996 0.03060000000000007
