-5228.454827469458 0.4846999999999999 0.05 0.4653000000000001
-5220.19505236941 0.4846999999999999 0.0707 0.4446000000000001
-5206.892372805347 0.4846999999999999 0.0914 0.4239000000000001
-5195.880163235277 0.4846999999999999 0.11209999999999999 0.4032000000000001
-5179.0826793944825 0.4846999999999999 0.13279999999999997 0.3825000000000001
-5164.419742719947 0.4846999999999999 0.15349999999999997 0.3618000000000001
-5149.37006030308 0.4846999999999999 0.17419999999999997 0.3411000000000001
-5130.5833521452705 0.4846999999999999 0.19489999999999996 0.32040000000000013
-5116.447553623077 0.4846999999999999 0.21559999999999996 0.29970000000000013
-5095.270240322257 0.4846999999999999 0.23629999999999995 0.27900000000000014
-5073.308672674237 0.4846999999999999 0.25699999999999995 0.25830000000000014
-5054.219889241409 0.4846999999999999 0.27769999999999995 0.23760000000000014
-5029.813800529887 0.4846999999999999 0.29839999999999994 0.21690000000000015
-5010.5186143636065 0.4846999999999999 0.31909999999999994 0.19620000000000015
-4985.356857804027 0.4846999999999999 0.33979999999999994 0.17550000000000016
-4961.266191913506 0.4846999999999999 0.36049999999999993 0.15480000000000016
-4949.087341438234 0.4846999999999999 0.38119999999999993 0.13410000000000016
-4912.585355059495 0.4846999999999999 0.4018999999999999 0.11340000000000017
-4899.792795087703 0.4846999999999999 0.4225999999999999 0.09270000000000017
-4872.722968234942 0.4846999999999999 0.4432999999999999 0.07200000000000017
-4848.301478040489 0.4846999999999999 0.4639999999999999 0.05130000000000018
-4825.9039367981495 0.4846999999999999 0.4846999999999999 0.030600000000000183
-5317.305933209753 0.5054 0.05 0.44460000000000005
-5306.587598168709 0.5054 0.0707 0.42390000000000005
-5294.676620573725 0.5054 0.0914 0.40320000000000006
-5282.167798934995 0.5054 0.11209999999999999 0.38250000000000006
-5264.640964425373 0.5054 0.13279999999999997 0.36180000000000007
-5251.667193916706 0.5054 0.15349999999999997 0.34110000000000007
-5233.002854889335 0.5054 0.17419999999999997 0.3204000000000001
-5216.8186810423695 0.5054 0.19489999999999996 0.2997000000000001
-5199.059148068797 0.5054 0.21559999999999996 0.2790000000000001
-5176.463214631057 0.5054 0.23629999999999995 0.2583000000000001
-5156.88427952346 0.5054 0.25699999999999995 0.2376000000000001
-5135.838014797862 0.5054 0.27769999999999995 0.2169000000000001
-5112.3794335618 0.5054 0.29839999999999994 0.1962000000000001
-5091.027372482406 0.5054 0.31909999999999994 0.1755000000000001
-5065.3632145384 0.5054 0.33979999999999994 0.1548000000000001
-5043.721873070559 0.5054 0.36049999999999993 0.1341000000000001
-5020.207947633572 0.5054 0.38119999999999993 0.11340000000000011
-5004.425663653189 0.5054 0.4018999999999999 0.09270000000000012
-4980.539975621323 0.5054 0.4225999999999999 0.07200000000000012
-4953.331304244839 0.5054 0.4432999999999999 0.05130000000000012
-4930.969139572392 0.5054 0.4639999999999999 0.030600000000000127
-5402.521964792828 0.5260999999999999 0.05 0.4239000000000001
-5394.82879145738 0.5260999999999999 0.0707 0.4032000000000001
-5381.120575839996 0.5260999999999999 0.0914 0.3825000000000001
-5366.495999973518 0.5260999999999999 0.11209999999999999 0.3618000000000001
-5351.296945787775 0.5260999999999999 0.13279999999999997 0.3411000000000001
-5335.041734169254 0.5260999999999999 0.15349999999999997 0.32040000000000013
-5319.446559713352 0.5260999999999999 0.17419999999999997 0.29970000000000013
-5299.317034885364 0.5260999999999999 0.19489999999999996 0.27900000000000014
-5281.08754208775 0.5260999999999999 0.21559999999999996 0.25830000000000014
-5259.315533166011 0.5260999999999999 0.23629999999999995 0.23760000000000014
-5238.817728009226 0.5260999999999999 0.25699999999999995 0.21690000000000015
-5219.187635437011 0.5260999999999999 0.27769999999999995 0.19620000000000015
-5193.428343002462 0.5260999999999999 0.29839999999999994 0.17550000000000016
-5170.756987300118 0.5260999999999999 0.31909999999999994 0.15480000000000016
-5147.393012180095 0.5260999999999999 0.33979999999999994 0.13410000000000016
-5123.231464323919 0.5260999999999999 0.36049999999999993 0.11340000000000017
-5107.690147414438 0.5260999999999999 0.38119999999999993 0.09270000000000017
-5080.50508172469 0.5260999999999999 0.4018999999999999 0.07200000000000017
-5056.719035171039 0.5260999999999999 0.4225999999999999 0.05130000000000018
-5031.511489620714 0.5260999999999999 0.4432999999999999 0.030600000000000183
