-5747.933110647392 0.6089 0.05 0.3411
-5733.5157401589195 0.6089 0.0707 0.3204
-5717.535976192925 0.6089 0.0914 0.2997
-5702.088841577256 0.6089 0.11209999999999999 0.279
-5683.796630533208 0.6089 0.13279999999999997 0.25830000000000003
-5670.8572446568705 0.6089 0.15349999999999997 0.23760000000000003
-5654.669200647467 0.6089 0.17419999999999997 0.21690000000000004
-5636.085342978954 0.6089 0.19489999999999996 0.19620000000000004
-5617.122424805399 0.6089 0.21559999999999996 0.17550000000000004
-5595.952553581155 0.6089 0.23629999999999995 0.15480000000000005
-5578.3648077008465 0.6089 0.25699999999999995 0.13410000000000005
-5559.520644494117 0.6089 0.27769999999999995 0.11340000000000006
-5538.726872588248 0.6089 0.29839999999999994 0.09270000000000006
-5516.918224630959 0.6089 0.31909999999999994 0.07200000000000006
-5491.99183682667 0.6089 0.33979999999999994 0.05130000000000007
-5471.436981578264 0.6089 0.36049999999999993 0.03060000000000007
-5833.795824307167 0.6295999999999999 0.05 0.3204000000000001
-5821.211238565476 0.6295999999999999 0.0707 0.2997000000000001
-5803.765543472846 0.6295999999999999 0.0914 0.2790000000000001
-5787.777545306725 0.6295999999999999 0.11209999999999999 0.2583000000000001
-5772.205691426143 0.6295999999999999 0.13279999999999997 0.2376000000000001
-5756.6411255077555 0.6295999999999999 0.15349999999999997 0.2169000000000001
-5741.445474418719 0.6295999999999999 0.17419999999999997 0.1962000000000001
-5720.520332297371 0.6295999999999999 0.19489999999999996 0.1755000000000001
-5701.897903399609 0.6295999999999999 0.21559999999999996 0.1548000000000001
-5682.107914508224 0.6295999999999999 0.23629999999999995 0.1341000000000001
-5662.865847125614 0.6295999999999999 0.25699999999999995 0.11340000000000011
-5645.033987014992 0.6295999999999999 0.27769999999999995 0.09270000000000012
-5620.259114081842 0.6295999999999999 0.29839999999999994 0.07200000000000012
-5598.288415960956 0.6295999999999999 0.31909999999999994 0.05130000000000012
-5575.161373990815 0.6295999999999999 0.33979999999999994 0.030600000000000127
-5925.632297350217 0.6502999999999999 0.05 0.29970000000000013
-5907.086305477857 0.6502999999999999 0.0707 0.27900000000000014
-5889.552162724748 0.6502999999999999 0.0914 0.25830000000000014
-5876.009253983533 0.6502999999999999 0.11209999999999999 0.23760000000000014
-5858.282671748244 0.6502999999999999 0.13279999999999997 0.21690000000000015
-5844.380048473479 0.6502999999999999 0.15349999999999997 0.19620000000000015
-5826.255818061526 0.6502999999999999 0.17419999999999997 0.17550000000000016
-5804.617323706119 0.6502999999999999 0.19489999999999996 0.15480000000000016
-5787.75950352104 0.6502999999999999 0.21559999999999996 0.13410000000000016
-5766.077673299021 0.6502999999999999 0.23629999999999995 0.11340000000000017
-5749.335200701612 0.6502999999999999 0.25699999999999995 0.09270000000000017
-5727.851851830212 0.6502999999999999 0.27769999999999995 0.07200000000000017
-5703.422254604325 0.6502999999999999 0.29839999999999994 0.05130000000000018
-5682.792110500988 0.6502999999999999 0.31909999999999994 0.030600000000000183
