-6528.002919385868 0.7951999999999999 0.05 0.1548000000000001
-6515.1855954513285 0.7951999999999999 0.0707 0.1341000000000001
-6496.562321397441 0.7951999999999999 0.0914 0.1134000000000001
-6480.009124421367 0.7951999999999999 0.11209999999999999 0.0927000000000001
-6458.71975146068 0.7951999999999999 0.13279999999999997 0.07200000000000012
-6439.846411900105 0.7951999999999999 0.15349999999999997 0.05130000000000012
-6419.648000889125 0.7951999999999999 0.17419999999999997 0.030600000000000127
-6614.668095698996 0.8158999999999998 0.05 0.13410000000000016
-6601.6306178552795 0.8158999999999998 0.0707 0.11340000000000015
-6582.744650962845 0.8158999999999998 0.0914 0.09270000000000016
-6564.6700339041445 0.8158999999999998 0.11209999999999999 0.07200000000000016
-6542.879744175958 0.8158999999999998 0.13279999999999997 0.05130000000000018
-6522.99765030759 0.8158999999999998 0.15349999999999997 0.030600000000000183
-6701.015397915786 0.8365999999999999 0.05 0.1134000000000001
-6688.113656864802 0.8365999999999999 0.0707 0.0927000000000001
-6667.449175999994 0.8365999999999999 0.0914 0.0720000000000001
-6649.597010687074 0.8365999999999999 0.11209999999999999 0.05130000000000011
-6627.212522596798 0.8365999999999999 0.13279999999999997 0.030600000000000127
