-4179.526061247923 0.23629999999999995 0.05 0.7137
-4166.699741578313 0.23629999999999995 0.0707 0.6930000000000001
-4155.370081596478 0.23629999999999995 0.0914 0.6723
-4138.428268525824 0.23629999999999995 0.11209999999999999 0.6516000000000001
-4125.138145318809 0.23629999999999995 0.13279999999999997 0.6309
-4107.437983001253 0.23629999999999995 0.15349999999999997 0.6102000000000001
-4093.703845803958 0.23629999999999995 0.17419999999999997 0.5895000000000001
-4077.5128532952467 0.23629999999999995 0.19489999999999996 0.5688000000000001
-4061.9457979044114 0.23629999999999995 0.21559999999999996 0.5481
-4045.705263994461 0.23629999999999995 0.23629999999999995 0.5274000000000001
-4033.4597600761135 0.23629999999999995 0.25699999999999995 0.5067000000000002
-4016.569405154443 0.23629999999999995 0.27769999999999995 0.4860000000000001
-4000.7791972164596 0.23629999999999995 0.29839999999999994 0.4653000000000001
-3985.2844501128757 0.23629999999999995 0.31909999999999994 0.4446000000000001
-3967.2332659217245 0.23629999999999995 0.33979999999999994 0.4239000000000001
-3949.898689005728 0.23629999999999995 0.36049999999999993 0.4032000000000001
-3930.909271903569 0.23629999999999995 0.38119999999999993 0.3825000000000001
-3913.624777943745 0.23629999999999995 0.4018999999999999 0.3618000000000001
-3892.035930170939 0.23629999999999995 0.4225999999999999 0.3411000000000001
-3875.6423364672282 0.23629999999999995 0.4432999999999999 0.32040000000000013
-3854.7072474318697 0.23629999999999995 0.4639999999999999 0.29970000000000013
-3836.6144399602417 0.23629999999999995 0.4846999999999999 0.27900000000000014
-3817.2011329200714 0.23629999999999995 0.5054 0.2583000000000001
-3797.0156414473086 0.23629999999999995 0.5260999999999999 0.23760000000000014
-3777.0215250888855 0.23629999999999995 0.5468 0.2169000000000001
-3756.4369984641858 0.23629999999999995 0.5674999999999999 0.19620000000000015
-3736.0817586985063 0.23629999999999995 0.5882 0.1755000000000001
-3713.962441461858 0.23629999999999995 0.6089 0.15480000000000005
-3691.2907880970647 0.23629999999999995 0.6295999999999999 0.1341000000000001
-3668.134860973644 0.23629999999999995 0.6502999999999999 0.11340000000000017
-3645.316720827256 0.23629999999999995 0.6709999999999999 0.09270000000000012
-3622.4383071000984 0.23629999999999995 0.6917 0.07200000000000006
-3599.4260966524093 0.23629999999999995 0.7123999999999999 0.05130000000000012
-3576.479328969597 0.23629999999999995 0.7330999999999999 0.030600000000000183
-4265.760755946172 0.25699999999999995 0.05 0.6930000000000001
-4254.6560989537775 0.25699999999999995 0.0707 0.6723000000000001
-4240.575544789667 0.25699999999999995 0.0914 0.6516000000000001
-4223.655205136267 0.25699999999999995 0.11209999999999999 0.6309000000000001
-4213.33458224522 0.25699999999999995 0.13279999999999997 0.6102000000000001
-4192.274482932419 0.25699999999999995 0.15349999999999997 0.5895000000000001
-4178.551034064938 0.25699999999999995 0.17419999999999997 0.5688000000000002
-4162.561692024 0.25699999999999995 0.19489999999999996 0.5481000000000001
-4147.467353135338 0.25699999999999995 0.21559999999999996 0.5274000000000001
-4134.810114605734 0.25699999999999995 0.23629999999999995 0.5067000000000002
-4119.040372713713 0.25699999999999995 0.25699999999999995 0.48600000000000015
-4102.593082680028 0.25699999999999995 0.27769999999999995 0.46530000000000016
-4085.617207665054 0.25699999999999995 0.29839999999999994 0.44460000000000016
-4069.518742392088 0.25699999999999995 0.31909999999999994 0.42390000000000017
-4052.4044033721048 0.25699999999999995 0.33979999999999994 0.40320000000000017
-4033.665153642019 0.25699999999999995 0.36049999999999993 0.3825000000000002
-4017.533184237089 0.25699999999999995 0.38119999999999993 0.3618000000000002
-3997.867087718877 0.25699999999999995 0.4018999999999999 0.3411000000000002
-3978.9349669290477 0.25699999999999995 0.4225999999999999 0.3204000000000002
-3959.0962025841886 0.25699999999999995 0.4432999999999999 0.2997000000000002
-3939.3747882993 0.25699999999999995 0.4639999999999999 0.2790000000000002
-3920.2525322268452 0.25699999999999995 0.4846999999999999 0.2583000000000002
-3900.0987956572203 0.25699999999999995 0.5054 0.23760000000000014
-3881.0656020681154 0.25699999999999995 0.5260999999999999 0.2169000000000002
-3861.5345016049096 0.25699999999999995 0.5468 0.19620000000000015
-3840.570569196903 0.25699999999999995 0.5674999999999999 0.1755000000000002
-3817.835993236608 0.25699999999999995 0.5882 0.15480000000000016
-3795.055512657054 0.25699999999999995 0.6089 0.1341000000000001
-3773.0399350545667 0.25699999999999995 0.6295999999999999 0.11340000000000017
-3749.6990364831477 0.25699999999999995 0.6502999999999999 0.09270000000000023
-3727.144941540909 0.25699999999999995 0.6709999999999999 0.07200000000000017
-3704.2753790985403 0.25699999999999995 0.6917 0.05130000000000012
-3681.1884013633035 0.25699999999999995 0.7123999999999999 0.030600000000000183
-4351.434396320891 0.27769999999999995 0.05 0.6723
-4340.168497324488 0.27769999999999995 0.0707 0.6516000000000001
-4323.974413211536 0.27769999999999995 0.0914 0.6309
-4310.864155449893 0.27769999999999995 0.11209999999999999 0.6102000000000001
-4299.952148394676 0.27769999999999995 0.13279999999999997 0.5895000000000001
-4279.488349859346 0.27769999999999995 0.15349999999999997 0.5688000000000001
-4262.882873259149 0.27769999999999995 0.17419999999999997 0.5481
-4252.61276186791 0.27769999999999995 0.19489999999999996 0.5274000000000001
-4236.811260988563 0.27769999999999995 0.21559999999999996 0.5067000000000002
-4220.385878510641 0.27769999999999995 0.23629999999999995 0.4860000000000001
-4204.112975109036 0.27769999999999995 0.25699999999999995 0.4653000000000001
-4188.779013731728 0.27769999999999995 0.27769999999999995 0.4446000000000001
-4172.306215990116 0.27769999999999995 0.29839999999999994 0.4239000000000001
-4155.0867344094 0.27769999999999995 0.31909999999999994 0.4032000000000001
-4136.892366823882 0.27769999999999995 0.33979999999999994 0.3825000000000001
-4119.803717703662 0.27769999999999995 0.36049999999999993 0.3618000000000001
-4100.557507159729 0.27769999999999995 0.38119999999999993 0.3411000000000001
-4082.4626382802157 0.27769999999999995 0.4018999999999999 0.32040000000000013
-4062.017939638646 0.27769999999999995 0.4225999999999999 0.29970000000000013
-4042.9780410018284 0.27769999999999995 0.4432999999999999 0.27900000000000014
-4023.376154728906 0.27769999999999995 0.4639999999999999 0.25830000000000014
-4003.588550137395 0.27769999999999995 0.4846999999999999 0.23760000000000014
-3983.8646388038633 0.27769999999999995 0.5054 0.2169000000000001
-3964.973603479488 0.27769999999999995 0.5260999999999999 0.19620000000000015
-3943.045673210325 0.27769999999999995 0.5468 0.1755000000000001
-3922.1650156716505 0.27769999999999995 0.5674999999999999 0.15480000000000016
-3899.3905351972867 0.27769999999999995 0.5882 0.1341000000000001
-3876.2349491781883 0.27769999999999995 0.6089 0.11340000000000006
-3853.522438542542 0.27769999999999995 0.6295999999999999 0.09270000000000012
-3830.1699026161195 0.27769999999999995 0.6502999999999999 0.07200000000000017
-3807.9420854201358 0.27769999999999995 0.6709999999999999 0.05130000000000012
-3784.6939102027422 0.27769999999999995 0.6917 0.03060000000000007
