-6254.21507790733 0.7330999999999999 0.05 0.21690000000000015
-6248.148745590669 0.7330999999999999 0.0707 0.19620000000000015
-6229.6008776465205 0.7330999999999999 0.0914 0.17550000000000016
-6197.141891025102 0.7330999999999999 0.11209999999999999 0.15480000000000016
-6177.8403964967665 0.7330999999999999 0.13279999999999997 0.13410000000000016
-6153.062641779734 0.7330999999999999 0.15349999999999997 0.11340000000000017
-6130.260604994954 0.7330999999999999 0.17419999999999997 0.09270000000000017
-6104.559120441258 0.7330999999999999 0.19489999999999996 0.07200000000000017
-6072.697790874621 0.7330999999999999 0.21559999999999996 0.05130000000000018
-6050.1357671727765 0.7330999999999999 0.23629999999999995 0.030600000000000183
-6340.415147046352 0.7537999999999999 0.05 0.1962000000000001
-6335.575452422854 0.7537999999999999 0.0707 0.1755000000000001
-6312.3921355950715 0.7537999999999999 0.0914 0.1548000000000001
-6291.296493791661 0.7537999999999999 0.11209999999999999 0.1341000000000001
-6257.865696046759 0.7537999999999999 0.13279999999999997 0.11340000000000011
-6234.155197403231 0.7537999999999999 0.15349999999999997 0.09270000000000012
-6211.252470958577 0.7537999999999999 0.17419999999999997 0.07200000000000012
-6180.915566488963 0.7537999999999999 0.19489999999999996 0.05130000000000012
-6158.5478169702255 0.7537999999999999 0.21559999999999996 0.030600000000000127
-6437.032132097142 0.7745 0.05 0.17550000000000004
-6421.612607622758 0.7745 0.0707 0.15480000000000005
-6399.050099858329 0.7745 0.0914 0.13410000000000005
-6370.843869125224 0.7745 0.11209999999999999 0.11340000000000004
-6349.028017190734 0.7745 0.13279999999999997 0.09270000000000006
-6319.896097045031 0.7745 0.15349999999999997 0.07200000000000006
-6293.486087378099 0.7745 0.17419999999999997 0.05130000000000007
-6267.525742000487 0.7745 0.19489999999999996 0.03060000000000007
