-3815.4491688052076 0.17419999999999997 0.05 0.7758
-3943.194342399044 0.17419999999999997 0.0707 0.7551000000000001
-3950.396225478118 0.17419999999999997 0.0914 0.7344
-3952.2036402581825 0.17419999999999997 0.11209999999999999 0.7137000000000001
-3951.578136950295 0.17419999999999997 0.13279999999999997 0.6930000000000001
-3959.6116767232174 0.17419999999999997 0.15349999999999997 0.6723000000000001
-3959.9394550586685 0.17419999999999997 0.17419999999999997 0.6516000000000002
-3956.9201472064633 0.17419999999999997 0.19489999999999996 0.6309000000000001
-3953.588073089634 0.17419999999999997 0.21559999999999996 0.6102000000000001
-3944.158059258736 0.17419999999999997 0.23629999999999995 0.5895000000000001
-3919.673645270802 0.17419999999999997 0.25699999999999995 0.5688000000000002
-3892.3503206178043 0.17419999999999997 0.27769999999999995 0.5481000000000001
-3868.2358656801953 0.17419999999999997 0.29839999999999994 0.5274000000000001
-3843.943215028908 0.17419999999999997 0.31909999999999994 0.5067000000000002
-3818.6800952345957 0.17419999999999997 0.33979999999999994 0.48600000000000015
-3794.9425139762434 0.17419999999999997 0.36049999999999993 0.46530000000000016
-3770.820468521565 0.17419999999999997 0.38119999999999993 0.44460000000000016
-3740.0412332616215 0.17419999999999997 0.4018999999999999 0.42390000000000017
-3713.302705939891 0.17419999999999997 0.4225999999999999 0.40320000000000017
-3688.968093092627 0.17419999999999997 0.4432999999999999 0.3825000000000002
-3663.3145648395152 0.17419999999999997 0.4639999999999999 0.3618000000000002
-3638.9149659877703 0.17419999999999997 0.4846999999999999 0.3411000000000002
-3611.9324835899533 0.17419999999999997 0.5054 0.32040000000000013
-3586.032029445087 0.17419999999999997 0.5260999999999999 0.2997000000000002
-3556.5399190345297 0.17419999999999997 0.5468 0.27900000000000014
-3528.3136057049865 0.17419999999999997 0.5674999999999999 0.2583000000000002
-3504.622896192697 0.17419999999999997 0.5882 0.23760000000000014
-3474.914050755491 0.17419999999999997 0.6089 0.2169000000000001
-3447.6799680650693 0.17419999999999997 0.6295999999999999 0.19620000000000015
-3420.5261572442955 0.17419999999999997 0.6502999999999999 0.1755000000000002
-3395.0372499026357 0.17419999999999997 0.6709999999999999 0.15480000000000016
-3365.2595502927575 0.17419999999999997 0.6917 0.1341000000000001
-3339.650965195681 0.17419999999999997 0.7123999999999999 0.11340000000000017
-3306.6777611300886 0.17419999999999997 0.7330999999999999 0.09270000000000023
-3288.3614099829533 0.17419999999999997 0.7537999999999999 0.07200000000000017
-3250.0176781498208 0.17419999999999997 0.7745 0.05130000000000012
-3224.7938305152866 0.17419999999999997 0.7951999999999999 0.030600000000000183
-4018.912878958135 0.19489999999999996 0.05 0.7551
-4011.566386334745 0.19489999999999996 0.0707 0.7344
-4026.2943008953425 0.19489999999999996 0.0914 0.7137
-4027.3651744710587 0.19489999999999996 0.11209999999999999 0.6930000000000001
-4029.502339133548 0.19489999999999996 0.13279999999999997 0.6723000000000001
-4035.3246669838986 0.19489999999999996 0.15349999999999997 0.6516000000000001
-4033.5282536685863 0.19489999999999996 0.17419999999999997 0.6309
-4031.312499387757 0.19489999999999996 0.19489999999999996 0.6102000000000001
-4029.768527075619 0.19489999999999996 0.21559999999999996 0.5895000000000001
-4013.643632557709 0.19489999999999996 0.23629999999999995 0.5688000000000001
-3985.730299974634 0.19489999999999996 0.25699999999999995 0.5481
-3970.4800689884573 0.19489999999999996 0.27769999999999995 0.5274000000000001
-3936.9262595994082 0.19489999999999996 0.29839999999999994 0.5067000000000002
-3918.302529833235 0.19489999999999996 0.31909999999999994 0.4860000000000001
-3890.9823509226785 0.19489999999999996 0.33979999999999994 0.4653000000000001
-3864.376250988355 0.19489999999999996 0.36049999999999993 0.4446000000000001
-3833.7800765626253 0.19489999999999996 0.38119999999999993 0.4239000000000001
-3815.856368285343 0.19489999999999996 0.4018999999999999 0.4032000000000001
-3786.773389086649 0.19489999999999996 0.4225999999999999 0.3825000000000001
-3760.712200602344 0.19489999999999996 0.4432999999999999 0.3618000000000001
-3732.2216365771255 0.19489999999999996 0.4639999999999999 0.3411000000000001
-3712.513476732112 0.19489999999999996 0.4846999999999999 0.32040000000000013
-3685.2680716052214 0.19489999999999996 0.5054 0.2997000000000001
-3654.253025126182 0.19489999999999996 0.5260999999999999 0.27900000000000014
-3625.8480543167816 0.19489999999999996 0.5468 0.2583000000000001
-3598.139392209749 0.19489999999999996 0.5674999999999999 0.23760000000000014
-3579.023196574181 0.19489999999999996 0.5882 0.2169000000000001
-3548.3851457219594 0.19489999999999996 0.6089 0.19620000000000004
-3518.334041432417 0.19489999999999996 0.6295999999999999 0.1755000000000001
-3492.456901394305 0.19489999999999996 0.6502999999999999 0.15480000000000016
-3463.7806679283008 0.19489999999999996 0.6709999999999999 0.1341000000000001
-3434.8068123631742 0.19489999999999996 0.6917 0.11340000000000006
-3408.773349711058 0.19489999999999996 0.7123999999999999 0.09270000000000012
-3381.9986604838464 0.19489999999999996 0.7330999999999999 0.07200000000000017
-3350.084390862292 0.19489999999999996 0.7537999999999999 0.05130000000000012
-3325.392436765271 0.19489999999999996 0.7745 0.03060000000000007
-4104.558871733741 0.21559999999999996 0.05 0.7343999999999999
-4109.148381938985 0.21559999999999996 0.0707 0.7137
-4111.084108094304 0.21559999999999996 0.0914 0.693
-4117.361680400523 0.21559999999999996 0.11209999999999999 0.6723
-4117.7364951731 0.21559999999999996 0.13279999999999997 0.6516
-4117.105181614485 0.21559999999999996 0.15349999999999997 0.6309
-4119.555662899079 0.21559999999999996 0.17419999999999997 0.6102000000000001
-4098.683470044123 0.21559999999999996 0.19489999999999996 0.5895
-4109.080898480322 0.21559999999999996 0.21559999999999996 0.5688
-4088.5812251805255 0.21559999999999996 0.23629999999999995 0.5481
-4065.682076362571 0.21559999999999996 0.25699999999999995 0.5274000000000001
-4039.7034682958024 0.21559999999999996 0.27769999999999995 0.5067
-4017.300743370792 0.21559999999999996 0.29839999999999994 0.48600000000000004
-3991.5494916417447 0.21559999999999996 0.31909999999999994 0.46530000000000005
-3968.9648773649387 0.21559999999999996 0.33979999999999994 0.44460000000000005
-3939.825028132839 0.21559999999999996 0.36049999999999993 0.42390000000000005
-3920.8095665730666 0.21559999999999996 0.38119999999999993 0.40320000000000006
-3886.689482899061 0.21559999999999996 0.4018999999999999 0.38250000000000006
-3867.813518011237 0.21559999999999996 0.4225999999999999 0.36180000000000007
-3839.8103697921424 0.21559999999999996 0.4432999999999999 0.34110000000000007
-3813.134855212182 0.21559999999999996 0.4639999999999999 0.3204000000000001
-3783.477993766392 0.21559999999999996 0.4846999999999999 0.2997000000000001
-3764.479528695705 0.21559999999999996 0.5054 0.279
-3733.7855087834246 0.21559999999999996 0.5260999999999999 0.2583000000000001
-3700.58603364284 0.21559999999999996 0.5468 0.23760000000000003
-3673.8678299005987 0.21559999999999996 0.5674999999999999 0.2169000000000001
-3649.262793041473 0.21559999999999996 0.5882 0.19620000000000004
-3618.0557006140684 0.21559999999999996 0.6089 0.1755
-3586.905755899638 0.21559999999999996 0.6295999999999999 0.15480000000000005
-3566.619429775952 0.21559999999999996 0.6502999999999999 0.1341000000000001
-3527.659794717357 0.21559999999999996 0.6709999999999999 0.11340000000000006
-3513.0075000180723 0.21559999999999996 0.6917 0.0927
-3488.10688186425 0.21559999999999996 0.7123999999999999 0.07200000000000006
-3458.2425116118675 0.21559999999999996 0.7330999999999999 0.05130000000000012
-3432.538785541932 0.21559999999999996 0.7537999999999999 0.03060000000000007
