-6513.06952250603 0.7951999999999999 0.05 0.1548000000000001
-6500.586731269771 0.7951999999999999 0.0707 0.1341000000000001
-6473.4403275182 0.7951999999999999 0.0914 0.1134000000000001
-6445.461078369195 0.7951999999999999 0.11209999999999999 0.0927000000000001
-6423.007817648153 0.7951999999999999 0.13279999999999997 0.07200000000000012
-6399.0510389867595 0.7951999999999999 0.15349999999999997 0.05130000000000012
-6367.592009870367 0.7951999999999999 0.17419999999999997 0.030600000000000127
-6607.281067954416 0.8158999999999998 0.05 0.13410000000000016
-6581.654606832321 0.8158999999999998 0.0707 0.11340000000000015
-6562.2134288532525 0.8158999999999998 0.0914 0.09270000000000016
-6533.825372228262 0.8158999999999998 0.11209999999999999 0.07200000000000016
-6506.227691635846 0.8158999999999998 0.13279999999999997 0.05130000000000018
-6481.144306557551 0.8158999999999998 0.15349999999999997 0.030600000000000183
-6695.92832064182 0.8365999999999999 0.05 0.1134000000000001
-6672.614806035421 0.8365999999999999 0.0707 0.0927000000000001
-6649.853581902024 0.8365999999999999 0.0914 0.0720000000000001
-6618.662576236924 0.8365999999999999 0.11209999999999999 0.05130000000000011
-6591.851794710189 0.8365999999999999 0.13279999999999997 0.030600000000000127
