-4707.800613608207 0.36049999999999993 0.05 0.5895
-4712.038686420864 0.36049999999999993 0.0707 0.5688000000000001
-4708.600737974124 0.36049999999999993 0.0914 0.5481
-4712.031035702583 0.36049999999999993 0.11209999999999999 0.5274000000000001
-4705.532880545033 0.36049999999999993 0.13279999999999997 0.5067000000000002
-4702.434639526795 0.36049999999999993 0.15349999999999997 0.4860000000000001
-4702.020508194884 0.36049999999999993 0.17419999999999997 0.4653000000000001
-4679.653189355566 0.36049999999999993 0.19489999999999996 0.4446000000000001
-4648.673301420783 0.36049999999999993 0.21559999999999996 0.4239000000000001
-4626.122932506013 0.36049999999999993 0.23629999999999995 0.4032000000000001
-4602.907676827477 0.36049999999999993 0.25699999999999995 0.3825000000000001
-4576.572047429122 0.36049999999999993 0.27769999999999995 0.3618000000000001
-4553.003233023951 0.36049999999999993 0.29839999999999994 0.3411000000000001
-4527.319289686394 0.36049999999999993 0.31909999999999994 0.32040000000000013
-4501.697963827302 0.36049999999999993 0.33979999999999994 0.29970000000000013
-4477.0681940186505 0.36049999999999993 0.36049999999999993 0.27900000000000014
-4448.862042687106 0.36049999999999993 0.38119999999999993 0.25830000000000014
-4437.989487403632 0.36049999999999993 0.4018999999999999 0.23760000000000014
-4396.656403970579 0.36049999999999993 0.4225999999999999 0.21690000000000015
-4370.414285922336 0.36049999999999993 0.4432999999999999 0.19620000000000015
-4346.255186528492 0.36049999999999993 0.4639999999999999 0.17550000000000016
-4312.486586696924 0.36049999999999993 0.4846999999999999 0.15480000000000016
-4278.502492514267 0.36049999999999993 0.5054 0.1341000000000001
-4253.98271189358 0.36049999999999993 0.5260999999999999 0.11340000000000017
-4224.653045505628 0.36049999999999993 0.5468 0.09270000000000012
-4200.461072639909 0.36049999999999993 0.5674999999999999 0.07200000000000017
-4184.436898806432 0.36049999999999993 0.5882 0.05130000000000012
-4148.198297090357 0.36049999999999993 0.6089 0.03060000000000007
-4787.459300446263 0.38119999999999993 0.05 0.5688
-4781.755532364517 0.38119999999999993 0.0707 0.5481
-4784.153134035725 0.38119999999999993 0.0914 0.5274
-4781.781336940837 0.38119999999999993 0.11209999999999999 0.5067
-4779.922740130162 0.38119999999999993 0.13279999999999997 0.48600000000000004
-4780.918351075349 0.38119999999999993 0.15349999999999997 0.46530000000000005
-4767.588357898082 0.38119999999999993 0.17419999999999997 0.44460000000000005
-4746.543909308956 0.38119999999999993 0.19489999999999996 0.42390000000000005
-4720.089003182323 0.38119999999999993 0.21559999999999996 0.40320000000000006
-4702.814206866537 0.38119999999999993 0.23629999999999995 0.38250000000000006
-4676.234345159317 0.38119999999999993 0.25699999999999995 0.36180000000000007
-4646.6804319783005 0.38119999999999993 0.27769999999999995 0.34110000000000007
-4625.923032002355 0.38119999999999993 0.29839999999999994 0.3204000000000001
-4602.651497834391 0.38119999999999993 0.31909999999999994 0.2997000000000001
-4580.587994159401 0.38119999999999993 0.33979999999999994 0.2790000000000001
-4557.1815871070385 0.38119999999999993 0.36049999999999993 0.2583000000000001
-4519.49308910614 0.38119999999999993 0.38119999999999993 0.2376000000000001
-4496.917103281623 0.38119999999999993 0.4018999999999999 0.2169000000000001
-4474.643932782987 0.38119999999999993 0.4225999999999999 0.1962000000000001
-4440.115373305744 0.38119999999999993 0.4432999999999999 0.1755000000000001
-4415.302125132738 0.38119999999999993 0.4639999999999999 0.1548000000000001
-4390.994330168534 0.38119999999999993 0.4846999999999999 0.1341000000000001
-4363.964781824476 0.38119999999999993 0.5054 0.11340000000000006
-4334.203206860429 0.38119999999999993 0.5260999999999999 0.09270000000000012
-4310.264086325777 0.38119999999999993 0.5468 0.07200000000000006
-4284.471450897921 0.38119999999999993 0.5674999999999999 0.05130000000000012
-4252.047004551911 0.38119999999999993 0.5882 0.03060000000000007
-4879.571562839983 0.4018999999999999 0.05 0.5481
-4877.595004057356 0.4018999999999999 0.0707 0.5274000000000001
-4878.674490798792 0.4018999999999999 0.0914 0.5067
-4874.353130257857 0.4018999999999999 0.11209999999999999 0.4860000000000001
-4878.37521878197 0.4018999999999999 0.13279999999999997 0.4653000000000001
-4880.553065567048 0.4018999999999999 0.15349999999999997 0.4446000000000001
-4857.422390601265 0.4018999999999999 0.17419999999999997 0.4239000000000001
-4827.842371356707 0.4018999999999999 0.19489999999999996 0.4032000000000001
-4805.929359058086 0.4018999999999999 0.21559999999999996 0.3825000000000001
-4777.463044738667 0.4018999999999999 0.23629999999999995 0.3618000000000001
-4756.195278224484 0.4018999999999999 0.25699999999999995 0.3411000000000001
-4733.273522171833 0.4018999999999999 0.27769999999999995 0.32040000000000013
-4713.415065290608 0.4018999999999999 0.29839999999999994 0.29970000000000013
-4685.075301643051 0.4018999999999999 0.31909999999999994 0.27900000000000014
-4644.120705945813 0.4018999999999999 0.33979999999999994 0.25830000000000014
-4618.962081836397 0.4018999999999999 0.36049999999999993 0.23760000000000014
-4590.194431549668 0.4018999999999999 0.38119999999999993 0.21690000000000015
-4575.060821208677 0.4018999999999999 0.4018999999999999 0.19620000000000015
-4540.529114300639 0.4018999999999999 0.4225999999999999 0.17550000000000016
-4530.168375049611 0.4018999999999999 0.4432999999999999 0.15480000000000016
-4488.022387525284 0.4018999999999999 0.4639999999999999 0.13410000000000016
-4467.403998615426 0.4018999999999999 0.4846999999999999 0.11340000000000017
-4441.649218369888 0.4018999999999999 0.5054 0.09270000000000012
-4416.337295804141 0.4018999999999999 0.5260999999999999 0.07200000000000017
-4387.513584643195 0.4018999999999999 0.5468 0.05130000000000012
-4363.921844428082 0.4018999999999999 0.5674999999999999 0.030600000000000183
