-5997.263869078568 0.6709999999999999 0.05 0.2790000000000001
-5990.091381239952 0.6709999999999999 0.0707 0.2583000000000001
-5987.702526577437 0.6709999999999999 0.0914 0.2376000000000001
-5958.846637538497 0.6709999999999999 0.11209999999999999 0.2169000000000001
-5946.618376101698 0.6709999999999999 0.13279999999999997 0.1962000000000001
-5909.023093702797 0.6709999999999999 0.15349999999999997 0.1755000000000001
-5882.340555517697 0.6709999999999999 0.17419999999999997 0.1548000000000001
-5857.754508157155 0.6709999999999999 0.19489999999999996 0.1341000000000001
-5834.639816145816 0.6709999999999999 0.21559999999999996 0.11340000000000011
-5805.723648824143 0.6709999999999999 0.23629999999999995 0.09270000000000012
-5793.264939268903 0.6709999999999999 0.25699999999999995 0.07200000000000012
-5752.7620607179515 0.6709999999999999 0.27769999999999995 0.05130000000000012
-5728.981329511554 0.6709999999999999 0.29839999999999994 0.030600000000000127
-6080.575779869935 0.6917 0.05 0.25830000000000003
-6075.621526176525 0.6917 0.0707 0.23760000000000003
-6070.967604167097 0.6917 0.0914 0.21690000000000004
-6041.440638403026 0.6917 0.11209999999999999 0.19620000000000004
-6013.665881183689 0.6917 0.13279999999999997 0.17550000000000004
-5992.495675554765 0.6917 0.15349999999999997 0.15480000000000005
-5976.236430099343 0.6917 0.17419999999999997 0.13410000000000005
-5939.104504457497 0.6917 0.19489999999999996 0.11340000000000006
-5918.6201778803925 0.6917 0.21559999999999996 0.09270000000000006
-5885.397126890799 0.6917 0.23629999999999995 0.07200000000000006
-5863.132206970812 0.6917 0.25699999999999995 0.05130000000000007
-5834.233716004763 0.6917 0.27769999999999995 0.03060000000000007
-6183.208546816437 0.7123999999999999 0.05 0.2376000000000001
-6172.284875977619 0.7123999999999999 0.0707 0.2169000000000001
-6154.562362335034 0.7123999999999999 0.0914 0.1962000000000001
-6131.0871000000525 0.7123999999999999 0.11209999999999999 0.1755000000000001
-6099.1117659186075 0.7123999999999999 0.13279999999999997 0.1548000000000001
-6081.1510280577 0.7123999999999999 0.15349999999999997 0.1341000000000001
-6058.943536284559 0.7123999999999999 0.17419999999999997 0.11340000000000011
-6024.283331646262 0.7123999999999999 0.19489999999999996 0.09270000000000012
-6001.41620190524 0.7123999999999999 0.21559999999999996 0.07200000000000012
-5976.68104751967 0.7123999999999999 0.23629999999999995 0.05130000000000012
-5956.06613079904 0.7123999999999999 0.25699999999999995 0.030600000000000127
