-5477.691090796353 0.5468 0.05 0.40320000000000006
-5478.608054177358 0.5468 0.0707 0.38250000000000006
-5473.4899156440515 0.5468 0.0914 0.36180000000000007
-5469.325121571347 0.5468 0.11209999999999999 0.34110000000000007
-5454.672151357051 0.5468 0.13279999999999997 0.3204000000000001
-5430.141719649686 0.5468 0.15349999999999997 0.2997000000000001
-5406.320710433877 0.5468 0.17419999999999997 0.2790000000000001
-5377.213108021134 0.5468 0.19489999999999996 0.2583000000000001
-5352.686000161233 0.5468 0.21559999999999996 0.2376000000000001
-5323.47147165154 0.5468 0.23629999999999995 0.2169000000000001
-5302.747650605991 0.5468 0.25699999999999995 0.1962000000000001
-5271.456010831012 0.5468 0.27769999999999995 0.1755000000000001
-5250.477914225862 0.5468 0.29839999999999994 0.1548000000000001
-5229.478896849956 0.5468 0.31909999999999994 0.1341000000000001
-5200.308337503782 0.5468 0.33979999999999994 0.11340000000000011
-5174.301795176174 0.5468 0.36049999999999993 0.09270000000000012
-5150.071439641027 0.5468 0.38119999999999993 0.07200000000000012
-5112.839753411395 0.5468 0.4018999999999999 0.05130000000000012
-5093.446778678132 0.5468 0.4225999999999999 0.030600000000000127
-5564.652836211135 0.5674999999999999 0.05 0.3825000000000001
-5558.68316299522 0.5674999999999999 0.0707 0.3618000000000001
-5551.994541077768 0.5674999999999999 0.0914 0.3411000000000001
-5549.8361486206495 0.5674999999999999 0.11209999999999999 0.32040000000000013
-5531.137725796869 0.5674999999999999 0.13279999999999997 0.29970000000000013
-5510.113054679443 0.5674999999999999 0.15349999999999997 0.27900000000000014
-5483.893759535006 0.5674999999999999 0.17419999999999997 0.25830000000000014
-5454.762969268702 0.5674999999999999 0.19489999999999996 0.23760000000000014
-5431.561464660053 0.5674999999999999 0.21559999999999996 0.21690000000000015
-5405.987061553394 0.5674999999999999 0.23629999999999995 0.19620000000000015
-5383.26429906085 0.5674999999999999 0.25699999999999995 0.17550000000000016
-5359.541416384149 0.5674999999999999 0.27769999999999995 0.15480000000000016
-5323.441597480883 0.5674999999999999 0.29839999999999994 0.13410000000000016
-5301.7143441200315 0.5674999999999999 0.31909999999999994 0.11340000000000017
-5279.461568655384 0.5674999999999999 0.33979999999999994 0.09270000000000017
-5252.257636019831 0.5674999999999999 0.36049999999999993 0.07200000000000017
-5216.017972591525 0.5674999999999999 0.38119999999999993 0.05130000000000018
-5198.972104854623 0.5674999999999999 0.4018999999999999 0.030600000000000183
-5670.992804774494 0.5882 0.05 0.36180000000000007
-5656.6439423328675 0.5882 0.0707 0.34110000000000007
-5662.230973553907 0.5882 0.0914 0.3204000000000001
-5651.867994722373 0.5882 0.11209999999999999 0.2997000000000001
-5615.951630129528 0.5882 0.13279999999999997 0.2790000000000001
-5598.018499829363 0.5882 0.15349999999999997 0.2583000000000001
-5568.657823150009 0.5882 0.17419999999999997 0.2376000000000001
-5533.392594379682 0.5882 0.19489999999999996 0.2169000000000001
-5528.0508567932 0.5882 0.21559999999999996 0.1962000000000001
-5497.28271797112 0.5882 0.23629999999999995 0.1755000000000001
-5461.083195802013 0.5882 0.25699999999999995 0.1548000000000001
-5445.032935236288 0.5882 0.27769999999999995 0.1341000000000001
-5423.203830600423 0.5882 0.29839999999999994 0.11340000000000011
-5384.613065017807 0.5882 0.31909999999999994 0.09270000000000012
-5359.291029074003 0.5882 0.33979999999999994 0.07200000000000012
-5341.563028765104 0.5882 0.36049999999999993 0.05130000000000012
-5304.253021543651 0.5882 0.38119999999999993 0.030600000000000127
