-5745.207134883536 0.6089 0.05 0.3411
-5741.945720914706 0.6089 0.0707 0.3204
-5731.559361962816 0.6089 0.0914 0.2997
-5721.738204702201 0.6089 0.11209999999999999 0.279
-5691.575727735114 0.6089 0.13279999999999997 0.25830000000000003
-5672.446992021411 0.6089 0.15349999999999997 0.23760000000000003
-5641.319482953032 0.6089 0.17419999999999997 0.21690000000000004
-5621.293271708681 0.6089 0.19489999999999996 0.19620000000000004
-5594.888234789427 0.6089 0.21559999999999996 0.17550000000000004
-5566.089831369854 0.6089 0.23629999999999995 0.15480000000000005
-5550.281640997779 0.6089 0.25699999999999995 0.13410000000000005
-5518.001610631564 0.6089 0.27769999999999995 0.11340000000000006
-5503.297548561936 0.6089 0.29839999999999994 0.09270000000000006
-5458.06606309109 0.6089 0.31909999999999994 0.07200000000000006
-5431.245644344252 0.6089 0.33979999999999994 0.05130000000000007
-5413.109315481226 0.6089 0.36049999999999993 0.03060000000000007
-5825.687570623453 0.6295999999999999 0.05 0.3204000000000001
-5816.054192439212 0.6295999999999999 0.0707 0.2997000000000001
-5811.567490014995 0.6295999999999999 0.0914 0.2790000000000001
-5795.215102113969 0.6295999999999999 0.11209999999999999 0.2583000000000001
-5774.214459308311 0.6295999999999999 0.13279999999999997 0.2376000000000001
-5742.934200592467 0.6295999999999999 0.15349999999999997 0.2169000000000001
-5723.245598292349 0.6295999999999999 0.17419999999999997 0.1962000000000001
-5700.488474349751 0.6295999999999999 0.19489999999999996 0.1755000000000001
-5676.2691116457945 0.6295999999999999 0.21559999999999996 0.1548000000000001
-5651.233901118822 0.6295999999999999 0.23629999999999995 0.1341000000000001
-5613.1526732837165 0.6295999999999999 0.25699999999999995 0.11340000000000011
-5602.53605841106 0.6295999999999999 0.27769999999999995 0.09270000000000012
-5566.775395801217 0.6295999999999999 0.29839999999999994 0.07200000000000012
-5538.959408076365 0.6295999999999999 0.31909999999999994 0.05130000000000012
-5520.835756608663 0.6295999999999999 0.33979999999999994 0.030600000000000127
-5926.831788769216 0.6502999999999999 0.05 0.29970000000000013
-5914.605547244483 0.6502999999999999 0.0707 0.27900000000000014
-5914.121261156253 0.6502999999999999 0.0914 0.25830000000000014
-5878.268186094546 0.6502999999999999 0.11209999999999999 0.23760000000000014
-5862.866450300743 0.6502999999999999 0.13279999999999997 0.21690000000000015
-5837.413747765156 0.6502999999999999 0.15349999999999997 0.19620000000000015
-5810.449846495373 0.6502999999999999 0.17419999999999997 0.17550000000000016
-5785.12152862682 0.6502999999999999 0.19489999999999996 0.15480000000000016
-5760.794065860236 0.6502999999999999 0.21559999999999996 0.13410000000000016
-5720.1908104774175 0.6502999999999999 0.23629999999999995 0.11340000000000017
-5705.385747578248 0.6502999999999999 0.25699999999999995 0.09270000000000017
-5684.299855152166 0.6502999999999999 0.27769999999999995 0.07200000000000017
-5646.98366176719 0.6502999999999999 0.29839999999999994 0.05130000000000018
-5618.860828693439 0.6502999999999999 0.31909999999999994 0.030600000000000183
