-4454.835971912124 0.29839999999999994 0.05 0.6516
-4452.608306467293 0.29839999999999994 0.0707 0.6309
-4456.254585158115 0.29839999999999994 0.0914 0.6102
-4460.105000237135 0.29839999999999994 0.11209999999999999 0.5895
-4451.746431671847 0.29839999999999994 0.13279999999999997 0.5688
-4457.948728161105 0.29839999999999994 0.15349999999999997 0.5481
-4450.419089141062 0.29839999999999994 0.17419999999999997 0.5274000000000001
-4445.63355540653 0.29839999999999994 0.19489999999999996 0.5067
-4422.947918702109 0.29839999999999994 0.21559999999999996 0.48600000000000004
-4397.985283420787 0.29839999999999994 0.23629999999999995 0.46530000000000005
-4371.981294206287 0.29839999999999994 0.25699999999999995 0.44460000000000005
-4348.349901122328 0.29839999999999994 0.27769999999999995 0.42390000000000005
-4318.196208881317 0.29839999999999994 0.29839999999999994 0.40320000000000006
-4296.784947492081 0.29839999999999994 0.31909999999999994 0.38250000000000006
-4278.376704469935 0.29839999999999994 0.33979999999999994 0.36180000000000007
-4244.790496253614 0.29839999999999994 0.36049999999999993 0.34110000000000007
-4219.5117076481665 0.29839999999999994 0.38119999999999993 0.3204000000000001
-4195.565070116581 0.29839999999999994 0.4018999999999999 0.2997000000000001
-4170.794681009985 0.29839999999999994 0.4225999999999999 0.2790000000000001
-4133.253522586672 0.29839999999999994 0.4432999999999999 0.2583000000000001
-4113.192962172165 0.29839999999999994 0.4639999999999999 0.2376000000000001
-4094.598794050584 0.29839999999999994 0.4846999999999999 0.2169000000000001
-4064.3266319546765 0.29839999999999994 0.5054 0.19620000000000004
-4033.8456849930662 0.29839999999999994 0.5260999999999999 0.1755000000000001
-4003.7133422093 0.29839999999999994 0.5468 0.15480000000000005
-3987.237694524955 0.29839999999999994 0.5674999999999999 0.1341000000000001
-3955.404091270653 0.29839999999999994 0.5882 0.11340000000000006
-3924.0775604264713 0.29839999999999994 0.6089 0.0927
-3903.6147804968987 0.29839999999999994 0.6295999999999999 0.07200000000000006
-3858.8492657005927 0.29839999999999994 0.6502999999999999 0.05130000000000012
-3845.916138660656 0.29839999999999994 0.6709999999999999 0.03060000000000007
-4529.157720909096 0.31909999999999994 0.05 0.6309
-4525.032645482917 0.31909999999999994 0.0707 0.6102000000000001
-4529.844123340629 0.31909999999999994 0.0914 0.5895
-4531.367196306269 0.31909999999999994 0.11209999999999999 0.5688000000000001
-4530.383839638074 0.31909999999999994 0.13279999999999997 0.5481
-4527.886233643539 0.31909999999999994 0.15349999999999997 0.5274000000000001
-4521.267902801616 0.31909999999999994 0.17419999999999997 0.5067000000000002
-4520.259737341842 0.31909999999999994 0.19489999999999996 0.4860000000000001
-4493.824264512192 0.31909999999999994 0.21559999999999996 0.4653000000000001
-4469.125943195075 0.31909999999999994 0.23629999999999995 0.4446000000000001
-4444.658349935985 0.31909999999999994 0.25699999999999995 0.4239000000000001
-4421.314411369239 0.31909999999999994 0.27769999999999995 0.4032000000000001
-4393.40352064442 0.31909999999999994 0.29839999999999994 0.3825000000000001
-4370.426326610222 0.31909999999999994 0.31909999999999994 0.3618000000000001
-4339.535419372085 0.31909999999999994 0.33979999999999994 0.3411000000000001
-4313.510475278064 0.31909999999999994 0.36049999999999993 0.32040000000000013
-4292.9852939999955 0.31909999999999994 0.38119999999999993 0.29970000000000013
-4262.165796541349 0.31909999999999994 0.4018999999999999 0.27900000000000014
-4237.163089095115 0.31909999999999994 0.4225999999999999 0.25830000000000014
-4215.577669792492 0.31909999999999994 0.4432999999999999 0.23760000000000014
-4182.890442573957 0.31909999999999994 0.4639999999999999 0.21690000000000015
-4159.651783578223 0.31909999999999994 0.4846999999999999 0.19620000000000015
-4132.342762250689 0.31909999999999994 0.5054 0.1755000000000001
-4103.42808757207 0.31909999999999994 0.5260999999999999 0.15480000000000016
-4073.984561965932 0.31909999999999994 0.5468 0.1341000000000001
-4053.31840850923 0.31909999999999994 0.5674999999999999 0.11340000000000017
-4027.0704340180423 0.31909999999999994 0.5882 0.09270000000000012
-3998.877788330387 0.31909999999999994 0.6089 0.07200000000000006
-3971.2741066018893 0.31909999999999994 0.6295999999999999 0.05130000000000012
-3940.636849788599 0.31909999999999994 0.6502999999999999 0.030600000000000183
-4629.20275011062 0.33979999999999994 0.05 0.6102000000000001
-4619.328199229783 0.33979999999999994 0.0707 0.5895000000000001
-4623.473730523674 0.33979999999999994 0.0914 0.5688000000000001
-4619.437262289499 0.33979999999999994 0.11209999999999999 0.5481000000000001
-4622.464822575936 0.33979999999999994 0.13279999999999997 0.5274000000000001
-4617.18864519039 0.33979999999999994 0.15349999999999997 0.5067000000000002
-4613.099907726333 0.33979999999999994 0.17419999999999997 0.48600000000000015
-4597.059544310872 0.33979999999999994 0.19489999999999996 0.46530000000000016
-4572.944555370535 0.33979999999999994 0.21559999999999996 0.44460000000000016
-4549.949130103072 0.33979999999999994 0.23629999999999995 0.42390000000000017
-4533.167907608525 0.33979999999999994 0.25699999999999995 0.40320000000000017
-4501.142964821614 0.33979999999999994 0.27769999999999995 0.3825000000000002
-4470.887636476956 0.33979999999999994 0.29839999999999994 0.3618000000000002
-4449.514003190351 0.33979999999999994 0.31909999999999994 0.3411000000000002
-4423.145142997513 0.33979999999999994 0.33979999999999994 0.3204000000000002
-4396.249705718971 0.33979999999999994 0.36049999999999993 0.2997000000000002
-4383.743992942994 0.33979999999999994 0.38119999999999993 0.2790000000000002
-4345.333476920378 0.33979999999999994 0.4018999999999999 0.2583000000000002
-4316.360657391341 0.33979999999999994 0.4225999999999999 0.2376000000000002
-4297.67630784733 0.33979999999999994 0.4432999999999999 0.2169000000000002
-4270.458359602503 0.33979999999999994 0.4639999999999999 0.1962000000000002
-4238.557183747493 0.33979999999999994 0.4846999999999999 0.1755000000000002
-4212.036607267803 0.33979999999999994 0.5054 0.15480000000000016
-4183.0545758914795 0.33979999999999994 0.5260999999999999 0.13410000000000022
-4156.070299544721 0.33979999999999994 0.5468 0.11340000000000017
-4133.957882853134 0.33979999999999994 0.5674999999999999 0.09270000000000023
-4108.984314455905 0.33979999999999994 0.5882 0.07200000000000017
-4075.149044521088 0.33979999999999994 0.6089 0.05130000000000012
-4047.2696452804903 0.33979999999999994 0.6295999999999999 0.030600000000000183
