-5489.443897530646 0.5468 0.05 0.40320000000000006
-5471.814096033904 0.5468 0.0707 0.38250000000000006
-5455.446270699179 0.5468 0.0914 0.36180000000000007
-5441.418617874018 0.5468 0.11209999999999999 0.34110000000000007
-5423.9794446322285 0.5468 0.13279999999999997 0.3204000000000001
-5410.071147029218 0.5468 0.15349999999999997 0.2997000000000001
-5394.502064853784 0.5468 0.17419999999999997 0.2790000000000001
-5376.280330862316 0.5468 0.19489999999999996 0.2583000000000001
-5361.508239002593 0.5468 0.21559999999999996 0.2376000000000001
-5340.321199511483 0.5468 0.23629999999999995 0.2169000000000001
-5323.215558025506 0.5468 0.25699999999999995 0.1962000000000001
-5304.231889802177 0.5468 0.27769999999999995 0.1755000000000001
-5282.389444667182 0.5468 0.29839999999999994 0.1548000000000001
-5265.063504555411 0.5468 0.31909999999999994 0.1341000000000001
-5243.225142306131 0.5468 0.33979999999999994 0.11340000000000011
-5223.5095119132175 0.5468 0.36049999999999993 0.09270000000000012
-5201.133989439013 0.5468 0.38119999999999993 0.07200000000000012
-5176.12612616256 0.5468 0.4018999999999999 0.05130000000000012
-5155.781353099661 0.5468 0.4225999999999999 0.030600000000000127
-5573.041659872534 0.5674999999999999 0.05 0.3825000000000001
-5559.024365579638 0.5674999999999999 0.0707 0.3618000000000001
-5543.311154073078 0.5674999999999999 0.0914 0.3411000000000001
-5527.7352133925215 0.5674999999999999 0.11209999999999999 0.32040000000000013
-5511.000209201565 0.5674999999999999 0.13279999999999997 0.29970000000000013
-5495.775467279135 0.5674999999999999 0.15349999999999997 0.27900000000000014
-5479.979433108559 0.5674999999999999 0.17419999999999997 0.25830000000000014
-5464.135066428203 0.5674999999999999 0.19489999999999996 0.23760000000000014
-5445.3227887488365 0.5674999999999999 0.21559999999999996 0.21690000000000015
-5426.229305851777 0.5674999999999999 0.23629999999999995 0.19620000000000015
-5407.147934924654 0.5674999999999999 0.25699999999999995 0.17550000000000016
-5387.920871586051 0.5674999999999999 0.27769999999999995 0.15480000000000016
-5368.090303196069 0.5674999999999999 0.29839999999999994 0.13410000000000016
-5349.186513516127 0.5674999999999999 0.31909999999999994 0.11340000000000017
-5326.828590386318 0.5674999999999999 0.33979999999999994 0.09270000000000017
-5304.697853458647 0.5674999999999999 0.36049999999999993 0.07200000000000017
-5282.385328605296 0.5674999999999999 0.38119999999999993 0.05130000000000018
-5259.113612119733 0.5674999999999999 0.4018999999999999 0.030600000000000183
-5660.283140838156 0.5882 0.05 0.36180000000000007
-5646.56577447209 0.5882 0.0707 0.34110000000000007
-5628.861357121265 0.5882 0.0914 0.3204000000000001
-5615.173344730848 0.5882 0.11209999999999999 0.2997000000000001
-5597.626527808406 0.5882 0.13279999999999997 0.2790000000000001
-5582.038004777323 0.5882 0.15349999999999997 0.2583000000000001
-5567.511143206105 0.5882 0.17419999999999997 0.2376000000000001
-5547.490834593658 0.5882 0.19489999999999996 0.2169000000000001
-5532.153213197474 0.5882 0.21559999999999996 0.1962000000000001
-5511.021505885213 0.5882 0.23629999999999995 0.1755000000000001
-5491.078312118693 0.5882 0.25699999999999995 0.1548000000000001
-5474.511752401264 0.5882 0.27769999999999995 0.1341000000000001
-5453.055007114048 0.5882 0.29839999999999994 0.11340000000000011
-5433.7701985355325 0.5882 0.31909999999999994 0.09270000000000012
-5409.199536482692 0.5882 0.33979999999999994 0.07200000000000012
-5387.258911504955 0.5882 0.36049999999999993 0.05130000000000012
-5366.345876190612 0.5882 0.38119999999999993 0.030600000000000127
