-3917.547962840731 0.17419999999999997 0.05 0.7758
-3907.0189103857992 0.17419999999999997 0.0707 0.7551000000000001
-3890.9913769144273 0.17419999999999997 0.0914 0.7344
-3875.137096140733 0.17419999999999997 0.11209999999999999 0.7137000000000001
-3863.3905018396918 0.17419999999999997 0.13279999999999997 0.6930000000000001
-3849.915317150519 0.17419999999999997 0.15349999999999997 0.6723000000000001
-3832.3803126213534 0.17419999999999997 0.17419999999999997 0.6516000000000002
-3818.0528832564505 0.17419999999999997 0.19489999999999996 0.6309000000000001
-3801.7076299248724 0.17419999999999997 0.21559999999999996 0.6102000000000001
-3786.46139041237 0.17419999999999997 0.23629999999999995 0.5895000000000001
-3769.0969110042056 0.17419999999999997 0.25699999999999995 0.5688000000000002
-3754.827564987496 0.17419999999999997 0.27769999999999995 0.5481000000000001
-3737.541234662472 0.17419999999999997 0.29839999999999994 0.5274000000000001
-3724.5342588209455 0.17419999999999997 0.31909999999999994 0.5067000000000002
-3705.0636008938986 0.17419999999999997 0.33979999999999994 0.48600000000000015
-3687.3396959125275 0.17419999999999997 0.36049999999999993 0.46530000000000016
-3674.0031473558765 0.17419999999999997 0.38119999999999993 0.44460000000000016
-3655.1043579617008 0.17419999999999997 0.4018999999999999 0.42390000000000017
-3633.9369743900793 0.17419999999999997 0.4225999999999999 0.40320000000000017
-3616.008247811478 0.17419999999999997 0.4432999999999999 0.3825000000000002
-3597.715155248737 0.17419999999999997 0.4639999999999999 0.3618000000000002
-3577.6957517631963 0.17419999999999997 0.4846999999999999 0.3411000000000002
-3557.7280161790686 0.17419999999999997 0.5054 0.32040000000000013
-3537.83407762152 0.17419999999999997 0.5260999999999999 0.2997000000000002
-3518.462366682478 0.17419999999999997 0.5468 0.27900000000000014
-3500.5305085062464 0.17419999999999997 0.5674999999999999 0.2583000000000002
-3480.3723621483227 0.17419999999999997 0.5882 0.23760000000000014
-3460.838519700257 0.17419999999999997 0.6089 0.2169000000000001
-3438.643163255904 0.17419999999999997 0.6295999999999999 0.19620000000000015
-3417.5684739250355 0.17419999999999997 0.6502999999999999 0.1755000000000002
-3394.4030276092876 0.17419999999999997 0.6709999999999999 0.15480000000000016
-3372.3785967908802 0.17419999999999997 0.6917 0.1341000000000001
-3349.7313111186522 0.17419999999999997 0.7123999999999999 0.11340000000000017
-3326.130815349577 0.17419999999999997 0.7330999999999999 0.09270000000000023
-3303.748846343527 0.17419999999999997 0.7537999999999999 0.07200000000000017
-3280.5591742060824 0.17419999999999997 0.7745 0.05130000000000012
-3257.5158786037246 0.17419999999999997 0.7951999999999999 0.030600000000000183
-4004.8516082593064 0.19489999999999996 0.05 0.7551
-3992.051322962359 0.19489999999999996 0.0707 0.7344
-3978.293539523735 0.19489999999999996 0.0914 0.7137
-3967.019540966021 0.19489999999999996 0.11209999999999999 0.6930000000000001
-3952.0443867646177 0.19489999999999996 0.13279999999999997 0.6723000000000001
-3936.68088176612 0.19489999999999996 0.15349999999999997 0.6516000000000001
-3921.0785479736114 0.19489999999999996 0.17419999999999997 0.6309
-3904.589604606319 0.19489999999999996 0.19489999999999996 0.6102000000000001
-3889.5990441142762 0.19489999999999996 0.21559999999999996 0.5895000000000001
-3873.355989737941 0.19489999999999996 0.23629999999999995 0.5688000000000001
-3857.8132378701703 0.19489999999999996 0.25699999999999995 0.5481
-3841.6644365928087 0.19489999999999996 0.27769999999999995 0.5274000000000001
-3824.1884969457765 0.19489999999999996 0.29839999999999994 0.5067000000000002
-3809.3364613945914 0.19489999999999996 0.31909999999999994 0.4860000000000001
-3791.632140685792 0.19489999999999996 0.33979999999999994 0.4653000000000001
-3777.684660946458 0.19489999999999996 0.36049999999999993 0.4446000000000001
-3760.4005801501935 0.19489999999999996 0.38119999999999993 0.4239000000000001
-3739.171406110208 0.19489999999999996 0.4018999999999999 0.4032000000000001
-3722.552881287847 0.19489999999999996 0.4225999999999999 0.3825000000000001
-3703.297219705828 0.19489999999999996 0.4432999999999999 0.3618000000000001
-3683.342344234707 0.19489999999999996 0.4639999999999999 0.3411000000000001
-3663.546499742359 0.19489999999999996 0.4846999999999999 0.32040000000000013
-3643.4565157357465 0.19489999999999996 0.5054 0.2997000000000001
-3625.3015988667257 0.19489999999999996 0.5260999999999999 0.27900000000000014
-3605.890146622319 0.19489999999999996 0.5468 0.2583000000000001
-3585.958002669518 0.19489999999999996 0.5674999999999999 0.23760000000000014
-3567.296749937443 0.19489999999999996 0.5882 0.2169000000000001
-3546.220387809 0.19489999999999996 0.6089 0.19620000000000004
-3524.117695780138 0.19489999999999996 0.6295999999999999 0.1755000000000001
-3501.8293302447833 0.19489999999999996 0.6502999999999999 0.15480000000000016
-3479.6887778682863 0.19489999999999996 0.6709999999999999 0.1341000000000001
-3456.7765137623064 0.19489999999999996 0.6917 0.11340000000000006
-3433.933094432599 0.19489999999999996 0.7123999999999999 0.09270000000000012
-3411.4440604010515 0.19489999999999996 0.7330999999999999 0.07200000000000017
-3388.290982464726 0.19489999999999996 0.7537999999999999 0.05130000000000012
-3365.354569064002 0.19489999999999996 0.7745 0.03060000000000007
-4090.894717240424 0.21559999999999996 0.05 0.7343999999999999
-4075.910749572995 0.21559999999999996 0.0707 0.7137
-4066.4694670730883 0.21559999999999996 0.0914 0.693
-4052.7689708457597 0.21559999999999996 0.11209999999999999 0.6723
-4037.2512279976086 0.21559999999999996 0.13279999999999997 0.6516
-4021.6893652765452 0.21559999999999996 0.15349999999999997 0.6309
-4005.988472736682 0.21559999999999996 0.17419999999999997 0.6102000000000001
-3989.6712341253283 0.21559999999999996 0.19489999999999996 0.5895
-3973.647326214823 0.21559999999999996 0.21559999999999996 0.5688
-3958.0592451825346 0.21559999999999996 0.23629999999999995 0.5481
-3942.7058350961147 0.21559999999999996 0.25699999999999995 0.5274000000000001
-3927.803456381047 0.21559999999999996 0.27769999999999995 0.5067
-3911.696471806707 0.21559999999999996 0.29839999999999994 0.48600000000000004
-3895.763542295426 0.21559999999999996 0.31909999999999994 0.46530000000000005
-3879.8575923692506 0.21559999999999996 0.33979999999999994 0.44460000000000005
-3862.766417593866 0.21559999999999996 0.36049999999999993 0.42390000000000005
-3844.3453606638054 0.21559999999999996 0.38119999999999993 0.40320000000000006
-3824.78816282465 0.21559999999999996 0.4018999999999999 0.38250000000000006
-3805.628902207338 0.21559999999999996 0.4225999999999999 0.36180000000000007
-3785.8623940031075 0.21559999999999996 0.4432999999999999 0.34110000000000007
-3766.69434071299 0.21559999999999996 0.4639999999999999 0.3204000000000001
-3748.782678622793 0.21559999999999996 0.4846999999999999 0.2997000000000001
-3729.0755941715947 0.21559999999999996 0.5054 0.279
-3709.0159942666473 0.21559999999999996 0.5260999999999999 0.2583000000000001
-3689.8423995482813 0.21559999999999996 0.5468 0.23760000000000003
-3670.440213851875 0.21559999999999996 0.5674999999999999 0.2169000000000001
-3650.553509914141 0.21559999999999996 0.5882 0.19620000000000004
-3628.475986936309 0.21559999999999996 0.6089 0.1755
-3605.4231857024 0.21559999999999996 0.6295999999999999 0.15480000000000005
-3583.1942296268066 0.21559999999999996 0.6502999999999999 0.1341000000000001
-3560.177981599689 0.21559999999999996 0.6709999999999999 0.11340000000000006
-3537.8161651021323 0.21559999999999996 0.6917 0.0927
-3514.711517163126 0.21559999999999996 0.7123999999999999 0.07200000000000006
-3492.3112087770096 0.21559999999999996 0.7330999999999999 0.05130000000000012
-3468.7953300610616 0.21559999999999996 0.7537999999999999 0.03060000000000007
