-6007.582030531736 0.6709999999999999 0.05 0.2790000000000001
-5992.401216998288 0.6709999999999999 0.0707 0.2583000000000001
-5976.189165943921 0.6709999999999999 0.0914 0.2376000000000001
-5961.2494072679 0.6709999999999999 0.11209999999999999 0.2169000000000001
-5945.361134011845 0.6709999999999999 0.13279999999999997 0.1962000000000001
-5928.649997047467 0.6709999999999999 0.15349999999999997 0.1755000000000001
-5909.804832823287 0.6709999999999999 0.17419999999999997 0.1548000000000001
-5890.713339363347 0.6709999999999999 0.19489999999999996 0.1341000000000001
-5871.041919838379 0.6709999999999999 0.21559999999999996 0.11340000000000011
-5851.691702755982 0.6709999999999999 0.23629999999999995 0.09270000000000012
-5830.511702140434 0.6709999999999999 0.25699999999999995 0.07200000000000012
-5808.360456693145 0.6709999999999999 0.27769999999999995 0.05130000000000012
-5785.552728493864 0.6709999999999999 0.29839999999999994 0.030600000000000127
-6093.594598633893 0.6917 0.05 0.25830000000000003
-6080.770145614984 0.6917 0.0707 0.23760000000000003
-6062.885619209571 0.6917 0.0914 0.21690000000000004
-6049.566824403639 0.6917 0.11209999999999999 0.19620000000000004
-6030.9376616833415 0.6917 0.13279999999999997 0.17550000000000004
-6013.3398913662895 0.6917 0.15349999999999997 0.15480000000000005
-5996.724179303223 0.6917 0.17419999999999997 0.13410000000000005
-5974.810680288734 0.6917 0.19489999999999996 0.11340000000000006
-5957.677316070331 0.6917 0.21559999999999996 0.09270000000000006
-5935.084431957368 0.6917 0.23629999999999995 0.07200000000000006
-5912.998205621084 0.6917 0.25699999999999995 0.05130000000000007
-5892.937595200803 0.6917 0.27769999999999995 0.03060000000000007
-6181.399024929383 0.7123999999999999 0.05 0.2376000000000001
-6166.47000265034 0.7123999999999999 0.0707 0.2169000000000001
-6150.313779224797 0.7123999999999999 0.0914 0.1962000000000001
-6135.138618534486 0.7123999999999999 0.11209999999999999 0.1755000000000001
-6115.910404135745 0.7123999999999999 0.13279999999999997 0.1548000000000001
-6099.115240822797 0.7123999999999999 0.15349999999999997 0.1341000000000001
-6080.135771186383 0.7123999999999999 0.17419999999999997 0.11340000000000011
-6060.833474747416 0.7123999999999999 0.19489999999999996 0.09270000000000012
-6041.369059246966 0.7123999999999999 0.21559999999999996 0.07200000000000012
-6016.736468094506 0.7123999999999999 0.23629999999999995 0.05130000000000012
-5996.843979249226 0.7123999999999999 0.25699999999999995 0.030600000000000127
