-5746.858124650144 0.6089 0.05 0.3411
-5732.476840021515 0.6089 0.0707 0.3204
-5716.696278649179 0.6089 0.0914 0.2997
-5701.265877243454 0.6089 0.11209999999999999 0.279
-5683.201371087843 0.6089 0.13279999999999997 0.25830000000000003
-5669.960101462293 0.6089 0.15349999999999997 0.23760000000000003
-5653.6577373365235 0.6089 0.17419999999999997 0.21690000000000004
-5635.251196213478 0.6089 0.19489999999999996 0.19620000000000004
-5616.592535731341 0.6089 0.21559999999999996 0.17550000000000004
-5594.67210316482 0.6089 0.23629999999999995 0.15480000000000005
-5577.500898834739 0.6089 0.25699999999999995 0.13410000000000005
-5558.644765184446 0.6089 0.27769999999999995 0.11340000000000006
-5538.17321851494 0.6089 0.29839999999999994 0.09270000000000006
-5515.819154091601 0.6089 0.31909999999999994 0.07200000000000006
-5491.458274287241 0.6089 0.33979999999999994 0.05130000000000007
-5470.582670290221 0.6089 0.36049999999999993 0.03060000000000007
-5835.546254333905 0.6295999999999999 0.05 0.3204000000000001
-5820.668841396538 0.6295999999999999 0.0707 0.2997000000000001
-5802.318545920216 0.6295999999999999 0.0914 0.2790000000000001
-5787.146703223202 0.6295999999999999 0.11209999999999999 0.2583000000000001
-5771.409347664303 0.6295999999999999 0.13279999999999997 0.2376000000000001
-5754.65415131827 0.6295999999999999 0.15349999999999997 0.2169000000000001
-5740.9879458722435 0.6295999999999999 0.17419999999999997 0.1962000000000001
-5719.850151100523 0.6295999999999999 0.19489999999999996 0.1755000000000001
-5700.739820179807 0.6295999999999999 0.21559999999999996 0.1548000000000001
-5681.231034711184 0.6295999999999999 0.23629999999999995 0.1341000000000001
-5662.181066574439 0.6295999999999999 0.25699999999999995 0.11340000000000011
-5644.222825869844 0.6295999999999999 0.27769999999999995 0.09270000000000012
-5619.532037164674 0.6295999999999999 0.29839999999999994 0.07200000000000012
-5597.47690518946 0.6295999999999999 0.31909999999999994 0.05130000000000012
-5574.525450213606 0.6295999999999999 0.33979999999999994 0.030600000000000127
-5921.304022395942 0.6502999999999999 0.05 0.29970000000000013
-5906.016282517445 0.6502999999999999 0.0707 0.27900000000000014
-5888.609776211126 0.6502999999999999 0.0914 0.25830000000000014
-5875.0473518593535 0.6502999999999999 0.11209999999999999 0.23760000000000014
-5857.04951601008 0.6502999999999999 0.13279999999999997 0.21690000000000015
-5843.381296873848 0.6502999999999999 0.15349999999999997 0.19620000000000015
-5825.545097032218 0.6502999999999999 0.17419999999999997 0.17550000000000016
-5804.118764584682 0.6502999999999999 0.19489999999999996 0.15480000000000016
-5787.315207824353 0.6502999999999999 0.21559999999999996 0.13410000000000016
-5765.314590697994 0.6502999999999999 0.23629999999999995 0.11340000000000017
-5748.3637292394515 0.6502999999999999 0.25699999999999995 0.09270000000000017
-5726.789503618741 0.6502999999999999 0.27769999999999995 0.07200000000000017
-5702.647853592021 0.6502999999999999 0.29839999999999994 0.05130000000000018
-5681.968528286133 0.6502999999999999 0.31909999999999994 0.030600000000000183
