-4964.4575286538875 0.4225999999999999 0.05 0.5274000000000001
-4951.842364848192 0.4225999999999999 0.0707 0.5067000000000002
-4937.553421947174 0.4225999999999999 0.0914 0.48600000000000015
-4921.462362887494 0.4225999999999999 0.11209999999999999 0.46530000000000016
-4904.358163405796 0.4225999999999999 0.13279999999999997 0.44460000000000016
-4888.490888773017 0.4225999999999999 0.15349999999999997 0.42390000000000017
-4875.525710855502 0.4225999999999999 0.17419999999999997 0.40320000000000017
-4857.103444590046 0.4225999999999999 0.19489999999999996 0.3825000000000002
-4840.938406218215 0.4225999999999999 0.21559999999999996 0.3618000000000002
-4824.7166642517495 0.4225999999999999 0.23629999999999995 0.3411000000000002
-4808.502499028083 0.4225999999999999 0.25699999999999995 0.3204000000000002
-4794.0778836749005 0.4225999999999999 0.27769999999999995 0.2997000000000002
-4772.829763539373 0.4225999999999999 0.29839999999999994 0.2790000000000002
-4753.776751432912 0.4225999999999999 0.31909999999999994 0.2583000000000002
-4734.374029937575 0.4225999999999999 0.33979999999999994 0.2376000000000002
-4714.780792070969 0.4225999999999999 0.36049999999999993 0.2169000000000002
-4697.427104708888 0.4225999999999999 0.38119999999999993 0.1962000000000002
-4675.55887413435 0.4225999999999999 0.4018999999999999 0.1755000000000002
-4656.902513118498 0.4225999999999999 0.4225999999999999 0.15480000000000022
-4634.878554653994 0.4225999999999999 0.4432999999999999 0.13410000000000022
-4613.05569994588 0.4225999999999999 0.4639999999999999 0.11340000000000022
-4590.329380368732 0.4225999999999999 0.4846999999999999 0.09270000000000023
-4567.652980173387 0.4225999999999999 0.5054 0.07200000000000017
-4545.083180595958 0.4225999999999999 0.5260999999999999 0.051300000000000234
-4521.672223784657 0.4225999999999999 0.5468 0.030600000000000183
-5053.502564512837 0.4432999999999999 0.05 0.5067
-5040.313739278855 0.4432999999999999 0.0707 0.4860000000000001
-5023.0776525757865 0.4432999999999999 0.0914 0.4653000000000001
-5008.191109366297 0.4432999999999999 0.11209999999999999 0.4446000000000001
-4989.93711402549 0.4432999999999999 0.13279999999999997 0.4239000000000001
-4977.256167981462 0.4432999999999999 0.15349999999999997 0.4032000000000001
-4960.763661063391 0.4432999999999999 0.17419999999999997 0.3825000000000001
-4943.031126728109 0.4432999999999999 0.19489999999999996 0.3618000000000001
-4928.709625395232 0.4432999999999999 0.21559999999999996 0.3411000000000001
-4910.656644000575 0.4432999999999999 0.23629999999999995 0.32040000000000013
-4895.453376506921 0.4432999999999999 0.25699999999999995 0.29970000000000013
-4878.977003366872 0.4432999999999999 0.27769999999999995 0.27900000000000014
-4857.442470897 0.4432999999999999 0.29839999999999994 0.25830000000000014
-4840.827207361037 0.4432999999999999 0.31909999999999994 0.23760000000000014
-4818.922409268897 0.4432999999999999 0.33979999999999994 0.21690000000000015
-4800.499300447654 0.4432999999999999 0.36049999999999993 0.19620000000000015
-4781.907849804616 0.4432999999999999 0.38119999999999993 0.17550000000000016
-4760.389686921913 0.4432999999999999 0.4018999999999999 0.15480000000000016
-4741.110029797307 0.4432999999999999 0.4225999999999999 0.13410000000000016
-4717.741232056102 0.4432999999999999 0.4432999999999999 0.11340000000000017
-4697.864613197434 0.4432999999999999 0.4639999999999999 0.09270000000000017
-4674.993982158653 0.4432999999999999 0.4846999999999999 0.07200000000000017
-4652.308183808895 0.4432999999999999 0.5054 0.05130000000000012
-4629.129129443802 0.4432999999999999 0.5260999999999999 0.030600000000000183
-5140.430011666106 0.4639999999999999 0.05 0.48600000000000004
-5126.77088495608 0.4639999999999999 0.0707 0.46530000000000005
-5111.022281258376 0.4639999999999999 0.0914 0.44460000000000005
-5094.282819892257 0.4639999999999999 0.11209999999999999 0.42390000000000005
-5078.470737771441 0.4639999999999999 0.13279999999999997 0.40320000000000006
-5062.049747385304 0.4639999999999999 0.15349999999999997 0.38250000000000006
-5047.376590889312 0.4639999999999999 0.17419999999999997 0.36180000000000007
-5030.594439543274 0.4639999999999999 0.19489999999999996 0.34110000000000007
-5014.736630027128 0.4639999999999999 0.21559999999999996 0.3204000000000001
-4998.1922324029865 0.4639999999999999 0.23629999999999995 0.2997000000000001
-4981.5197661910415 0.4639999999999999 0.25699999999999995 0.2790000000000001
-4962.786175187293 0.4639999999999999 0.27769999999999995 0.2583000000000001
-4943.857689324104 0.4639999999999999 0.29839999999999994 0.2376000000000001
-4924.142741405523 0.4639999999999999 0.31909999999999994 0.2169000000000001
-4904.258082756303 0.4639999999999999 0.33979999999999994 0.1962000000000001
-4884.9159531995265 0.4639999999999999 0.36049999999999993 0.1755000000000001
-4865.742109392052 0.4639999999999999 0.38119999999999993 0.1548000000000001
-4845.889226119295 0.4639999999999999 0.4018999999999999 0.1341000000000001
-4823.975129646279 0.4639999999999999 0.4225999999999999 0.11340000000000011
-4801.215839813992 0.4639999999999999 0.4432999999999999 0.09270000000000012
-4778.898362170668 0.4639999999999999 0.4639999999999999 0.07200000000000012
-4756.383862869958 0.4639999999999999 0.4846999999999999 0.05130000000000012
-4732.877146726546 0.4639999999999999 0.5054 0.03060000000000007
