-3653.703095792098 0.11209999999999999 0.05 0.8379
-3642.124935637899 0.11209999999999999 0.0707 0.8172
-3630.2315395440755 0.11209999999999999 0.0914 0.7965
-3618.6656502367846 0.11209999999999999 0.11209999999999999 0.7758
-3604.449533953866 0.11209999999999999 0.13279999999999997 0.7551000000000001
-3592.717849271111 0.11209999999999999 0.15349999999999997 0.7344
-3575.5904719255877 0.11209999999999999 0.17419999999999997 0.7137
-3560.0945990148157 0.11209999999999999 0.19489999999999996 0.6930000000000001
-3546.1173841143514 0.11209999999999999 0.21559999999999996 0.6723000000000001
-3528.4163116100913 0.11209999999999999 0.23629999999999995 0.6516000000000001
-3514.426012051875 0.11209999999999999 0.25699999999999995 0.6309
-3498.3816180675167 0.11209999999999999 0.27769999999999995 0.6102000000000001
-3482.775988838969 0.11209999999999999 0.29839999999999994 0.5895000000000001
-3464.6398854344684 0.11209999999999999 0.31909999999999994 0.5688000000000001
-3450.253907169645 0.11209999999999999 0.33979999999999994 0.5481
-3433.84746227082 0.11209999999999999 0.36049999999999993 0.5274000000000001
-3417.1942604432306 0.11209999999999999 0.38119999999999993 0.5067000000000002
-3399.9724775981817 0.11209999999999999 0.4018999999999999 0.4860000000000001
-3379.767079568629 0.11209999999999999 0.4225999999999999 0.4653000000000001
-3359.79413920653 0.11209999999999999 0.4432999999999999 0.4446000000000001
-3344.1181535789037 0.11209999999999999 0.4639999999999999 0.4239000000000001
-3326.1534930496887 0.11209999999999999 0.4846999999999999 0.4032000000000001
-3306.182858485529 0.11209999999999999 0.5054 0.38250000000000006
-3286.8116026057796 0.11209999999999999 0.5260999999999999 0.3618000000000001
-3267.1557708899845 0.11209999999999999 0.5468 0.34110000000000007
-3247.606775924386 0.11209999999999999 0.5674999999999999 0.32040000000000013
-3227.8058206747837 0.11209999999999999 0.5882 0.2997000000000001
-3207.8534235625943 0.11209999999999999 0.6089 0.279
-3189.5907778370597 0.11209999999999999 0.6295999999999999 0.2583000000000001
-3166.180748000783 0.11209999999999999 0.6502999999999999 0.23760000000000014
-3144.4095758597737 0.11209999999999999 0.6709999999999999 0.2169000000000001
-3120.6715649296657 0.11209999999999999 0.6917 0.19620000000000004
-3098.638659918338 0.11209999999999999 0.7123999999999999 0.1755000000000001
-3079.4815832506315 0.11209999999999999 0.7330999999999999 0.15480000000000016
-3057.361220536872 0.11209999999999999 0.7537999999999999 0.1341000000000001
-3034.295335896898 0.11209999999999999 0.7745 0.11340000000000006
-3011.4516763809165 0.11209999999999999 0.7951999999999999 0.09270000000000012
-2988.7782198409914 0.11209999999999999 0.8158999999999998 0.07200000000000017
-2965.854272754491 0.11209999999999999 0.8365999999999999 0.05130000000000012
-2942.9500578387638 0.11209999999999999 0.8573 0.03060000000000007
-3742.971329451612 0.13279999999999997 0.05 0.8171999999999999
-3731.523277548629 0.13279999999999997 0.0707 0.7965
-3717.7747290808934 0.13279999999999997 0.0914 0.7757999999999999
-3709.3650877451882 0.13279999999999997 0.11209999999999999 0.7551
-3693.769201278707 0.13279999999999997 0.13279999999999997 0.7343999999999999
-3677.1315243642434 0.13279999999999997 0.15349999999999997 0.7137
-3662.977191777718 0.13279999999999997 0.17419999999999997 0.6930000000000001
-3648.478278977308 0.13279999999999997 0.19489999999999996 0.6723
-3632.171265894113 0.13279999999999997 0.21559999999999996 0.6516
-3616.017959589101 0.13279999999999997 0.23629999999999995 0.6309
-3601.4912734946647 0.13279999999999997 0.25699999999999995 0.6102000000000001
-3586.107644628195 0.13279999999999997 0.27769999999999995 0.5895
-3570.0223526593645 0.13279999999999997 0.29839999999999994 0.5688
-3554.049812592197 0.13279999999999997 0.31909999999999994 0.5481
-3537.012434030197 0.13279999999999997 0.33979999999999994 0.5274000000000001
-3520.16587612036 0.13279999999999997 0.36049999999999993 0.5067
-3503.8886503428803 0.13279999999999997 0.38119999999999993 0.48600000000000004
-3484.026915290796 0.13279999999999997 0.4018999999999999 0.46530000000000005
-3465.1648164138396 0.13279999999999997 0.4225999999999999 0.44460000000000005
-3450.0369934698674 0.13279999999999997 0.4432999999999999 0.42390000000000005
-3430.5587873838062 0.13279999999999997 0.4639999999999999 0.40320000000000006
-3411.467296714477 0.13279999999999997 0.4846999999999999 0.38250000000000006
-3391.9108212611713 0.13279999999999997 0.5054 0.3618
-3371.610136568078 0.13279999999999997 0.5260999999999999 0.34110000000000007
-3351.95613173277 0.13279999999999997 0.5468 0.3204
-3331.695177662645 0.13279999999999997 0.5674999999999999 0.2997000000000001
-3312.7592173755497 0.13279999999999997 0.5882 0.279
-3292.154513720042 0.13279999999999997 0.6089 0.2583
-3270.61465969497 0.13279999999999997 0.6295999999999999 0.23760000000000003
-3254.3888019063083 0.13279999999999997 0.6502999999999999 0.2169000000000001
-3231.6130605272842 0.13279999999999997 0.6709999999999999 0.19620000000000004
-3208.6465870526836 0.13279999999999997 0.6917 0.1755
-3185.500125165329 0.13279999999999997 0.7123999999999999 0.15480000000000005
-3164.0468665830913 0.13279999999999997 0.7330999999999999 0.1341000000000001
-3140.767546361284 0.13279999999999997 0.7537999999999999 0.11340000000000006
-3117.9965801435087 0.13279999999999997 0.7745 0.0927
-3095.240406783875 0.13279999999999997 0.7951999999999999 0.07200000000000006
-3072.3297268011556 0.13279999999999997 0.8158999999999998 0.05130000000000012
-3049.504104486757 0.13279999999999997 0.8365999999999999 0.03060000000000007
-3828.8146009152088 0.15349999999999997 0.05 0.7965
-3818.6381753191863 0.15349999999999997 0.0707 0.7758
-3804.762679167425 0.15349999999999997 0.0914 0.7551
-3792.1564987477905 0.15349999999999997 0.11209999999999999 0.7344
-3778.655055760694 0.15349999999999997 0.13279999999999997 0.7137
-3762.905973083424 0.15349999999999997 0.15349999999999997 0.6930000000000001
-3748.1935265860916 0.15349999999999997 0.17419999999999997 0.6723000000000001
-3733.4389312994003 0.15349999999999997 0.19489999999999996 0.6516000000000001
-3716.967921661511 0.15349999999999997 0.21559999999999996 0.6309
-3698.7893026699476 0.15349999999999997 0.23629999999999995 0.6102000000000001
-3685.4939759662216 0.15349999999999997 0.25699999999999995 0.5895000000000001
-3670.763353476648 0.15349999999999997 0.27769999999999995 0.5688000000000001
-3654.172144817787 0.15349999999999997 0.29839999999999994 0.5481
-3637.5040833965595 0.15349999999999997 0.31909999999999994 0.5274000000000001
-3623.4925304691546 0.15349999999999997 0.33979999999999994 0.5067000000000002
-3603.352009835103 0.15349999999999997 0.36049999999999993 0.4860000000000001
-3585.513057213654 0.15349999999999997 0.38119999999999993 0.4653000000000001
-3570.3115209748416 0.15349999999999997 0.4018999999999999 0.4446000000000001
-3551.846523843419 0.15349999999999997 0.4225999999999999 0.4239000000000001
-3533.7274197261077 0.15349999999999997 0.4432999999999999 0.4032000000000001
-3514.475221769674 0.15349999999999997 0.4639999999999999 0.3825000000000001
-3495.052961414409 0.15349999999999997 0.4846999999999999 0.3618000000000001
-3474.5443055382425 0.15349999999999997 0.5054 0.34110000000000007
-3455.604466097145 0.15349999999999997 0.5260999999999999 0.32040000000000013
-3435.9630305196893 0.15349999999999997 0.5468 0.2997000000000001
-3416.057590236855 0.15349999999999997 0.5674999999999999 0.27900000000000014
-3397.614084159918 0.15349999999999997 0.5882 0.2583000000000001
-3377.262295804467 0.15349999999999997 0.6089 0.23760000000000003
-3358.1789496470105 0.15349999999999997 0.6295999999999999 0.2169000000000001
-3335.847259357157 0.15349999999999997 0.6502999999999999 0.19620000000000015
-3313.7138420125366 0.15349999999999997 0.6709999999999999 0.1755000000000001
-3292.1440488876947 0.15349999999999997 0.6917 0.15480000000000005
-3268.4869454944387 0.15349999999999997 0.7123999999999999 0.1341000000000001
-3246.426282835129 0.15349999999999997 0.7330999999999999 0.11340000000000017
-3222.848257321521 0.15349999999999997 0.7537999999999999 0.09270000000000012
-3200.302276772208 0.15349999999999997 0.7745 0.07200000000000006
-3177.6228874909943 0.15349999999999997 0.7951999999999999 0.05130000000000012
-3154.2143109574713 0.15349999999999997 0.8158999999999998 0.030600000000000183
