-6010.796299137459 0.6709999999999999 0.05 0.2790000000000001
-5995.905136830914 0.6709999999999999 0.0707 0.2583000000000001
-5976.986905421172 0.6709999999999999 0.0914 0.2376000000000001
-5961.287286882153 0.6709999999999999 0.11209999999999999 0.2169000000000001
-5945.480909067905 0.6709999999999999 0.13279999999999997 0.1962000000000001
-5929.2605238260985 0.6709999999999999 0.15349999999999997 0.1755000000000001
-5910.949185961941 0.6709999999999999 0.17419999999999997 0.1548000000000001
-5892.166456865351 0.6709999999999999 0.19489999999999996 0.1341000000000001
-5873.719967526651 0.6709999999999999 0.21559999999999996 0.11340000000000011
-5854.085223655576 0.6709999999999999 0.23629999999999995 0.09270000000000012
-5833.041178977636 0.6709999999999999 0.25699999999999995 0.07200000000000012
-5810.295946033523 0.6709999999999999 0.27769999999999995 0.05130000000000012
-5785.71549303089 0.6709999999999999 0.29839999999999994 0.030600000000000127
-6096.4478989943445 0.6917 0.05 0.25830000000000003
-6080.742107244923 0.6917 0.0707 0.23760000000000003
-6063.903750045976 0.6917 0.0914 0.21690000000000004
-6049.595403749419 0.6917 0.11209999999999999 0.19620000000000004
-6031.833921499414 0.6917 0.13279999999999997 0.17550000000000004
-6014.497132503681 0.6917 0.15349999999999997 0.15480000000000005
-5997.253478414105 0.6917 0.17419999999999997 0.13410000000000005
-5976.10981333413 0.6917 0.19489999999999996 0.11340000000000006
-5960.031592857977 0.6917 0.21559999999999996 0.09270000000000006
-5937.208479500957 0.6917 0.23629999999999995 0.07200000000000006
-5914.697375282068 0.6917 0.25699999999999995 0.05130000000000007
-5892.271803721226 0.6917 0.27769999999999995 0.03060000000000007
-6183.4172739570795 0.7123999999999999 0.05 0.2376000000000001
-6167.058263516514 0.7123999999999999 0.0707 0.2169000000000001
-6151.152912732744 0.7123999999999999 0.0914 0.1962000000000001
-6135.306321841722 0.7123999999999999 0.11209999999999999 0.1755000000000001
-6116.728973410954 0.7123999999999999 0.13279999999999997 0.1548000000000001
-6100.361531498186 0.7123999999999999 0.15349999999999997 0.1341000000000001
-6081.582056442674 0.7123999999999999 0.17419999999999997 0.11340000000000011
-6063.119249518424 0.7123999999999999 0.19489999999999996 0.09270000000000012
-6043.2985650281025 0.7123999999999999 0.21559999999999996 0.07200000000000012
-6018.415763875377 0.7123999999999999 0.23629999999999995 0.05130000000000012
-5996.985594545931 0.7123999999999999 0.25699999999999995 0.030600000000000127
