-4919.526716739745 0.541 0.001 0.45799999999999996
-5459.998227926041 0.541 0.0235 0.43549999999999994
-5457.150066500324 0.541 0.046 0.413
-5450.549278949986 0.541 0.0685 0.39049999999999996
-5459.582331204517 0.541 0.091 0.368
-5441.202426602764 0.541 0.11349999999999999 0.3455
-5429.919640182844 0.541 0.136 0.32299999999999995
-5405.00380094139 0.541 0.1585 0.3005
-5376.014362041943 0.541 0.181 0.27799999999999997
-5345.104501896022 0.541 0.2035 0.25549999999999995
-5320.170483127926 0.541 0.22599999999999998 0.23299999999999998
-5299.781000120558 0.541 0.2485 0.21049999999999996
-5262.6659691167815 0.541 0.271 0.18799999999999994
-5235.797840750033 0.541 0.2935 0.16549999999999998
-5216.199488242162 0.541 0.316 0.14299999999999996
-5179.820465257128 0.541 0.33849999999999997 0.1205
-5154.507551305498 0.541 0.361 0.09799999999999998
-5122.415479774954 0.541 0.3835 0.07549999999999996
-5092.022951510727 0.541 0.40599999999999997 0.05299999999999999
-5053.977834408307 0.541 0.4285 0.03049999999999997
-5025.416714865769 0.541 0.458 0.0009999999999999454
-4569.195481382088 0.5635 0.001 0.4355
-5559.639617445908 0.5635 0.0235 0.413
-5567.4564259053695 0.5635 0.046 0.3905
-5559.783403067025 0.5635 0.0685 0.368
-5546.666885619928 0.5635 0.091 0.34550000000000003
-5537.51766719364 0.5635 0.11349999999999999 0.323
-5519.738127243543 0.5635 0.136 0.3005
-5489.214310830396 0.5635 0.1585 0.278
-5465.141564514063 0.5635 0.181 0.2555
-5441.295959975178 0.5635 0.2035 0.233
-5410.713932763343 0.5635 0.22599999999999998 0.21050000000000002
-5383.791526273802 0.5635 0.2485 0.188
-5357.300831743336 0.5635 0.271 0.16549999999999998
-5328.455257509824 0.5635 0.2935 0.14300000000000002
-5296.008161424203 0.5635 0.316 0.1205
-5276.11697726828 0.5635 0.33849999999999997 0.09800000000000003
-5240.099234709371 0.5635 0.361 0.07550000000000001
-5208.5784024290015 0.5635 0.3835 0.05299999999999999
-5173.44638373158 0.5635 0.40599999999999997 0.030500000000000027
-5142.987796579567 0.5635 0.436 0.0005000000000000004
-5006.785035023057 0.586 0.001 0.41300000000000003
-5656.610828065652 0.586 0.0235 0.3905
-5649.001980263577 0.586 0.046 0.36800000000000005
-5643.9205055913735 0.586 0.0685 0.34550000000000003
-5635.301572158698 0.586 0.091 0.32300000000000006
-5631.6923611923585 0.586 0.11349999999999999 0.30050000000000004
-5609.676343402072 0.586 0.136 0.278
-5576.99706945853 0.586 0.1585 0.25550000000000006
-5543.780657662322 0.586 0.181 0.23300000000000004
-5525.860968808155 0.586 0.2035 0.21050000000000005
-5499.960094525345 0.586 0.22599999999999998 0.18800000000000006
-5457.564402618722 0.586 0.2485 0.16550000000000004
-5440.746410305445 0.586 0.271 0.14300000000000002
-5410.11802429955 0.586 0.2935 0.12050000000000005
-5387.774419730442 0.586 0.316 0.09800000000000003
-5353.282251214859 0.586 0.33849999999999997 0.07550000000000007
-5321.405084746536 0.586 0.361 0.05300000000000005
-5297.9035187963555 0.586 0.3835 0.030500000000000027
-5254.749553469147 0.586 0.41300000000000003 0.0010000000000000009
