-4303.832677686325 0.33849999999999997 0.001 0.6605
-4622.176720311441 0.33849999999999997 0.0235 0.638
-4617.001891141205 0.33849999999999997 0.046 0.6154999999999999
-4624.424223467505 0.33849999999999997 0.0685 0.593
-4623.252970456787 0.33849999999999997 0.091 0.5705
-4623.376929671746 0.33849999999999997 0.11349999999999999 0.548
-4622.089022096541 0.33849999999999997 0.136 0.5255
-4614.790084489984 0.33849999999999997 0.1585 0.503
-4611.045402321157 0.33849999999999997 0.181 0.4805
-4586.774227061131 0.33849999999999997 0.2035 0.45799999999999996
-4565.134517408145 0.33849999999999997 0.22599999999999998 0.4355
-4530.814459573334 0.33849999999999997 0.2485 0.413
-4510.667914736525 0.33849999999999997 0.271 0.39049999999999996
-4478.545512827658 0.33849999999999997 0.2935 0.368
-4449.548555405678 0.33849999999999997 0.316 0.3455
-4427.238617254887 0.33849999999999997 0.33849999999999997 0.323
-4395.232018834558 0.33849999999999997 0.361 0.3005
-4370.285634724866 0.33849999999999997 0.3835 0.27799999999999997
-4340.7033953906475 0.33849999999999997 0.40599999999999997 0.2555
-4305.648440280606 0.33849999999999997 0.4285 0.23299999999999998
-4283.29423231985 0.33849999999999997 0.45099999999999996 0.21050000000000002
-4251.559713426938 0.33849999999999997 0.4735 0.188
-4224.3708537108105 0.33849999999999997 0.496 0.16549999999999998
-4180.441824671982 0.33849999999999997 0.5185 0.14300000000000002
-4162.4871405204185 0.33849999999999997 0.541 0.12049999999999994
-4128.210953190793 0.33849999999999997 0.5635 0.09799999999999998
-4095.989822852083 0.33849999999999997 0.586 0.07550000000000001
-4069.531074386295 0.33849999999999997 0.6084999999999999 0.05300000000000005
-4040.0010221630087 0.33849999999999997 0.631 0.03049999999999997
-3995.7110001505584 0.33849999999999997 0.661 0.0004999999999999449
-4212.754381948888 0.361 0.001 0.638
-4680.1454937172975 0.361 0.0235 0.6155
-4711.707949609435 0.361 0.046 0.593
-4712.446241224843 0.361 0.0685 0.5705
-4714.2903343906555 0.361 0.091 0.548
-4709.356313044523 0.361 0.11349999999999999 0.5255000000000001
-4707.85521083635 0.361 0.136 0.503
-4703.141614115966 0.361 0.1585 0.48050000000000004
-4694.355715553008 0.361 0.181 0.458
-4667.455350645246 0.361 0.2035 0.4355
-4642.278239787879 0.361 0.22599999999999998 0.41300000000000003
-4613.814748835093 0.361 0.2485 0.3905
-4586.158662480859 0.361 0.271 0.368
-4561.564772041653 0.361 0.2935 0.34550000000000003
-4533.960285629051 0.361 0.316 0.323
-4503.717985711187 0.361 0.33849999999999997 0.30050000000000004
-4480.4595581019685 0.361 0.361 0.278
-4450.295042912099 0.361 0.3835 0.2555
-4426.033466604284 0.361 0.40599999999999997 0.23300000000000004
-4388.250150394297 0.361 0.4285 0.21050000000000002
-4363.583814728328 0.361 0.45099999999999996 0.18800000000000006
-4331.370214957351 0.361 0.4735 0.16550000000000004
-4303.624164202436 0.361 0.496 0.14300000000000002
-4277.615004217185 0.361 0.5185 0.12050000000000005
-4232.727801109655 0.361 0.541 0.09799999999999998
-4219.325662600345 0.361 0.5635 0.07550000000000001
-4191.622127353575 0.361 0.586 0.05300000000000005
-4159.070043069719 0.361 0.6084999999999999 0.030500000000000083
-4108.360640518108 0.361 0.638 0.0010000000000000009
-4662.9602166392315 0.3835 0.001 0.6155
-4793.35548343074 0.3835 0.0235 0.5930000000000001
-4795.809561344372 0.3835 0.046 0.5705
-4780.431361239721 0.3835 0.0685 0.548
-4774.661110070727 0.3835 0.091 0.5255000000000001
-4795.847721602563 0.3835 0.11349999999999999 0.5030000000000001
-4789.18182450029 0.3835 0.136 0.48050000000000004
-4790.726861685215 0.3835 0.1585 0.4580000000000001
-4776.347023649015 0.3835 0.181 0.43550000000000005
-4744.1385497903075 0.3835 0.2035 0.41300000000000003
-4718.646076391378 0.3835 0.22599999999999998 0.39050000000000007
-4694.559757493307 0.3835 0.2485 0.36800000000000005
-4665.606639706111 0.3835 0.271 0.34550000000000003
-4639.3395934206355 0.3835 0.2935 0.32300000000000006
-4613.6687992204215 0.3835 0.316 0.30050000000000004
-4584.423349436952 0.3835 0.33849999999999997 0.2780000000000001
-4561.181667754251 0.3835 0.361 0.25550000000000006
-4534.928738130531 0.3835 0.3835 0.23300000000000004
-4502.375749073605 0.3835 0.40599999999999997 0.21050000000000008
-4475.222309960884 0.3835 0.4285 0.18800000000000006
-4438.603558837185 0.3835 0.45099999999999996 0.1655000000000001
-4417.034702945493 0.3835 0.4735 0.14300000000000007
-4377.487190601809 0.3835 0.496 0.12050000000000005
-4355.7424247214685 0.3835 0.5185 0.09800000000000009
-4320.232531766793 0.3835 0.541 0.07550000000000001
-4290.75115207143 0.3835 0.5635 0.05300000000000005
-4269.02713738832 0.3835 0.586 0.030500000000000083
-4214.875677683275 0.3835 0.616 0.000500000000000056
