-6184.273924784502 0.7434999999999999 0.001 0.25550000000000006
-6309.597047733551 0.7434999999999999 0.0235 0.23300000000000007
-6296.791250034393 0.7434999999999999 0.046 0.21050000000000008
-6291.476773010562 0.7434999999999999 0.0685 0.18800000000000006
-6266.711778149917 0.7434999999999999 0.091 0.16550000000000006
-6240.970134895038 0.7434999999999999 0.11349999999999999 0.14300000000000007
-6215.062437028412 0.7434999999999999 0.136 0.12050000000000005
-6187.755655469429 0.7434999999999999 0.1585 0.09800000000000006
-6158.577195627931 0.7434999999999999 0.181 0.07550000000000007
-6132.817356762583 0.7434999999999999 0.2035 0.053000000000000075
-6100.944381581273 0.7434999999999999 0.22599999999999998 0.030500000000000083
-6070.517497273861 0.7434999999999999 0.256 0.000500000000000056
-6278.183521878035 0.766 0.001 0.23299999999999998
-6405.473305548933 0.766 0.0235 0.2105
-6393.358296678251 0.766 0.046 0.188
-6385.641106186594 0.766 0.0685 0.16549999999999998
-6362.672789142922 0.766 0.091 0.143
-6330.174235869136 0.766 0.11349999999999999 0.1205
-6304.161501101281 0.766 0.136 0.09799999999999998
-6276.837734000388 0.766 0.1585 0.07549999999999998
-6246.3836015002535 0.766 0.181 0.05299999999999999
-6224.575879727526 0.766 0.2035 0.0305
-6187.009051975564 0.766 0.233 0.0009999999999999731
-6513.9165112471865 0.7885 0.001 0.21050000000000002
-6508.074256183331 0.7885 0.0235 0.18800000000000003
-6497.715283967061 0.7885 0.046 0.16550000000000004
-6483.412392594351 0.7885 0.0685 0.14300000000000002
-6455.8639082810405 0.7885 0.091 0.12050000000000002
-6428.439890648643 0.7885 0.11349999999999999 0.09800000000000003
-6391.028035722341 0.7885 0.136 0.07550000000000001
-6363.488411800978 0.7885 0.1585 0.05300000000000002
-6345.7432337351875 0.7885 0.181 0.030500000000000027
-6304.035939154383 0.7885 0.211 0.0005000000000000282
