-5658.489196071568 0.6089 0.05 0.3411
-5629.436369841905 0.6089 0.0707 0.3204
-5567.5491009799925 0.6089 0.0914 0.2997
-5542.83582118617 0.6089 0.11209999999999999 0.279
-4977.465048362962 0.6089 0.13279999999999997 0.25830000000000003
-5407.009177591611 0.6089 0.15349999999999997 0.23760000000000003
-5147.938800070795 0.6089 0.17419999999999997 0.21690000000000004
-5054.549679997736 0.6089 0.19489999999999996 0.19620000000000004
-5208.622321240673 0.6089 0.21559999999999996 0.17550000000000004
-5002.871335546016 0.6089 0.23629999999999995 0.15480000000000005
-4716.106298322425 0.6089 0.25699999999999995 0.13410000000000005
-4816.084286378215 0.6089 0.27769999999999995 0.11340000000000006
-4763.245909766462 0.6089 0.29839999999999994 0.09270000000000006
-4675.979576030909 0.6089 0.31909999999999994 0.07200000000000006
-5207.608236045064 0.6089 0.33979999999999994 0.05130000000000007
-5299.372436252196 0.6089 0.36049999999999993 0.03060000000000007
-5756.9098908371125 0.6295999999999999 0.05 0.3204000000000001
-5680.804845749483 0.6295999999999999 0.0707 0.2997000000000001
-5675.254738834935 0.6295999999999999 0.0914 0.2790000000000001
-5544.179477843965 0.6295999999999999 0.11209999999999999 0.2583000000000001
-5470.15806932045 0.6295999999999999 0.13279999999999997 0.2376000000000001
-5190.628532788365 0.6295999999999999 0.15349999999999997 0.2169000000000001
-5394.860040665806 0.6295999999999999 0.17419999999999997 0.1962000000000001
-4944.252414201754 0.6295999999999999 0.19489999999999996 0.1755000000000001
-4873.154790248204 0.6295999999999999 0.21559999999999996 0.1548000000000001
-4824.174563258877 0.6295999999999999 0.23629999999999995 0.1341000000000001
-4616.60499736939 0.6295999999999999 0.25699999999999995 0.11340000000000011
-4658.33380132911 0.6295999999999999 0.27769999999999995 0.09270000000000012
-4883.486055080683 0.6295999999999999 0.29839999999999994 0.07200000000000012
-5390.619989645848 0.6295999999999999 0.31909999999999994 0.05130000000000012
-5429.348023331873 0.6295999999999999 0.33979999999999994 0.030600000000000127
-5845.681500222355 0.6502999999999999 0.05 0.29970000000000013
-5808.454322967966 0.6502999999999999 0.0707 0.27900000000000014
-5699.6403015038695 0.6502999999999999 0.0914 0.25830000000000014
-5711.439590675304 0.6502999999999999 0.11209999999999999 0.23760000000000014
-5498.821682688479 0.6502999999999999 0.13279999999999997 0.21690000000000015
-5484.509016722153 0.6502999999999999 0.15349999999999997 0.19620000000000015
-5597.30113299951 0.6502999999999999 0.17419999999999997 0.17550000000000016
-5419.008099238877 0.6502999999999999 0.19489999999999996 0.15480000000000016
-5275.538180532603 0.6502999999999999 0.21559999999999996 0.13410000000000016
-5228.4615533102115 0.6502999999999999 0.23629999999999995 0.11340000000000017
-5268.75092651102 0.6502999999999999 0.25699999999999995 0.09270000000000017
-5079.088275060725 0.6502999999999999 0.27769999999999995 0.07200000000000017
-5337.99329873395 0.6502999999999999 0.29839999999999994 0.05130000000000018
-5488.426958144869 0.6502999999999999 0.31909999999999994 0.030600000000000183
