-3419.8308680307878 0.11209999999999999 0.05 0.8379
-3429.568012911689 0.11209999999999999 0.0707 0.8172
-3430.2137863963326 0.11209999999999999 0.0914 0.7965
-3431.5626334985354 0.11209999999999999 0.11209999999999999 0.7758
-3406.187678849079 0.11209999999999999 0.13279999999999997 0.7551000000000001
-3407.4678743431327 0.11209999999999999 0.15349999999999997 0.7344
-3392.316455424348 0.11209999999999999 0.17419999999999997 0.7137
-3382.260787700688 0.11209999999999999 0.19489999999999996 0.6930000000000001
-3365.091775320212 0.11209999999999999 0.21559999999999996 0.6723000000000001
-3354.0012516669294 0.11209999999999999 0.23629999999999995 0.6516000000000001
-3331.602574212195 0.11209999999999999 0.25699999999999995 0.6309
-3315.5191153190895 0.11209999999999999 0.27769999999999995 0.6102000000000001
-3318.3087778655263 0.11209999999999999 0.29839999999999994 0.5895000000000001
-3292.4966885943013 0.11209999999999999 0.31909999999999994 0.5688000000000001
-3292.2513314363073 0.11209999999999999 0.33979999999999994 0.5481
-3268.6635368798534 0.11209999999999999 0.36049999999999993 0.5274000000000001
-3251.113682171419 0.11209999999999999 0.38119999999999993 0.5067000000000002
-3236.5652171148777 0.11209999999999999 0.4018999999999999 0.4860000000000001
-3217.2542919469506 0.11209999999999999 0.4225999999999999 0.4653000000000001
-3193.819822009342 0.11209999999999999 0.4432999999999999 0.4446000000000001
-3188.2851403530985 0.11209999999999999 0.4639999999999999 0.4239000000000001
-3169.2382190129356 0.11209999999999999 0.4846999999999999 0.4032000000000001
-3147.5100263527206 0.11209999999999999 0.5054 0.38250000000000006
-3129.5887599445487 0.11209999999999999 0.5260999999999999 0.3618000000000001
-3112.3359939889388 0.11209999999999999 0.5468 0.34110000000000007
-3091.5546821800854 0.11209999999999999 0.5674999999999999 0.32040000000000013
-3074.4843556929645 0.11209999999999999 0.5882 0.2997000000000001
-3051.6043328179094 0.11209999999999999 0.6089 0.279
-3038.1066625835865 0.11209999999999999 0.6295999999999999 0.2583000000000001
-3014.1623498652766 0.11209999999999999 0.6502999999999999 0.23760000000000014
-3007.267051611447 0.11209999999999999 0.6709999999999999 0.2169000000000001
-2988.990700077428 0.11209999999999999 0.6917 0.19620000000000004
-2969.8377472906836 0.11209999999999999 0.7123999999999999 0.1755000000000001
-2951.357785304732 0.11209999999999999 0.7330999999999999 0.15480000000000016
-2931.9960841080892 0.11209999999999999 0.7537999999999999 0.1341000000000001
-2903.455164825385 0.11209999999999999 0.7745 0.11340000000000006
-2884.196834956982 0.11209999999999999 0.7951999999999999 0.09270000000000012
-2861.8639952562057 0.11209999999999999 0.8158999999999998 0.07200000000000017
-2871.3671446637604 0.11209999999999999 0.8365999999999999 0.05130000000000012
-2864.2366613749928 0.11209999999999999 0.8573 0.03060000000000007
-3441.138782280875 0.13279999999999997 0.05 0.8171999999999999
-3467.90436043006 0.13279999999999997 0.0707 0.7965
-3475.7508215091802 0.13279999999999997 0.0914 0.7757999999999999
-3470.8535473236566 0.13279999999999997 0.11209999999999999 0.7551
-3460.060890897868 0.13279999999999997 0.13279999999999997 0.7343999999999999
-3458.7073606668887 0.13279999999999997 0.15349999999999997 0.7137
-3444.716338142382 0.13279999999999997 0.17419999999999997 0.6930000000000001
-3433.6272689588122 0.13279999999999997 0.19489999999999996 0.6723
-3412.380988459944 0.13279999999999997 0.21559999999999996 0.6516
-3403.769565010837 0.13279999999999997 0.23629999999999995 0.6309
-3392.3630583338427 0.13279999999999997 0.25699999999999995 0.6102000000000001
-3378.57461766071 0.13279999999999997 0.27769999999999995 0.5895
-3368.0574529236324 0.13279999999999997 0.29839999999999994 0.5688
-3345.7165982931015 0.13279999999999997 0.31909999999999994 0.5481
-3332.8663756810706 0.13279999999999997 0.33979999999999994 0.5274000000000001
-3317.9024395709866 0.13279999999999997 0.36049999999999993 0.5067
-3310.0721021122836 0.13279999999999997 0.38119999999999993 0.48600000000000004
-3285.4206737915747 0.13279999999999997 0.4018999999999999 0.46530000000000005
-3262.6838496119194 0.13279999999999997 0.4225999999999999 0.44460000000000005
-3253.2666484632814 0.13279999999999997 0.4432999999999999 0.42390000000000005
-3229.0353502598637 0.13279999999999997 0.4639999999999999 0.40320000000000006
-3226.260175789824 0.13279999999999997 0.4846999999999999 0.38250000000000006
-3200.3429761104253 0.13279999999999997 0.5054 0.3618
-3179.952764759376 0.13279999999999997 0.5260999999999999 0.34110000000000007
-3172.511023845748 0.13279999999999997 0.5468 0.3204
-3153.4464649409715 0.13279999999999997 0.5674999999999999 0.2997000000000001
-3134.7111307327973 0.13279999999999997 0.5882 0.279
-3120.63495459406 0.13279999999999997 0.6089 0.2583
-3106.7769826320573 0.13279999999999997 0.6295999999999999 0.23760000000000003
-3091.2893550735753 0.13279999999999997 0.6502999999999999 0.2169000000000001
-3072.605713358641 0.13279999999999997 0.6709999999999999 0.19620000000000004
-3052.8112760654053 0.13279999999999997 0.6917 0.1755
-3018.4598139166264 0.13279999999999997 0.7123999999999999 0.15480000000000005
-3000.682469114702 0.13279999999999997 0.7330999999999999 0.1341000000000001
-2975.7109710606064 0.13279999999999997 0.7537999999999999 0.11340000000000006
-2997.3397552848696 0.13279999999999997 0.7745 0.0927
-2978.4889558096665 0.13279999999999997 0.7951999999999999 0.07200000000000006
-2958.241481534248 0.13279999999999997 0.8158999999999998 0.05130000000000012
-2976.2160354115813 0.13279999999999997 0.8365999999999999 0.03060000000000007
-3501.6822313025627 0.15349999999999997 0.05 0.7965
-3486.6646887513743 0.15349999999999997 0.0707 0.7758
-3551.126351824072 0.15349999999999997 0.0914 0.7551
-3500.626966362038 0.15349999999999997 0.11209999999999999 0.7344
-3521.2370711001395 0.15349999999999997 0.13279999999999997 0.7137
-3513.4123418369873 0.15349999999999997 0.15349999999999997 0.6930000000000001
-3492.931498776982 0.15349999999999997 0.17419999999999997 0.6723000000000001
-3482.3410356651048 0.15349999999999997 0.19489999999999996 0.6516000000000001
-3472.6643314320268 0.15349999999999997 0.21559999999999996 0.6309
-3460.7759396445726 0.15349999999999997 0.23629999999999995 0.6102000000000001
-3442.485396021786 0.15349999999999997 0.25699999999999995 0.5895000000000001
-3432.833356292515 0.15349999999999997 0.27769999999999995 0.5688000000000001
-3419.220801493143 0.15349999999999997 0.29839999999999994 0.5481
-3406.759190347268 0.15349999999999997 0.31909999999999994 0.5274000000000001
-3384.3194424609296 0.15349999999999997 0.33979999999999994 0.5067000000000002
-3375.97998999476 0.15349999999999997 0.36049999999999993 0.4860000000000001
-3349.1186113572485 0.15349999999999997 0.38119999999999993 0.4653000000000001
-3339.1312562850003 0.15349999999999997 0.4018999999999999 0.4446000000000001
-3313.811214483081 0.15349999999999997 0.4225999999999999 0.4239000000000001
-3313.0020081776433 0.15349999999999997 0.4432999999999999 0.4032000000000001
-3293.099738489306 0.15349999999999997 0.4639999999999999 0.3825000000000001
-3274.346618187999 0.15349999999999997 0.4846999999999999 0.3618000000000001
-3255.5284348442046 0.15349999999999997 0.5054 0.34110000000000007
-3244.0364429406773 0.15349999999999997 0.5260999999999999 0.32040000000000013
-3230.3621568263143 0.15349999999999997 0.5468 0.2997000000000001
-3212.7024172594397 0.15349999999999997 0.5674999999999999 0.27900000000000014
-3198.239359022922 0.15349999999999997 0.5882 0.2583000000000001
-3187.3898634405773 0.15349999999999997 0.6089 0.23760000000000003
-3170.9639830224814 0.15349999999999997 0.6295999999999999 0.2169000000000001
-3153.331649591132 0.15349999999999997 0.6502999999999999 0.19620000000000015
-3132.6970913267446 0.15349999999999997 0.6709999999999999 0.1755000000000001
-3096.1675470506293 0.15349999999999997 0.6917 0.15480000000000005
-3047.039325902565 0.15349999999999997 0.7123999999999999 0.1341000000000001
-2984.833572870851 0.15349999999999997 0.7330999999999999 0.11340000000000017
-3042.5940768834785 0.15349999999999997 0.7537999999999999 0.09270000000000012
-3012.4793007995977 0.15349999999999997 0.7745 0.07200000000000006
-3067.6385349912484 0.15349999999999997 0.7951999999999999 0.05130000000000012
-3055.3864075214638 0.15349999999999997 0.8158999999999998 0.030600000000000183
