-4785.196227999966 0.4225999999999999 0.05 0.5274000000000001
-4823.725684012348 0.4225999999999999 0.0707 0.5067000000000002
-4742.741593067957 0.4225999999999999 0.0914 0.48600000000000015
-4711.733392343964 0.4225999999999999 0.11209999999999999 0.46530000000000016
-4705.356736842633 0.4225999999999999 0.13279999999999997 0.44460000000000016
-4702.923626050822 0.4225999999999999 0.15349999999999997 0.42390000000000017
-4556.939205507343 0.4225999999999999 0.17419999999999997 0.40320000000000017
-4542.463576505953 0.4225999999999999 0.19489999999999996 0.3825000000000002
-4456.56088352596 0.4225999999999999 0.21559999999999996 0.3618000000000002
-4437.642240031722 0.4225999999999999 0.23629999999999995 0.3411000000000002
-4445.644819069999 0.4225999999999999 0.25699999999999995 0.3204000000000002
-4468.547425785673 0.4225999999999999 0.27769999999999995 0.2997000000000002
-4274.1824874355625 0.4225999999999999 0.29839999999999994 0.2790000000000002
-4272.2252183566125 0.4225999999999999 0.31909999999999994 0.2583000000000002
-4321.585298871308 0.4225999999999999 0.33979999999999994 0.2376000000000002
-4200.166925623671 0.4225999999999999 0.36049999999999993 0.2169000000000002
-4250.643965870526 0.4225999999999999 0.38119999999999993 0.1962000000000002
-4144.37439262558 0.4225999999999999 0.4018999999999999 0.1755000000000002
-4296.721156153394 0.4225999999999999 0.4225999999999999 0.15480000000000022
-4306.985296648309 0.4225999999999999 0.4432999999999999 0.13410000000000022
-4325.345096110881 0.4225999999999999 0.4639999999999999 0.11340000000000022
-4370.5812156655575 0.4225999999999999 0.4846999999999999 0.09270000000000023
-4331.600670599309 0.4225999999999999 0.5054 0.07200000000000017
-4243.197806057127 0.4225999999999999 0.5260999999999999 0.051300000000000234
-4356.31621546506 0.4225999999999999 0.5468 0.030600000000000183
-4871.214900057616 0.4432999999999999 0.05 0.5067
-4861.029128371726 0.4432999999999999 0.0707 0.4860000000000001
-4839.818829845703 0.4432999999999999 0.0914 0.4653000000000001
-4770.950332366576 0.4432999999999999 0.11209999999999999 0.4446000000000001
-4758.8061420159975 0.4432999999999999 0.13279999999999997 0.4239000000000001
-4686.844181246527 0.4432999999999999 0.15349999999999997 0.4032000000000001
-4711.460594249389 0.4432999999999999 0.17419999999999997 0.3825000000000001
-4600.709297143755 0.4432999999999999 0.19489999999999996 0.3618000000000001
-4517.9627941202925 0.4432999999999999 0.21559999999999996 0.3411000000000001
-4627.432673965504 0.4432999999999999 0.23629999999999995 0.32040000000000013
-4617.457099519783 0.4432999999999999 0.25699999999999995 0.29970000000000013
-4489.051067255145 0.4432999999999999 0.27769999999999995 0.27900000000000014
-4460.281328735016 0.4432999999999999 0.29839999999999994 0.25830000000000014
-4335.173293218946 0.4432999999999999 0.31909999999999994 0.23760000000000014
-4358.941754465901 0.4432999999999999 0.33979999999999994 0.21690000000000015
-4362.237306541204 0.4432999999999999 0.36049999999999993 0.19620000000000015
-4397.758206926148 0.4432999999999999 0.38119999999999993 0.17550000000000016
-4305.489875915991 0.4432999999999999 0.4018999999999999 0.15480000000000016
-4425.7655221111845 0.4432999999999999 0.4225999999999999 0.13410000000000016
-4417.613890933754 0.4432999999999999 0.4432999999999999 0.11340000000000017
-4425.639030086602 0.4432999999999999 0.4639999999999999 0.09270000000000017
-4473.87776941919 0.4432999999999999 0.4846999999999999 0.07200000000000017
-4379.36346838238 0.4432999999999999 0.5054 0.05130000000000012
-4504.892151026437 0.4432999999999999 0.5260999999999999 0.030600000000000183
-5047.221587860545 0.4639999999999999 0.05 0.48600000000000004
-4990.967477716622 0.4639999999999999 0.0707 0.46530000000000005
-4897.135398253124 0.4639999999999999 0.0914 0.44460000000000005
-4964.753823697288 0.4639999999999999 0.11209999999999999 0.42390000000000005
-4822.530612888702 0.4639999999999999 0.13279999999999997 0.40320000000000006
-4812.056092297702 0.4639999999999999 0.15349999999999997 0.38250000000000006
-4887.0069431458105 0.4639999999999999 0.17419999999999997 0.36180000000000007
-4774.492303569692 0.4639999999999999 0.19489999999999996 0.34110000000000007
-4848.950700019963 0.4639999999999999 0.21559999999999996 0.3204000000000001
-4653.9584846277385 0.4639999999999999 0.23629999999999995 0.2997000000000001
-4776.750996944859 0.4639999999999999 0.25699999999999995 0.2790000000000001
-4647.142219826492 0.4639999999999999 0.27769999999999995 0.2583000000000001
-4584.804963938749 0.4639999999999999 0.29839999999999994 0.2376000000000001
-4303.906817970969 0.4639999999999999 0.31909999999999994 0.2169000000000001
-4303.381741833169 0.4639999999999999 0.33979999999999994 0.1962000000000001
-4373.461452576646 0.4639999999999999 0.36049999999999993 0.1755000000000001
-4404.025561928802 0.4639999999999999 0.38119999999999993 0.1548000000000001
-4499.811842129482 0.4639999999999999 0.4018999999999999 0.1341000000000001
-4468.931825074347 0.4639999999999999 0.4225999999999999 0.11340000000000011
-4476.986959265735 0.4639999999999999 0.4432999999999999 0.09270000000000012
-4502.412072177608 0.4639999999999999 0.4639999999999999 0.07200000000000012
-4559.524744799676 0.4639999999999999 0.4846999999999999 0.05130000000000012
-4623.058375419448 0.4639999999999999 0.5054 0.03060000000000007
