-6432.063713918701 0.7951999999999999 0.05 0.1548000000000001
-6372.460775107898 0.7951999999999999 0.0707 0.1341000000000001
-6376.52138082923 0.7951999999999999 0.0914 0.1134000000000001
-6270.393084007304 0.7951999999999999 0.11209999999999999 0.0927000000000001
-6263.25492007461 0.7951999999999999 0.13279999999999997 0.07200000000000012
-6242.128677446263 0.7951999999999999 0.15349999999999997 0.05130000000000012
-6257.652349426392 0.7951999999999999 0.17419999999999997 0.030600000000000127
-6512.969584650468 0.8158999999999998 0.05 0.13410000000000016
-6477.250675549354 0.8158999999999998 0.0707 0.11340000000000015
-6363.937320511851 0.8158999999999998 0.0914 0.09270000000000016
-6370.824345087492 0.8158999999999998 0.11209999999999999 0.07200000000000016
-6357.92605830253 0.8158999999999998 0.13279999999999997 0.05130000000000018
-6422.009379957055 0.8158999999999998 0.15349999999999997 0.030600000000000183
-6575.8678312116235 0.8365999999999999 0.05 0.1134000000000001
-6546.5504211802945 0.8365999999999999 0.0707 0.0927000000000001
-6547.124620474662 0.8365999999999999 0.0914 0.0720000000000001
-6472.496392702639 0.8365999999999999 0.11209999999999999 0.05130000000000011
-6454.786564398791 0.8365999999999999 0.13279999999999997 0.030600000000000127
