-5901.9718645289195 0.6709999999999999 0.05 0.2790000000000001
-5838.444863744182 0.6709999999999999 0.0707 0.2583000000000001
-5809.368189708806 0.6709999999999999 0.0914 0.2376000000000001
-5583.291092259041 0.6709999999999999 0.11209999999999999 0.2169000000000001
-5759.400609381019 0.6709999999999999 0.13279999999999997 0.1962000000000001
-5206.135521817423 0.6709999999999999 0.15349999999999997 0.1755000000000001
-5327.934850751295 0.6709999999999999 0.17419999999999997 0.1548000000000001
-4915.593684157691 0.6709999999999999 0.19489999999999996 0.1341000000000001
-5322.417161834549 0.6709999999999999 0.21559999999999996 0.11340000000000011
-5359.984108976709 0.6709999999999999 0.23629999999999995 0.09270000000000012
-5399.497610310759 0.6709999999999999 0.25699999999999995 0.07200000000000012
-5396.031717467869 0.6709999999999999 0.27769999999999995 0.05130000000000012
-5616.262304975421 0.6709999999999999 0.29839999999999994 0.030600000000000127
-6012.621444792949 0.6917 0.05 0.25830000000000003
-5902.714548799107 0.6917 0.0707 0.23760000000000003
-5813.466662854067 0.6917 0.0914 0.21690000000000004
-5836.690764228654 0.6917 0.11209999999999999 0.19620000000000004
-5685.197699936413 0.6917 0.13279999999999997 0.17550000000000004
-5651.943572969449 0.6917 0.15349999999999997 0.15480000000000005
-5646.714753860607 0.6917 0.17419999999999997 0.13410000000000005
-5455.963915718986 0.6917 0.19489999999999996 0.11340000000000006
-5356.419185758331 0.6917 0.21559999999999996 0.09270000000000006
-5573.270257430086 0.6917 0.23629999999999995 0.07200000000000006
-5504.278949522036 0.6917 0.25699999999999995 0.05130000000000007
-5717.3810930486725 0.6917 0.27769999999999995 0.03060000000000007
-6063.895994324706 0.7123999999999999 0.05 0.2376000000000001
-6044.61815221232 0.7123999999999999 0.0707 0.2169000000000001
-6047.366101953014 0.7123999999999999 0.0914 0.1962000000000001
-5716.177519986685 0.7123999999999999 0.11209999999999999 0.1755000000000001
-5756.656148996278 0.7123999999999999 0.13279999999999997 0.1548000000000001
-5792.770337548247 0.7123999999999999 0.15349999999999997 0.1341000000000001
-5765.018447114798 0.7123999999999999 0.17419999999999997 0.11340000000000011
-5832.660068072862 0.7123999999999999 0.19489999999999996 0.09270000000000012
-5762.577888795793 0.7123999999999999 0.21559999999999996 0.07200000000000012
-5728.88646256172 0.7123999999999999 0.23629999999999995 0.05130000000000012
-5899.16108492989 0.7123999999999999 0.25699999999999995 0.030600000000000127
