-3263.4234855042287 0.05 0.05 0.8999999999999999
-3270.402201733848 0.05 0.0707 0.8793
-3319.908820617066 0.05 0.0914 0.8585999999999999
-3281.6707473623883 0.05 0.11209999999999999 0.8379
-3328.7442929479253 0.05 0.13279999999999997 0.8171999999999999
-3376.6563246612054 0.05 0.15349999999999997 0.7965
-3379.6395908470918 0.05 0.17419999999999997 0.7758
-3338.4583035750943 0.05 0.19489999999999996 0.7551
-3384.5612226721582 0.05 0.21559999999999996 0.7343999999999999
-3429.987830583811 0.05 0.23629999999999995 0.7137
-3427.8808405866275 0.05 0.25699999999999995 0.6930000000000001
-3455.843376093831 0.05 0.27769999999999995 0.6723
-3424.3280520780027 0.05 0.29839999999999994 0.6516
-3401.255224144486 0.05 0.31909999999999994 0.6309
-3374.6129967274965 0.05 0.33979999999999994 0.6102000000000001
-3351.078038774807 0.05 0.36049999999999993 0.5895
-3330.841710053172 0.05 0.38119999999999993 0.5688
-3299.118097865397 0.05 0.4018999999999999 0.5481
-3256.409894463225 0.05 0.4225999999999999 0.5274000000000001
-3247.589226976546 0.05 0.4432999999999999 0.5067
-3224.7580255905314 0.05 0.4639999999999999 0.48600000000000004
-3197.656354423832 0.05 0.4846999999999999 0.46530000000000005
-3177.37983080894 0.05 0.5054 0.4446
-3144.9059337811277 0.05 0.5260999999999999 0.42390000000000005
-3121.51641581652 0.05 0.5468 0.4032
-3091.3193936291254 0.05 0.5674999999999999 0.38250000000000006
-3069.1302648437463 0.05 0.5882 0.3618
-3038.934380857472 0.05 0.6089 0.34109999999999996
-3014.825109742741 0.05 0.6295999999999999 0.3204
-2988.3349884666677 0.05 0.6502999999999999 0.2997000000000001
-2961.5214919925374 0.05 0.6709999999999999 0.279
-2929.8680372494778 0.05 0.6917 0.2583
-2905.1104301290097 0.05 0.7123999999999999 0.23760000000000003
-2877.761858264729 0.05 0.7330999999999999 0.2169000000000001
-2848.5903263311675 0.05 0.7537999999999999 0.19620000000000004
-2823.6925145463033 0.05 0.7745 0.1755
-2787.4161018922823 0.05 0.7951999999999999 0.15480000000000005
-2762.5613631065435 0.05 0.8158999999999998 0.1341000000000001
-2737.8616995616335 0.05 0.8365999999999999 0.11340000000000006
-2708.026610757222 0.05 0.8573 0.0927
-2681.824076356321 0.05 0.8779999999999999 0.07200000000000006
-2654.4314050011403 0.05 0.8986999999999998 0.05130000000000012
-2624.3167802917155 0.05 0.9193999999999999 0.03060000000000007
-3277.6468932372018 0.0707 0.05 0.8793
-3283.9886419258496 0.0707 0.0707 0.8586
-3288.316665064681 0.0707 0.0914 0.8379
-3422.8856471065014 0.0707 0.11209999999999999 0.8172
-3382.8058582092654 0.0707 0.13279999999999997 0.7965
-3386.533608177636 0.0707 0.15349999999999997 0.7758
-3433.033381444431 0.0707 0.17419999999999997 0.7551000000000001
-3539.060017614215 0.0707 0.19489999999999996 0.7344
-3527.685574096601 0.0707 0.21559999999999996 0.7137
-3539.998362527034 0.0707 0.23629999999999995 0.6930000000000001
-3539.9731900187567 0.0707 0.25699999999999995 0.6723000000000001
-3519.6713324579414 0.0707 0.27769999999999995 0.6516000000000001
-3488.556871037675 0.0707 0.29839999999999994 0.6309
-3460.0542971200075 0.0707 0.31909999999999994 0.6102000000000001
-3441.360045542849 0.0707 0.33979999999999994 0.5895000000000001
-3416.952630425938 0.0707 0.36049999999999993 0.5688000000000001
-3386.661178275175 0.0707 0.38119999999999993 0.5481
-3363.474704143242 0.0707 0.4018999999999999 0.5274000000000001
-3341.6459545539906 0.0707 0.4225999999999999 0.5067000000000002
-3308.7336631516127 0.0707 0.4432999999999999 0.4860000000000001
-3282.109709337452 0.0707 0.4639999999999999 0.4653000000000001
-3262.522730727499 0.0707 0.4846999999999999 0.4446000000000001
-3233.559820205569 0.0707 0.5054 0.42390000000000005
-3204.45402709269 0.0707 0.5260999999999999 0.4032000000000001
-3184.653585870241 0.0707 0.5468 0.38250000000000006
-3154.1638907605316 0.0707 0.5674999999999999 0.3618000000000001
-3129.5816263744205 0.0707 0.5882 0.34110000000000007
-3104.721081018551 0.0707 0.6089 0.3204
-3074.150990954407 0.0707 0.6295999999999999 0.2997000000000001
-3048.5476344795843 0.0707 0.6502999999999999 0.27900000000000014
-3018.419265460779 0.0707 0.6709999999999999 0.2583000000000001
-2992.3558355706873 0.0707 0.6917 0.23760000000000003
-2966.301783838304 0.0707 0.7123999999999999 0.2169000000000001
-2937.308613896588 0.0707 0.7330999999999999 0.19620000000000015
-2912.1369636778213 0.0707 0.7537999999999999 0.1755000000000001
-2880.5458682760423 0.0707 0.7745 0.15480000000000005
-2856.5847768750564 0.0707 0.7951999999999999 0.1341000000000001
-2825.136629522128 0.0707 0.8158999999999998 0.11340000000000017
-2799.7664861975545 0.0707 0.8365999999999999 0.09270000000000012
-2772.0651579732034 0.0707 0.8573 0.07200000000000006
-2743.2063164862384 0.0707 0.8779999999999999 0.05130000000000012
-2713.281570565986 0.0707 0.8986999999999998 0.030600000000000183
-3291.2233870428995 0.0914 0.05 0.8585999999999999
-3382.931377416578 0.0914 0.0707 0.8379
-3516.45956444943 0.0914 0.0914 0.8171999999999999
-3521.517928990659 0.0914 0.11209999999999999 0.7965
-3611.6206829766725 0.0914 0.13279999999999997 0.7758
-3616.4107491093655 0.0914 0.15349999999999997 0.7551
-3619.409156584813 0.0914 0.17419999999999997 0.7343999999999999
-3621.626208837802 0.0914 0.19489999999999996 0.7137
-3623.0567828750227 0.0914 0.21559999999999996 0.6930000000000001
-3624.4963358296304 0.0914 0.23629999999999995 0.6723
-3620.490565893554 0.0914 0.25699999999999995 0.6516
-3594.599771720742 0.0914 0.27769999999999995 0.6309
-3564.7606447597623 0.0914 0.29839999999999994 0.6102000000000001
-3540.4806994706023 0.0914 0.31909999999999994 0.5895
-3519.062097624583 0.0914 0.33979999999999994 0.5688
-3492.268093586808 0.0914 0.36049999999999993 0.5481
-3471.173410905611 0.0914 0.38119999999999993 0.5274000000000001
-3438.9963269594086 0.0914 0.4018999999999999 0.5067
-3416.680546707856 0.0914 0.4225999999999999 0.48600000000000004
-3390.888522618383 0.0914 0.4432999999999999 0.46530000000000005
-3366.5547525811626 0.0914 0.4639999999999999 0.44460000000000005
-3336.0217773561612 0.0914 0.4846999999999999 0.42390000000000005
-3309.882188406763 0.0914 0.5054 0.4032
-3286.626293865259 0.0914 0.5260999999999999 0.38250000000000006
-3263.36911305858 0.0914 0.5468 0.3618
-3235.357999110361 0.0914 0.5674999999999999 0.34110000000000007
-3203.8014733275886 0.0914 0.5882 0.3204
-3175.5910821047187 0.0914 0.6089 0.29969999999999997
-3151.0123778092507 0.0914 0.6295999999999999 0.279
-3121.4711166161924 0.0914 0.6502999999999999 0.2583000000000001
-3095.7979559227215 0.0914 0.6709999999999999 0.23760000000000003
-3067.4851477622783 0.0914 0.6917 0.21689999999999998
-3045.531410688629 0.0914 0.7123999999999999 0.19620000000000004
-3013.4502320186994 0.0914 0.7330999999999999 0.1755000000000001
-2989.673715015558 0.0914 0.7537999999999999 0.15480000000000005
-2958.4822221396676 0.0914 0.7745 0.1341
-2934.2197309077806 0.0914 0.7951999999999999 0.11340000000000006
-2900.5393267417644 0.0914 0.8158999999999998 0.09270000000000012
-2875.5516577512144 0.0914 0.8365999999999999 0.07200000000000006
-2845.3055217257165 0.0914 0.8573 0.05130000000000001
-2817.086337953815 0.0914 0.8779999999999999 0.03060000000000007
