-4451.731284449326 0.29839999999999994 0.05 0.6516
-4455.787275026618 0.29839999999999994 0.0707 0.6309
-4454.543326279772 0.29839999999999994 0.0914 0.6102
-4456.19169051656 0.29839999999999994 0.11209999999999999 0.5895
-4453.568724510136 0.29839999999999994 0.13279999999999997 0.5688
-4454.300169701112 0.29839999999999994 0.15349999999999997 0.5481
-4449.3388667017425 0.29839999999999994 0.17419999999999997 0.5274000000000001
-4452.196967131836 0.29839999999999994 0.19489999999999996 0.5067
-4427.340221221868 0.29839999999999994 0.21559999999999996 0.48600000000000004
-4396.31056512716 0.29839999999999994 0.23629999999999995 0.46530000000000005
-4378.85567094829 0.29839999999999994 0.25699999999999995 0.44460000000000005
-4350.746737050697 0.29839999999999994 0.27769999999999995 0.42390000000000005
-4319.329080681273 0.29839999999999994 0.29839999999999994 0.40320000000000006
-4298.270373629311 0.29839999999999994 0.31909999999999994 0.38250000000000006
-4274.297065828581 0.29839999999999994 0.33979999999999994 0.36180000000000007
-4245.911898463503 0.29839999999999994 0.36049999999999993 0.34110000000000007
-4223.515413492613 0.29839999999999994 0.38119999999999993 0.3204000000000001
-4182.795054727544 0.29839999999999994 0.4018999999999999 0.2997000000000001
-4167.921895359268 0.29839999999999994 0.4225999999999999 0.2790000000000001
-4143.499861002147 0.29839999999999994 0.4432999999999999 0.2583000000000001
-4113.909707201809 0.29839999999999994 0.4639999999999999 0.2376000000000001
-4091.727193528556 0.29839999999999994 0.4846999999999999 0.2169000000000001
-4062.222070701855 0.29839999999999994 0.5054 0.19620000000000004
-4027.490116225028 0.29839999999999994 0.5260999999999999 0.1755000000000001
-4008.0371442824658 0.29839999999999994 0.5468 0.15480000000000005
-3978.25210861633 0.29839999999999994 0.5674999999999999 0.1341000000000001
-3938.7010019149716 0.29839999999999994 0.5882 0.11340000000000006
-3929.563315818716 0.29839999999999994 0.6089 0.0927
-3895.5916974571096 0.29839999999999994 0.6295999999999999 0.07200000000000006
-3874.8307119516767 0.29839999999999994 0.6502999999999999 0.05130000000000012
-3844.568737821453 0.29839999999999994 0.6709999999999999 0.03060000000000007
-4519.920488441719 0.31909999999999994 0.05 0.6309
-4527.431055524574 0.31909999999999994 0.0707 0.6102000000000001
-4530.740139260993 0.31909999999999994 0.0914 0.5895
-4526.111240939591 0.31909999999999994 0.11209999999999999 0.5688000000000001
-4531.1270722369345 0.31909999999999994 0.13279999999999997 0.5481
-4532.776657074674 0.31909999999999994 0.15349999999999997 0.5274000000000001
-4523.729795131475 0.31909999999999994 0.17419999999999997 0.5067000000000002
-4519.065484487876 0.31909999999999994 0.19489999999999996 0.4860000000000001
-4493.91832183165 0.31909999999999994 0.21559999999999996 0.4653000000000001
-4470.841171546179 0.31909999999999994 0.23629999999999995 0.4446000000000001
-4443.165858749974 0.31909999999999994 0.25699999999999995 0.4239000000000001
-4417.330433551334 0.31909999999999994 0.27769999999999995 0.4032000000000001
-4393.090024158016 0.31909999999999994 0.29839999999999994 0.3825000000000001
-4367.311114188551 0.31909999999999994 0.31909999999999994 0.3618000000000001
-4343.28390360764 0.31909999999999994 0.33979999999999994 0.3411000000000001
-4321.143069371379 0.31909999999999994 0.36049999999999993 0.32040000000000013
-4289.929785151023 0.31909999999999994 0.38119999999999993 0.29970000000000013
-4260.067757576432 0.31909999999999994 0.4018999999999999 0.27900000000000014
-4241.927571889526 0.31909999999999994 0.4225999999999999 0.25830000000000014
-4214.977834230947 0.31909999999999994 0.4432999999999999 0.23760000000000014
-4189.490750046711 0.31909999999999994 0.4639999999999999 0.21690000000000015
-4165.670432511723 0.31909999999999994 0.4846999999999999 0.19620000000000015
-4130.909097614215 0.31909999999999994 0.5054 0.1755000000000001
-4103.585411758383 0.31909999999999994 0.5260999999999999 0.15480000000000016
-4076.5804156309027 0.31909999999999994 0.5468 0.1341000000000001
-4050.3002893103794 0.31909999999999994 0.5674999999999999 0.11340000000000017
-4023.9099958574675 0.31909999999999994 0.5882 0.09270000000000012
-3996.507625756384 0.31909999999999994 0.6089 0.07200000000000006
-3966.9945169346997 0.31909999999999994 0.6295999999999999 0.05130000000000012
-3944.9676520012404 0.31909999999999994 0.6502999999999999 0.030600000000000183
-4623.079188031113 0.33979999999999994 0.05 0.6102000000000001
-4619.023799416443 0.33979999999999994 0.0707 0.5895000000000001
-4625.137105790959 0.33979999999999994 0.0914 0.5688000000000001
-4623.9387792993075 0.33979999999999994 0.11209999999999999 0.5481000000000001
-4617.412268256855 0.33979999999999994 0.13279999999999997 0.5274000000000001
-4616.889494522685 0.33979999999999994 0.15349999999999997 0.5067000000000002
-4619.33445676644 0.33979999999999994 0.17419999999999997 0.48600000000000015
-4596.849873320083 0.33979999999999994 0.19489999999999996 0.46530000000000016
-4577.190699551335 0.33979999999999994 0.21559999999999996 0.44460000000000016
-4553.689995858764 0.33979999999999994 0.23629999999999995 0.42390000000000017
-4525.569095583107 0.33979999999999994 0.25699999999999995 0.40320000000000017
-4507.088628382646 0.33979999999999994 0.27769999999999995 0.3825000000000002
-4472.301572344515 0.33979999999999994 0.29839999999999994 0.3618000000000002
-4450.554333678227 0.33979999999999994 0.31909999999999994 0.3411000000000002
-4426.065634990542 0.33979999999999994 0.33979999999999994 0.3204000000000002
-4399.938961354146 0.33979999999999994 0.36049999999999993 0.2997000000000002
-4374.685863542318 0.33979999999999994 0.38119999999999993 0.2790000000000002
-4345.573176343287 0.33979999999999994 0.4018999999999999 0.2583000000000002
-4319.2290504194225 0.33979999999999994 0.4225999999999999 0.2376000000000002
-4291.067164346669 0.33979999999999994 0.4432999999999999 0.2169000000000002
-4267.517536137171 0.33979999999999994 0.4639999999999999 0.1962000000000002
-4239.143659054954 0.33979999999999994 0.4846999999999999 0.1755000000000002
-4215.849566506257 0.33979999999999994 0.5054 0.15480000000000016
-4184.144155838736 0.33979999999999994 0.5260999999999999 0.13410000000000022
-4157.123960796608 0.33979999999999994 0.5468 0.11340000000000017
-4121.528659948457 0.33979999999999994 0.5674999999999999 0.09270000000000023
-4103.247684952742 0.33979999999999994 0.5882 0.07200000000000017
-4078.8828759846156 0.33979999999999994 0.6089 0.05130000000000012
-4043.248545463827 0.33979999999999994 0.6295999999999999 0.030600000000000183
