-5485.417687011784 0.5468 0.05 0.40320000000000006
-5485.572919174558 0.5468 0.0707 0.38250000000000006
-5468.571955193724 0.5468 0.0914 0.36180000000000007
-5468.167426747771 0.5468 0.11209999999999999 0.34110000000000007
-5456.1892029113615 0.5468 0.13279999999999997 0.3204000000000001
-5430.863783818249 0.5468 0.15349999999999997 0.2997000000000001
-5410.122336345768 0.5468 0.17419999999999997 0.2790000000000001
-5376.379153007931 0.5468 0.19489999999999996 0.2583000000000001
-5357.631505474799 0.5468 0.21559999999999996 0.2376000000000001
-5326.313534183078 0.5468 0.23629999999999995 0.2169000000000001
-5304.208244753279 0.5468 0.25699999999999995 0.1962000000000001
-5280.361442949142 0.5468 0.27769999999999995 0.1755000000000001
-5253.461539010317 0.5468 0.29839999999999994 0.1548000000000001
-5226.3197676843765 0.5468 0.31909999999999994 0.1341000000000001
-5194.390620213229 0.5468 0.33979999999999994 0.11340000000000011
-5167.0478991758055 0.5468 0.36049999999999993 0.09270000000000012
-5155.437497738115 0.5468 0.38119999999999993 0.07200000000000012
-5117.190935226046 0.5468 0.4018999999999999 0.05130000000000012
-5080.816572426346 0.5468 0.4225999999999999 0.030600000000000127
-5569.233062236579 0.5674999999999999 0.05 0.3825000000000001
-5565.983961846636 0.5674999999999999 0.0707 0.3618000000000001
-5553.646880979118 0.5674999999999999 0.0914 0.3411000000000001
-5544.554504176915 0.5674999999999999 0.11209999999999999 0.32040000000000013
-5535.6666720061185 0.5674999999999999 0.13279999999999997 0.29970000000000013
-5509.497740507178 0.5674999999999999 0.15349999999999997 0.27900000000000014
-5487.904610948407 0.5674999999999999 0.17419999999999997 0.25830000000000014
-5463.918208373471 0.5674999999999999 0.19489999999999996 0.23760000000000014
-5432.527256602961 0.5674999999999999 0.21559999999999996 0.21690000000000015
-5407.700603837398 0.5674999999999999 0.23629999999999995 0.19620000000000015
-5381.947021412777 0.5674999999999999 0.25699999999999995 0.17550000000000016
-5361.105070220026 0.5674999999999999 0.27769999999999995 0.15480000000000016
-5331.114390139409 0.5674999999999999 0.29839999999999994 0.13410000000000016
-5311.210119025856 0.5674999999999999 0.31909999999999994 0.11340000000000017
-5285.055451832491 0.5674999999999999 0.33979999999999994 0.09270000000000017
-5255.34562471283 0.5674999999999999 0.36049999999999993 0.07200000000000017
-5227.430859993188 0.5674999999999999 0.38119999999999993 0.05130000000000018
-5198.468865726569 0.5674999999999999 0.4018999999999999 0.030600000000000183
-5665.105478144906 0.5882 0.05 0.36180000000000007
-5634.548767816966 0.5882 0.0707 0.34110000000000007
-5653.119941052312 0.5882 0.0914 0.3204000000000001
-5648.914757391573 0.5882 0.11209999999999999 0.2997000000000001
-5627.382563412513 0.5882 0.13279999999999997 0.2790000000000001
-5591.730860759443 0.5882 0.15349999999999997 0.2583000000000001
-5575.044330619944 0.5882 0.17419999999999997 0.2376000000000001
-5549.219027495351 0.5882 0.19489999999999996 0.2169000000000001
-5522.546368162435 0.5882 0.21559999999999996 0.1962000000000001
-5496.100450807056 0.5882 0.23629999999999995 0.1755000000000001
-5475.575453977645 0.5882 0.25699999999999995 0.1548000000000001
-5425.458478309855 0.5882 0.27769999999999995 0.1341000000000001
-5419.304273480565 0.5882 0.29839999999999994 0.11340000000000011
-5394.86928099443 0.5882 0.31909999999999994 0.09270000000000012
-5355.318087872471 0.5882 0.33979999999999994 0.07200000000000012
-5339.317778290462 0.5882 0.36049999999999993 0.05130000000000012
-5305.695513824279 0.5882 0.38119999999999993 0.030600000000000127
