-3263.1497934155727 0.05 0.05 0.8999999999999999
-3312.705397879699 0.05 0.0707 0.8793
-3276.0111768827473 0.05 0.0914 0.8585999999999999
-3281.286668234913 0.05 0.11209999999999999 0.8379
-3372.4709914709724 0.05 0.13279999999999997 0.8171999999999999
-3376.7067278561703 0.05 0.15349999999999997 0.7965
-3424.7829214092258 0.05 0.17419999999999997 0.7758
-3383.819721553588 0.05 0.19489999999999996 0.7551
-3472.620427575995 0.05 0.21559999999999996 0.7343999999999999
-3475.6933985948804 0.05 0.23629999999999995 0.7137
-3475.4935795214824 0.05 0.25699999999999995 0.6930000000000001
-3456.4098553801796 0.05 0.27769999999999995 0.6723
-3424.896104236047 0.05 0.29839999999999994 0.6516
-3400.6302142380664 0.05 0.31909999999999994 0.6309
-3372.8579332913387 0.05 0.33979999999999994 0.6102000000000001
-3347.20468485097 0.05 0.36049999999999993 0.5895
-3324.4113364972263 0.05 0.38119999999999993 0.5688
-3300.6555207315478 0.05 0.4018999999999999 0.5481
-3277.011346620162 0.05 0.4225999999999999 0.5274000000000001
-3249.3132361755215 0.05 0.4432999999999999 0.5067
-3224.3349580183685 0.05 0.4639999999999999 0.48600000000000004
-3198.85345679138 0.05 0.4846999999999999 0.46530000000000005
-3169.5690061224327 0.05 0.5054 0.4446
-3145.4067920434577 0.05 0.5260999999999999 0.42390000000000005
-3121.4931066580575 0.05 0.5468 0.4032
-3095.6931427486047 0.05 0.5674999999999999 0.38250000000000006
-3065.004585448549 0.05 0.5882 0.3618
-3042.17014196095 0.05 0.6089 0.34109999999999996
-3008.304178209128 0.05 0.6295999999999999 0.3204
-2986.4472927962097 0.05 0.6502999999999999 0.2997000000000001
-2960.338077575131 0.05 0.6709999999999999 0.279
-2929.5952591529567 0.05 0.6917 0.2583
-2899.2666059455305 0.05 0.7123999999999999 0.23760000000000003
-2875.9320960924065 0.05 0.7330999999999999 0.2169000000000001
-2851.4672848880964 0.05 0.7537999999999999 0.19620000000000004
-2819.273052893529 0.05 0.7745 0.1755
-2792.6615435008425 0.05 0.7951999999999999 0.15480000000000005
-2765.0287498645303 0.05 0.8158999999999998 0.1341000000000001
-2738.8946823621645 0.05 0.8365999999999999 0.11340000000000006
-2701.7000745020896 0.05 0.8573 0.0927
-2681.2098159099346 0.05 0.8779999999999999 0.07200000000000006
-2652.5115270913684 0.05 0.8986999999999998 0.05130000000000012
-2623.293158188877 0.05 0.9193999999999999 0.03060000000000007
-3277.609884986371 0.0707 0.05 0.8793
-3326.7198781722614 0.0707 0.0707 0.8586
-3417.398885010869 0.0707 0.0914 0.8379
-3335.8512996114455 0.0707 0.11209999999999999 0.8172
-3426.9954661571187 0.0707 0.13279999999999997 0.7965
-3517.716037159844 0.0707 0.15349999999999997 0.7758
-3534.3879106253867 0.0707 0.17419999999999997 0.7551000000000001
-3538.7355236449425 0.0707 0.19489999999999996 0.7344
-3525.2853078300786 0.0707 0.21559999999999996 0.7137
-3541.087353929251 0.0707 0.23629999999999995 0.6930000000000001
-3540.5739247652095 0.0707 0.25699999999999995 0.6723000000000001
-3516.282559401076 0.0707 0.27769999999999995 0.6516000000000001
-3488.980214292758 0.0707 0.29839999999999994 0.6309
-3465.4123890621545 0.0707 0.31909999999999994 0.6102000000000001
-3439.996568705278 0.0707 0.33979999999999994 0.5895000000000001
-3415.016242569602 0.0707 0.36049999999999993 0.5688000000000001
-3389.708289668511 0.0707 0.38119999999999993 0.5481
-3369.690316004019 0.0707 0.4018999999999999 0.5274000000000001
-3338.488231486706 0.0707 0.4225999999999999 0.5067000000000002
-3313.0250057736616 0.0707 0.4432999999999999 0.4860000000000001
-3284.907576579327 0.0707 0.4639999999999999 0.4653000000000001
-3260.5879437696267 0.0707 0.4846999999999999 0.4446000000000001
-3231.748687927158 0.0707 0.5054 0.42390000000000005
-3206.1889164717545 0.0707 0.5260999999999999 0.4032000000000001
-3178.7839967498094 0.0707 0.5468 0.38250000000000006
-3153.184045557521 0.0707 0.5674999999999999 0.3618000000000001
-3124.24360556839 0.0707 0.5882 0.34110000000000007
-3102.098599717472 0.0707 0.6089 0.3204
-3071.3555961550574 0.0707 0.6295999999999999 0.2997000000000001
-3046.383756080021 0.0707 0.6502999999999999 0.27900000000000014
-3018.664904836254 0.0707 0.6709999999999999 0.2583000000000001
-2994.01502133832 0.0707 0.6917 0.23760000000000003
-2965.6057246963305 0.0707 0.7123999999999999 0.2169000000000001
-2935.6054895919783 0.0707 0.7330999999999999 0.19620000000000015
-2909.328967436028 0.0707 0.7537999999999999 0.1755000000000001
-2883.013605438712 0.0707 0.7745 0.15480000000000005
-2854.020140210202 0.0707 0.7951999999999999 0.1341000000000001
-2825.7061476229583 0.0707 0.8158999999999998 0.11340000000000017
-2798.4834045702705 0.0707 0.8365999999999999 0.09270000000000012
-2771.181105490235 0.0707 0.8573 0.07200000000000006
-2742.5034411695897 0.0707 0.8779999999999999 0.05130000000000012
-2711.7413914225986 0.0707 0.8986999999999998 0.030600000000000183
-3291.54376503511 0.0914 0.05 0.8585999999999999
-3381.5233720815027 0.0914 0.0707 0.8379
-3473.0514374871677 0.0914 0.0914 0.8171999999999999
-3521.4880106419364 0.0914 0.11209999999999999 0.7965
-3568.121121168478 0.0914 0.13279999999999997 0.7758
-3617.7160410874376 0.0914 0.15349999999999997 0.7551
-3619.1708597952893 0.0914 0.17419999999999997 0.7343999999999999
-3620.471060507043 0.0914 0.19489999999999996 0.7137
-3623.5391154015765 0.0914 0.21559999999999996 0.6930000000000001
-3622.7936404104425 0.0914 0.23629999999999995 0.6723
-3619.9164788195444 0.0914 0.25699999999999995 0.6516
-3593.652712582959 0.0914 0.27769999999999995 0.6309
-3568.006897985271 0.0914 0.29839999999999994 0.6102000000000001
-3540.2110824474876 0.0914 0.31909999999999994 0.5895
-3514.2497285574727 0.0914 0.33979999999999994 0.5688
-3489.3704859950453 0.0914 0.36049999999999993 0.5481
-3469.0566568058553 0.0914 0.38119999999999993 0.5274000000000001
-3441.180225911491 0.0914 0.4018999999999999 0.5067
-3414.8913721736994 0.0914 0.4225999999999999 0.48600000000000004
-3391.699386490989 0.0914 0.4432999999999999 0.46530000000000005
-3364.022671001569 0.0914 0.4639999999999999 0.44460000000000005
-3336.8809348662917 0.0914 0.4846999999999999 0.42390000000000005
-3311.5066361240524 0.0914 0.5054 0.4032
-3285.275333786752 0.0914 0.5260999999999999 0.38250000000000006
-3260.8430944122974 0.0914 0.5468 0.3618
-3232.1912435292834 0.0914 0.5674999999999999 0.34110000000000007
-3200.5498586671515 0.0914 0.5882 0.3204
-3174.9420433446953 0.0914 0.6089 0.29969999999999997
-3147.5356585955074 0.0914 0.6295999999999999 0.279
-3122.2207355208884 0.0914 0.6502999999999999 0.2583000000000001
-3095.121082028608 0.0914 0.6709999999999999 0.23760000000000003
-3068.6534806479694 0.0914 0.6917 0.21689999999999998
-3039.6333682598424 0.0914 0.7123999999999999 0.19620000000000004
-3015.476313520333 0.0914 0.7330999999999999 0.1755000000000001
-2981.8837090015363 0.0914 0.7537999999999999 0.15480000000000005
-2957.815333022592 0.0914 0.7745 0.1341
-2930.9518620548097 0.0914 0.7951999999999999 0.11340000000000006
-2902.044592797088 0.0914 0.8158999999999998 0.09270000000000012
-2873.2753047200235 0.0914 0.8365999999999999 0.07200000000000006
-2846.283982159586 0.0914 0.8573 0.05130000000000001
-2816.5480923132523 0.0914 0.8779999999999999 0.03060000000000007
