-6513.8324097128525 0.7951999999999999 0.05 0.1548000000000001
-6500.164680802178 0.7951999999999999 0.0707 0.1341000000000001
-6467.904654929319 0.7951999999999999 0.0914 0.1134000000000001
-6447.999341539672 0.7951999999999999 0.11209999999999999 0.0927000000000001
-6423.905677882138 0.7951999999999999 0.13279999999999997 0.07200000000000012
-6396.4006363746375 0.7951999999999999 0.15349999999999997 0.05130000000000012
-6376.368106012686 0.7951999999999999 0.17419999999999997 0.030600000000000127
-6603.761775092269 0.8158999999999998 0.05 0.13410000000000016
-6582.407473143192 0.8158999999999998 0.0707 0.11340000000000015
-6556.417789577275 0.8158999999999998 0.0914 0.09270000000000016
-6533.701918704684 0.8158999999999998 0.11209999999999999 0.07200000000000016
-6510.819942560748 0.8158999999999998 0.13279999999999997 0.05130000000000018
-6481.3025945362815 0.8158999999999998 0.15349999999999997 0.030600000000000183
-6693.445761623785 0.8365999999999999 0.05 0.1134000000000001
-6673.080841160888 0.8365999999999999 0.0707 0.0927000000000001
-6648.74406635086 0.8365999999999999 0.0914 0.0720000000000001
-6621.4724909358365 0.8365999999999999 0.11209999999999999 0.05130000000000011
-6598.317781163265 0.8365999999999999 0.13279999999999997 0.030600000000000127
