-4958.939886959295 0.4225999999999999 0.05 0.5274000000000001
-4961.852402180363 0.4225999999999999 0.0707 0.5067000000000002
-4964.538832237974 0.4225999999999999 0.0914 0.48600000000000015
-4966.868722597141 0.4225999999999999 0.11209999999999999 0.46530000000000016
-4957.061074474552 0.4225999999999999 0.13279999999999997 0.44460000000000016
-4951.591884070642 0.4225999999999999 0.15349999999999997 0.42390000000000017
-4939.8359670676045 0.4225999999999999 0.17419999999999997 0.40320000000000017
-4909.187652004486 0.4225999999999999 0.19489999999999996 0.3825000000000002
-4890.250557661861 0.4225999999999999 0.21559999999999996 0.3618000000000002
-4856.432460969056 0.4225999999999999 0.23629999999999995 0.3411000000000002
-4834.036044618825 0.4225999999999999 0.25699999999999995 0.3204000000000002
-4806.678580629013 0.4225999999999999 0.27769999999999995 0.2997000000000002
-4780.663159154737 0.4225999999999999 0.29839999999999994 0.2790000000000002
-4762.603448327196 0.4225999999999999 0.31909999999999994 0.2583000000000002
-4728.590027632985 0.4225999999999999 0.33979999999999994 0.2376000000000002
-4703.757771364802 0.4225999999999999 0.36049999999999993 0.2169000000000002
-4682.945541809584 0.4225999999999999 0.38119999999999993 0.1962000000000002
-4651.502419072195 0.4225999999999999 0.4018999999999999 0.1755000000000002
-4633.6750507120005 0.4225999999999999 0.4225999999999999 0.15480000000000022
-4601.827223901935 0.4225999999999999 0.4432999999999999 0.13410000000000022
-4567.135248385767 0.4225999999999999 0.4639999999999999 0.11340000000000022
-4541.682706265732 0.4225999999999999 0.4846999999999999 0.09270000000000023
-4518.333315077996 0.4225999999999999 0.5054 0.07200000000000017
-4491.859430890268 0.4225999999999999 0.5260999999999999 0.051300000000000234
-4456.8222048080825 0.4225999999999999 0.5468 0.030600000000000183
-5038.905708855707 0.4432999999999999 0.05 0.5067
-5050.486834279874 0.4432999999999999 0.0707 0.4860000000000001
-5036.471363045888 0.4432999999999999 0.0914 0.4653000000000001
-5044.9123772506955 0.4432999999999999 0.11209999999999999 0.4446000000000001
-5031.962823715863 0.4432999999999999 0.13279999999999997 0.4239000000000001
-5027.9504796651845 0.4432999999999999 0.15349999999999997 0.4032000000000001
-5009.992216575367 0.4432999999999999 0.17419999999999997 0.3825000000000001
-4983.056131797711 0.4432999999999999 0.19489999999999996 0.3618000000000001
-4961.557750105639 0.4432999999999999 0.21559999999999996 0.3411000000000001
-4934.421881300394 0.4432999999999999 0.23629999999999995 0.32040000000000013
-4912.233997102703 0.4432999999999999 0.25699999999999995 0.29970000000000013
-4885.584746469329 0.4432999999999999 0.27769999999999995 0.27900000000000014
-4861.088073635583 0.4432999999999999 0.29839999999999994 0.25830000000000014
-4832.4655200588795 0.4432999999999999 0.31909999999999994 0.23760000000000014
-4812.125564126511 0.4432999999999999 0.33979999999999994 0.21690000000000015
-4779.488672280221 0.4432999999999999 0.36049999999999993 0.19620000000000015
-4754.111582947158 0.4432999999999999 0.38119999999999993 0.17550000000000016
-4728.047333080903 0.4432999999999999 0.4018999999999999 0.15480000000000016
-4699.0647830481375 0.4432999999999999 0.4225999999999999 0.13410000000000016
-4670.312366189579 0.4432999999999999 0.4432999999999999 0.11340000000000017
-4645.084055003338 0.4432999999999999 0.4639999999999999 0.09270000000000017
-4618.190642078505 0.4432999999999999 0.4846999999999999 0.07200000000000017
-4600.420359955783 0.4432999999999999 0.5054 0.05130000000000012
-4564.385719979367 0.4432999999999999 0.5260999999999999 0.030600000000000183
-5145.67949935629 0.4639999999999999 0.05 0.48600000000000004
-5137.786442945584 0.4639999999999999 0.0707 0.46530000000000005
-5134.306043400514 0.4639999999999999 0.0914 0.44460000000000005
-5132.680956180218 0.4639999999999999 0.11209999999999999 0.42390000000000005
-5126.938268088013 0.4639999999999999 0.13279999999999997 0.40320000000000006
-5114.024566319867 0.4639999999999999 0.15349999999999997 0.38250000000000006
-5091.145447109387 0.4639999999999999 0.17419999999999997 0.36180000000000007
-5068.262790802225 0.4639999999999999 0.19489999999999996 0.34110000000000007
-5047.01424578588 0.4639999999999999 0.21559999999999996 0.3204000000000001
-5025.593499272453 0.4639999999999999 0.23629999999999995 0.2997000000000001
-4995.842650808446 0.4639999999999999 0.25699999999999995 0.2790000000000001
-4968.231145430658 0.4639999999999999 0.27769999999999995 0.2583000000000001
-4939.866611225931 0.4639999999999999 0.29839999999999994 0.2376000000000001
-4915.841117006608 0.4639999999999999 0.31909999999999994 0.2169000000000001
-4884.245993263922 0.4639999999999999 0.33979999999999994 0.1962000000000001
-4866.260496191497 0.4639999999999999 0.36049999999999993 0.1755000000000001
-4840.856040816006 0.4639999999999999 0.38119999999999993 0.1548000000000001
-4810.27494142797 0.4639999999999999 0.4018999999999999 0.1341000000000001
-4778.5298737963185 0.4639999999999999 0.4225999999999999 0.11340000000000011
-4751.354005759019 0.4639999999999999 0.4432999999999999 0.09270000000000012
-4729.599192927966 0.4639999999999999 0.4639999999999999 0.07200000000000012
-4704.325337338858 0.4639999999999999 0.4846999999999999 0.05130000000000012
-4678.269089406742 0.4639999999999999 0.5054 0.03060000000000007
