-6103.287987701492 0.6759999999999999 0.001 0.32300000000000006
-6116.339958704797 0.6759999999999999 0.0235 0.30050000000000004
-6129.2194606767725 0.6759999999999999 0.046 0.2780000000000001
-6141.075742843273 0.6759999999999999 0.0685 0.25550000000000006
-6150.545266517813 0.6759999999999999 0.091 0.23300000000000007
-6152.143556722975 0.6759999999999999 0.11349999999999999 0.21050000000000008
-6145.854525591927 0.6759999999999999 0.136 0.18800000000000006
-6136.528906890768 0.6759999999999999 0.1585 0.16550000000000006
-6124.626323572554 0.6759999999999999 0.181 0.14300000000000007
-6111.435286099035 0.6759999999999999 0.2035 0.12050000000000008
-6096.632044248732 0.6759999999999999 0.22599999999999998 0.09800000000000009
-6081.935197757961 0.6759999999999999 0.2485 0.07550000000000007
-6066.826475015827 0.6759999999999999 0.271 0.05300000000000005
-6046.44843115409 0.6759999999999999 0.2935 0.030500000000000083
-6010.907602501437 0.6759999999999999 0.324 5.551115123125783e-17
-6196.560220494043 0.6985 0.001 0.3005
-6208.317600325097 0.6985 0.0235 0.27799999999999997
-6220.841864257346 0.6985 0.046 0.2555
-6232.459996205898 0.6985 0.0685 0.23299999999999998
-6239.468807942749 0.6985 0.091 0.2105
-6238.678328534103 0.6985 0.11349999999999999 0.188
-6231.260493359328 0.6985 0.136 0.16549999999999998
-6217.933259426694 0.6985 0.1585 0.143
-6207.746996092848 0.6985 0.181 0.1205
-6193.26001097517 0.6985 0.2035 0.098
-6179.721870675667 0.6985 0.22599999999999998 0.07550000000000001
-6163.58469547615 0.6985 0.2485 0.05299999999999999
-6148.762756859738 0.6985 0.271 0.03049999999999997
-6118.77177311041 0.6985 0.301 0.0005000000000000004
-6289.559798277505 0.721 0.001 0.278
-6301.078119687965 0.721 0.0235 0.2555
-6312.220451337175 0.721 0.046 0.23300000000000004
-6323.710542223852 0.721 0.0685 0.21050000000000002
-6329.743775590205 0.721 0.091 0.18800000000000003
-6324.492798927722 0.721 0.11349999999999999 0.16550000000000004
-6316.079191783235 0.721 0.136 0.14300000000000002
-6303.7360746723525 0.721 0.1585 0.12050000000000002
-6290.231438072057 0.721 0.181 0.09800000000000003
-6275.378525911817 0.721 0.2035 0.07550000000000004
-6261.004687675108 0.721 0.22599999999999998 0.05300000000000005
-6245.397722278441 0.721 0.2485 0.030500000000000027
-6223.990743150074 0.721 0.278 0.0010000000000000009
