-3211.6542820555346 0.001 0.001 0.998
-3236.973775898379 0.001 0.0235 0.9755
-3262.293325119458 0.001 0.046 0.953
-3287.7381162048987 0.001 0.0685 0.9305
-3313.3673641490286 0.001 0.091 0.908
-3338.566896174304 0.001 0.11349999999999999 0.8855
-3363.9104691466596 0.001 0.136 0.863
-3387.9811822400966 0.001 0.1585 0.8405
-3412.5223609772966 0.001 0.181 0.8180000000000001
-3436.4855386761387 0.001 0.2035 0.7955
-3460.233884400037 0.001 0.22599999999999998 0.773
-3482.6529671537687 0.001 0.2485 0.7505
-3502.673991727672 0.001 0.271 0.728
-3510.5873557273494 0.001 0.2935 0.7055
-3514.0048243825076 0.001 0.316 0.683
-3513.761092333021 0.001 0.33849999999999997 0.6605000000000001
-3513.417072327964 0.001 0.361 0.638
-3513.8886082480267 0.001 0.3835 0.6154999999999999
-3509.59478742179 0.001 0.40599999999999997 0.593
-3493.350186643535 0.001 0.4285 0.5705
-3475.0882137569556 0.001 0.45099999999999996 0.548
-3458.1327563620703 0.001 0.4735 0.5255000000000001
-3440.1353045396827 0.001 0.496 0.503
-3418.728485671254 0.001 0.5185 0.48050000000000004
-3401.691016440604 0.001 0.541 0.45799999999999996
-3381.68061964579 0.001 0.5635 0.4355
-3359.711155785606 0.001 0.586 0.41300000000000003
-3331.7282681385404 0.001 0.6084999999999999 0.39050000000000007
-3293.48450716705 0.001 0.631 0.368
-3254.4141205815613 0.001 0.6535 0.34550000000000003
-3215.7258609399014 0.001 0.6759999999999999 0.32300000000000006
-3177.9171051743547 0.001 0.6985 0.3005
-3135.936188655329 0.001 0.721 0.278
-3078.5531953259856 0.001 0.7434999999999999 0.25550000000000006
-3017.4796881982274 0.001 0.766 0.23299999999999998
-2955.5889742423565 0.001 0.7885 0.21050000000000002
-2892.541933713594 0.001 0.8109999999999999 0.18800000000000006
-2829.1750682338775 0.001 0.8335 0.16549999999999998
-2765.086053218121 0.001 0.856 0.14300000000000002
-2701.076115248144 0.001 0.8785 0.12050000000000005
-2636.544235096834 0.001 0.9009999999999999 0.09800000000000009
-2571.9037430372596 0.001 0.9235 0.07550000000000001
-2506.6178808348955 0.001 0.946 0.05300000000000005
-2441.247500760925 0.001 0.9684999999999999 0.030500000000000083
-2355.1407292087833 0.001 0.998 0.0010000000000000009
-3310.468654712663 0.0235 0.001 0.9755
-3336.2269240235805 0.0235 0.0235 0.9530000000000001
-3361.9237410768637 0.0235 0.046 0.9305
-3387.368315901526 0.0235 0.0685 0.908
-3412.5332683899005 0.0235 0.091 0.8855000000000001
-3437.3371971361316 0.0235 0.11349999999999999 0.863
-3462.399165171232 0.0235 0.136 0.8405
-3486.02781960191 0.0235 0.1585 0.8180000000000001
-3510.3577559346977 0.0235 0.181 0.7955000000000001
-3534.044970690747 0.0235 0.2035 0.773
-3557.692634685727 0.0235 0.22599999999999998 0.7505000000000001
-3580.732945997962 0.0235 0.2485 0.728
-3598.426303489049 0.0235 0.271 0.7055
-3603.1610507350056 0.0235 0.2935 0.683
-3602.681200380488 0.0235 0.316 0.6605000000000001
-3602.313453023629 0.0235 0.33849999999999997 0.6380000000000001
-3604.5051757089577 0.0235 0.361 0.6155
-3601.946770874876 0.0235 0.3835 0.593
-3592.100048894058 0.0235 0.40599999999999997 0.5705
-3576.594948573124 0.0235 0.4285 0.548
-3558.6932847406974 0.0235 0.45099999999999996 0.5255000000000001
-3540.3639686747247 0.0235 0.4735 0.5030000000000001
-3521.823825308231 0.0235 0.496 0.48050000000000004
-3503.0084352320505 0.0235 0.5185 0.4580000000000001
-3481.419430024328 0.0235 0.541 0.4355
-3460.2193633534043 0.0235 0.5635 0.41300000000000003
-3439.111236407774 0.0235 0.586 0.39050000000000007
-3404.1701411644094 0.0235 0.6084999999999999 0.3680000000000001
-3367.2246997410916 0.0235 0.631 0.34550000000000003
-3328.857863903311 0.0235 0.6535 0.32300000000000006
-3290.9975668846823 0.0235 0.6759999999999999 0.3005000000000001
-3252.899941218564 0.0235 0.6985 0.278
-3203.10931435131 0.0235 0.721 0.25550000000000006
-3146.5869437724605 0.0235 0.7434999999999999 0.2330000000000001
-3084.9079046663364 0.0235 0.766 0.21050000000000002
-3022.086870178901 0.0235 0.7885 0.18800000000000006
-2959.4746575008676 0.0235 0.8109999999999999 0.1655000000000001
-2896.4954580620793 0.0235 0.8335 0.14300000000000002
-2832.3814538199367 0.0235 0.856 0.12050000000000005
-2767.9712608019963 0.0235 0.8785 0.09800000000000009
-2703.2664186974457 0.0235 0.9009999999999999 0.07550000000000012
-2638.511314050112 0.0235 0.9235 0.05300000000000005
-2573.0402011830824 0.0235 0.946 0.030500000000000083
-2485.7050898209495 0.0235 0.976 0.000500000000000056
-3409.1821001262933 0.046 0.001 0.953
-3435.142222124797 0.046 0.0235 0.9305
-3460.5619409905808 0.046 0.046 0.9079999999999999
-3486.2550025083574 0.046 0.0685 0.8855
-3511.600799982519 0.046 0.091 0.863
-3535.864702069969 0.046 0.11349999999999999 0.8405
-3559.775537724904 0.046 0.136 0.818
-3584.066687709088 0.046 0.1585 0.7955
-3607.7464135990917 0.046 0.181 0.7729999999999999
-3631.4735977929563 0.046 0.2035 0.7505
-3654.709665697214 0.046 0.22599999999999998 0.728
-3675.653396216719 0.046 0.2485 0.7055
-3687.4748793494414 0.046 0.271 0.6829999999999999
-3691.098737099649 0.046 0.2935 0.6605
-3689.813083307897 0.046 0.316 0.6379999999999999
-3690.1446511645545 0.046 0.33849999999999997 0.6154999999999999
-3690.7157349867075 0.046 0.361 0.593
-3688.458562747188 0.046 0.3835 0.5705
-3675.9669799468843 0.046 0.40599999999999997 0.548
-3659.9793372090294 0.046 0.4285 0.5255
-3641.1608839609103 0.046 0.45099999999999996 0.503
-3623.265679676925 0.046 0.4735 0.4805
-3604.394238166754 0.046 0.496 0.45799999999999996
-3585.0264110611934 0.046 0.5185 0.4355
-3563.277731928113 0.046 0.541 0.4129999999999999
-3541.8056538164683 0.046 0.5635 0.39049999999999996
-3514.911311787951 0.046 0.586 0.368
-3479.1710126230864 0.046 0.6084999999999999 0.34550000000000003
-3441.2047134361014 0.046 0.631 0.32299999999999995
-3403.0981631094605 0.046 0.6535 0.3005
-3366.1982406904926 0.046 0.6759999999999999 0.278
-3322.490171486891 0.046 0.6985 0.25549999999999995
-3272.012129251231 0.046 0.721 0.23299999999999998
-3213.7644891418677 0.046 0.7434999999999999 0.21050000000000002
-3152.2521458755805 0.046 0.766 0.18799999999999994
-3090.3949179133674 0.046 0.7885 0.16549999999999998
-3027.3583274609537 0.046 0.8109999999999999 0.14300000000000002
-2963.4355008462767 0.046 0.8335 0.12049999999999994
-2899.5074568694113 0.046 0.856 0.09799999999999998
-2835.1705928999418 0.046 0.8785 0.07550000000000001
-2770.21452861264 0.046 0.9009999999999999 0.05300000000000005
-2705.366939671584 0.046 0.9235 0.03049999999999997
-2619.2685466934636 0.046 0.9530000000000001 0.0009999999999998899
