-5822.7634773770715 0.6084999999999999 0.001 0.39050000000000007
-5837.507867391126 0.6084999999999999 0.0235 0.36800000000000005
-5852.922313761211 0.6084999999999999 0.046 0.3455000000000001
-5865.84278822506 0.6084999999999999 0.0685 0.32300000000000006
-5878.095165754221 0.6084999999999999 0.091 0.3005000000000001
-5886.61962818528 0.6084999999999999 0.11349999999999999 0.2780000000000001
-5887.147605569549 0.6084999999999999 0.136 0.25550000000000006
-5881.691837645836 0.6084999999999999 0.1585 0.23300000000000007
-5872.716614771722 0.6084999999999999 0.181 0.21050000000000008
-5859.602780444189 0.6084999999999999 0.2035 0.18800000000000008
-5847.891739674107 0.6084999999999999 0.22599999999999998 0.1655000000000001
-5834.992368387584 0.6084999999999999 0.2485 0.14300000000000007
-5820.702266634849 0.6084999999999999 0.271 0.12050000000000005
-5802.748575684369 0.6084999999999999 0.2935 0.09800000000000009
-5780.746913343168 0.6084999999999999 0.316 0.07550000000000007
-5756.14325103561 0.6084999999999999 0.33849999999999997 0.0530000000000001
-5728.212076764672 0.6084999999999999 0.361 0.030500000000000083
-5690.18792756969 0.6084999999999999 0.391 0.000500000000000056
-5915.956911055864 0.631 0.001 0.368
-5931.252642671606 0.631 0.0235 0.3455
-5944.832273165276 0.631 0.046 0.323
-5958.172977943615 0.631 0.0685 0.3005
-5968.419070066424 0.631 0.091 0.278
-5976.2094839902375 0.631 0.11349999999999999 0.2555
-5974.500102052369 0.631 0.136 0.23299999999999998
-5966.890340311517 0.631 0.1585 0.2105
-5957.158833784193 0.631 0.181 0.188
-5944.417847585784 0.631 0.2035 0.1655
-5931.147256187128 0.631 0.22599999999999998 0.14300000000000002
-5916.371928826055 0.631 0.2485 0.1205
-5902.6282937409605 0.631 0.271 0.09799999999999998
-5883.60169111347 0.631 0.2935 0.07550000000000001
-5859.546793976023 0.631 0.316 0.05299999999999999
-5834.583250008481 0.631 0.33849999999999997 0.030500000000000027
-5798.184499330769 0.631 0.368 0.0010000000000000009
-6009.938130124315 0.6535 0.001 0.34550000000000003
-6023.958153583321 0.6535 0.0235 0.323
-6037.358338296239 0.6535 0.046 0.30050000000000004
-6050.7593030171065 0.6535 0.0685 0.278
-6060.558989207958 0.6535 0.091 0.25550000000000006
-6064.323971793218 0.6535 0.11349999999999999 0.23300000000000004
-6059.984353643488 0.6535 0.136 0.21050000000000002
-6051.574992091784 0.6535 0.1585 0.18800000000000003
-6040.71441136117 0.6535 0.181 0.16550000000000004
-6027.366939916472 0.6535 0.2035 0.14300000000000004
-6013.969331458085 0.6535 0.22599999999999998 0.12050000000000005
-5999.4368474967805 0.6535 0.2485 0.09800000000000003
-5984.5392293205905 0.6535 0.271 0.07550000000000001
-5964.858935708888 0.6535 0.2935 0.05300000000000005
-5941.131675092751 0.6535 0.316 0.030500000000000027
-5904.100150431443 0.6535 0.34600000000000003 0.0005000000000000004
