-6659.2341906875445 0.8109999999999999 0.001 0.18800000000000006
-6668.218071878397 0.8109999999999999 0.0235 0.16550000000000006
-6677.974174938123 0.8109999999999999 0.046 0.14300000000000007
-6681.612235006687 0.8109999999999999 0.0685 0.12050000000000005
-6674.564440426572 0.8109999999999999 0.091 0.09800000000000006
-6662.42029884528 0.8109999999999999 0.11349999999999999 0.07550000000000007
-6648.893429155361 0.8109999999999999 0.136 0.05300000000000005
-6634.000248551031 0.8109999999999999 0.1585 0.030500000000000055
-6613.59334779843 0.8109999999999999 0.189 5.551115123125783e-17
-6751.208714700086 0.8335 0.001 0.16549999999999998
-6760.04739203419 0.8335 0.0235 0.143
-6768.989375459912 0.8335 0.046 0.12049999999999998
-6768.617663553697 0.8335 0.0685 0.09799999999999998
-6758.424163965926 0.8335 0.091 0.07549999999999998
-6746.056062979947 0.8335 0.11349999999999999 0.05299999999999999
-6731.03464543196 0.8335 0.136 0.03049999999999997
-6710.98412452576 0.8335 0.166 0.0004999999999999727
-6843.542726978413 0.856 0.001 0.14300000000000002
-6851.535755753893 0.856 0.0235 0.12050000000000002
-6859.222662949416 0.856 0.046 0.09800000000000002
-6854.029789406313 0.856 0.0685 0.07550000000000001
-6842.8253059953895 0.856 0.091 0.05300000000000002
-6828.310126621967 0.856 0.11349999999999999 0.030500000000000027
-6808.780665602979 0.856 0.14300000000000002 0.0010000000000000009
