-3305.9163370189003 0.05 0.05 0.8999999999999999
-3270.88393995109 0.05 0.0707 0.8793
-3277.0937036735995 0.05 0.0914 0.8585999999999999
-3281.643128665202 0.05 0.11209999999999999 0.8379
-3329.4399003893336 0.05 0.13279999999999997 0.8171999999999999
-3289.1717627503917 0.05 0.15349999999999997 0.7965
-3425.1330977731227 0.05 0.17419999999999997 0.7758
-3382.4115971359597 0.05 0.19489999999999996 0.7551
-3384.4586765595263 0.05 0.21559999999999996 0.7343999999999999
-3430.216420001556 0.05 0.23629999999999995 0.7137
-3476.1166093721677 0.05 0.25699999999999995 0.6930000000000001
-3457.931590136935 0.05 0.27769999999999995 0.6723
-3427.6526398234396 0.05 0.29839999999999994 0.6516
-3395.6177446045067 0.05 0.31909999999999994 0.6309
-3377.4978210255426 0.05 0.33979999999999994 0.6102000000000001
-3351.3256757939544 0.05 0.36049999999999993 0.5895
-3328.434351567743 0.05 0.38119999999999993 0.5688
-3296.3086814453327 0.05 0.4018999999999999 0.5481
-3275.7268126592376 0.05 0.4225999999999999 0.5274000000000001
-3249.2999362809633 0.05 0.4432999999999999 0.5067
-3226.552037961609 0.05 0.4639999999999999 0.48600000000000004
-3196.842028065258 0.05 0.4846999999999999 0.46530000000000005
-3175.3012890211608 0.05 0.5054 0.4446
-3147.4003338300467 0.05 0.5260999999999999 0.42390000000000005
-3120.3351877007367 0.05 0.5468 0.4032
-3094.1061036284077 0.05 0.5674999999999999 0.38250000000000006
-3066.819703785501 0.05 0.5882 0.3618
-3036.601324902078 0.05 0.6089 0.34109999999999996
-3012.653376403988 0.05 0.6295999999999999 0.3204
-2985.90470900472 0.05 0.6502999999999999 0.2997000000000001
-2959.179369872413 0.05 0.6709999999999999 0.279
-2930.3080301208165 0.05 0.6917 0.2583
-2903.7094938604955 0.05 0.7123999999999999 0.23760000000000003
-2875.424873927212 0.05 0.7330999999999999 0.2169000000000001
-2850.3800061121065 0.05 0.7537999999999999 0.19620000000000004
-2821.0669790946663 0.05 0.7745 0.1755
-2792.8849811378514 0.05 0.7951999999999999 0.15480000000000005
-2758.8252558789504 0.05 0.8158999999999998 0.1341000000000001
-2737.0664217217627 0.05 0.8365999999999999 0.11340000000000006
-2709.4507555223136 0.05 0.8573 0.0927
-2682.976252312464 0.05 0.8779999999999999 0.07200000000000006
-2653.1197937034854 0.05 0.8986999999999998 0.05130000000000012
-2617.5471580618346 0.05 0.9193999999999999 0.03060000000000007
-3278.0795781263305 0.0707 0.05 0.8793
-3284.5386882410585 0.0707 0.0707 0.8586
-3288.481823195712 0.0707 0.0914 0.8379
-3379.3845846549802 0.0707 0.11209999999999999 0.8172
-3383.001325701095 0.0707 0.13279999999999997 0.7965
-3474.3950292735617 0.0707 0.15349999999999997 0.7758
-3521.966560852433 0.0707 0.17419999999999997 0.7551000000000001
-3537.0372307732027 0.0707 0.19489999999999996 0.7344
-3528.474702018494 0.0707 0.21559999999999996 0.7137
-3540.17720384272 0.0707 0.23629999999999995 0.6930000000000001
-3539.7614252481153 0.0707 0.25699999999999995 0.6723000000000001
-3517.526236114074 0.0707 0.27769999999999995 0.6516000000000001
-3488.3946611496344 0.0707 0.29839999999999994 0.6309
-3463.3097544839557 0.0707 0.31909999999999994 0.6102000000000001
-3441.8672076426556 0.0707 0.33979999999999994 0.5895000000000001
-3414.0773585983243 0.0707 0.36049999999999993 0.5688000000000001
-3391.688819602598 0.0707 0.38119999999999993 0.5481
-3366.9013977352533 0.0707 0.4018999999999999 0.5274000000000001
-3344.598759393565 0.0707 0.4225999999999999 0.5067000000000002
-3312.4639829706416 0.0707 0.4432999999999999 0.4860000000000001
-3287.9945269524283 0.0707 0.4639999999999999 0.4653000000000001
-3259.8271483002095 0.0707 0.4846999999999999 0.4446000000000001
-3235.139753465584 0.0707 0.5054 0.42390000000000005
-3209.1172751142485 0.0707 0.5260999999999999 0.4032000000000001
-3182.9868463627354 0.0707 0.5468 0.38250000000000006
-3159.6746198260307 0.0707 0.5674999999999999 0.3618000000000001
-3129.8981116390196 0.0707 0.5882 0.34110000000000007
-3100.678967529017 0.0707 0.6089 0.3204
-3076.04345657702 0.0707 0.6295999999999999 0.2997000000000001
-3049.4249038907747 0.0707 0.6502999999999999 0.27900000000000014
-3020.2694093582013 0.0707 0.6709999999999999 0.2583000000000001
-2991.4680656752234 0.0707 0.6917 0.23760000000000003
-2967.6639415701975 0.0707 0.7123999999999999 0.2169000000000001
-2939.4139089305604 0.0707 0.7330999999999999 0.19620000000000015
-2913.481207725151 0.0707 0.7537999999999999 0.1755000000000001
-2881.791115524548 0.0707 0.7745 0.15480000000000005
-2835.431750706744 0.0707 0.7951999999999999 0.1341000000000001
-2826.7138815898093 0.0707 0.8158999999999998 0.11340000000000017
-2798.2138803093453 0.0707 0.8365999999999999 0.09270000000000012
-2770.306901830296 0.0707 0.8573 0.07200000000000006
-2742.4557283524477 0.0707 0.8779999999999999 0.05130000000000012
-2712.5131913288747 0.0707 0.8986999999999998 0.030600000000000183
-3420.0888689532344 0.0914 0.05 0.8585999999999999
-3382.871221401779 0.0914 0.0707 0.8379
-3517.1412961831084 0.0914 0.0914 0.8171999999999999
-3564.9578513671595 0.0914 0.11209999999999999 0.7965
-3612.8381934307395 0.0914 0.13279999999999997 0.7758
-3618.6810752453757 0.0914 0.15349999999999997 0.7551
-3620.1189557216885 0.0914 0.17419999999999997 0.7343999999999999
-3620.7642897955357 0.0914 0.19489999999999996 0.7137
-3625.966480508282 0.0914 0.21559999999999996 0.6930000000000001
-3622.1572231772097 0.0914 0.23629999999999995 0.6723
-3612.3514117469517 0.0914 0.25699999999999995 0.6516
-3594.2878017944463 0.0914 0.27769999999999995 0.6309
-3569.8858252621562 0.0914 0.29839999999999994 0.6102000000000001
-3541.6490479555155 0.0914 0.31909999999999994 0.5895
-3515.472630980831 0.0914 0.33979999999999994 0.5688
-3492.668104813261 0.0914 0.36049999999999993 0.5481
-3465.378625910195 0.0914 0.38119999999999993 0.5274000000000001
-3439.6147934654923 0.0914 0.4018999999999999 0.5067
-3412.2753385228116 0.0914 0.4225999999999999 0.48600000000000004
-3390.619398998101 0.0914 0.4432999999999999 0.46530000000000005
-3358.6825206975295 0.0914 0.4639999999999999 0.44460000000000005
-3339.668089387352 0.0914 0.4846999999999999 0.42390000000000005
-3313.9415449264857 0.0914 0.5054 0.4032
-3288.5478635386335 0.0914 0.5260999999999999 0.38250000000000006
-3259.6287828606387 0.0914 0.5468 0.3618
-3232.2855749580553 0.0914 0.5674999999999999 0.34110000000000007
-3204.6037920833905 0.0914 0.5882 0.3204
-3177.6160346630945 0.0914 0.6089 0.29969999999999997
-3152.7530005110007 0.0914 0.6295999999999999 0.279
-3123.4711112160467 0.0914 0.6502999999999999 0.2583000000000001
-3099.995419610559 0.0914 0.6709999999999999 0.23760000000000003
-3069.48321907812 0.0914 0.6917 0.21689999999999998
-3043.004325177302 0.0914 0.7123999999999999 0.19620000000000004
-3013.122630358157 0.0914 0.7330999999999999 0.1755000000000001
-2985.334986094562 0.0914 0.7537999999999999 0.15480000000000005
-2958.0807166109216 0.0914 0.7745 0.1341
-2932.283705308989 0.0914 0.7951999999999999 0.11340000000000006
-2901.4080419783754 0.0914 0.8158999999999998 0.09270000000000012
-2877.42982697275 0.0914 0.8365999999999999 0.07200000000000006
-2847.5251877271508 0.0914 0.8573 0.05130000000000001
-2815.729917090363 0.0914 0.8779999999999999 0.03060000000000007
