-4955.86772776424 0.4225999999999999 0.05 0.5274000000000001
-4967.677247478418 0.4225999999999999 0.0707 0.5067000000000002
-4966.004491400311 0.4225999999999999 0.0914 0.48600000000000015
-4965.049745105301 0.4225999999999999 0.11209999999999999 0.46530000000000016
-4955.5677083003 0.4225999999999999 0.13279999999999997 0.44460000000000016
-4949.911313686499 0.4225999999999999 0.15349999999999997 0.42390000000000017
-4938.908308623193 0.4225999999999999 0.17419999999999997 0.40320000000000017
-4911.797914978274 0.4225999999999999 0.19489999999999996 0.3825000000000002
-4884.989068162459 0.4225999999999999 0.21559999999999996 0.3618000000000002
-4857.285461313559 0.4225999999999999 0.23629999999999995 0.3411000000000002
-4835.404628608754 0.4225999999999999 0.25699999999999995 0.3204000000000002
-4818.475602598605 0.4225999999999999 0.27769999999999995 0.2997000000000002
-4781.037663678705 0.4225999999999999 0.29839999999999994 0.2790000000000002
-4757.473493334983 0.4225999999999999 0.31909999999999994 0.2583000000000002
-4735.315562315553 0.4225999999999999 0.33979999999999994 0.2376000000000002
-4707.363062062444 0.4225999999999999 0.36049999999999993 0.2169000000000002
-4681.676524802098 0.4225999999999999 0.38119999999999993 0.1962000000000002
-4651.5661416331795 0.4225999999999999 0.4018999999999999 0.1755000000000002
-4618.7545923986745 0.4225999999999999 0.4225999999999999 0.15480000000000022
-4594.163754865322 0.4225999999999999 0.4432999999999999 0.13410000000000022
-4579.336596667097 0.4225999999999999 0.4639999999999999 0.11340000000000022
-4544.525968394343 0.4225999999999999 0.4846999999999999 0.09270000000000023
-4522.196907215053 0.4225999999999999 0.5054 0.07200000000000017
-4492.8940631743635 0.4225999999999999 0.5260999999999999 0.051300000000000234
-4459.450956126455 0.4225999999999999 0.5468 0.030600000000000183
-5041.325777466113 0.4432999999999999 0.05 0.5067
-5049.215808131765 0.4432999999999999 0.0707 0.4860000000000001
-5046.989298786195 0.4432999999999999 0.0914 0.4653000000000001
-5048.3154526270155 0.4432999999999999 0.11209999999999999 0.4446000000000001
-5031.743666418729 0.4432999999999999 0.13279999999999997 0.4239000000000001
-5036.275452979378 0.4432999999999999 0.15349999999999997 0.4032000000000001
-5017.666823206116 0.4432999999999999 0.17419999999999997 0.3825000000000001
-4979.199393460317 0.4432999999999999 0.19489999999999996 0.3618000000000001
-4956.584672917399 0.4432999999999999 0.21559999999999996 0.3411000000000001
-4929.6236745899705 0.4432999999999999 0.23629999999999995 0.32040000000000013
-4914.063376500912 0.4432999999999999 0.25699999999999995 0.29970000000000013
-4883.256919505709 0.4432999999999999 0.27769999999999995 0.27900000000000014
-4862.477627548945 0.4432999999999999 0.29839999999999994 0.25830000000000014
-4833.511743089532 0.4432999999999999 0.31909999999999994 0.23760000000000014
-4804.876834757875 0.4432999999999999 0.33979999999999994 0.21690000000000015
-4781.673692674842 0.4432999999999999 0.36049999999999993 0.19620000000000015
-4757.710375350801 0.4432999999999999 0.38119999999999993 0.17550000000000016
-4725.037636020928 0.4432999999999999 0.4018999999999999 0.15480000000000016
-4702.306956884974 0.4432999999999999 0.4225999999999999 0.13410000000000016
-4670.34354770508 0.4432999999999999 0.4432999999999999 0.11340000000000017
-4648.097728828255 0.4432999999999999 0.4639999999999999 0.09270000000000017
-4618.853794868899 0.4432999999999999 0.4846999999999999 0.07200000000000017
-4592.142504812813 0.4432999999999999 0.5054 0.05130000000000012
-4568.374223592745 0.4432999999999999 0.5260999999999999 0.030600000000000183
-5141.576510070725 0.4639999999999999 0.05 0.48600000000000004
-5139.155599349799 0.4639999999999999 0.0707 0.46530000000000005
-5130.167705443984 0.4639999999999999 0.0914 0.44460000000000005
-5130.653992495081 0.4639999999999999 0.11209999999999999 0.42390000000000005
-5136.295769504246 0.4639999999999999 0.13279999999999997 0.40320000000000006
-5115.547811897115 0.4639999999999999 0.15349999999999997 0.38250000000000006
-5089.056390454288 0.4639999999999999 0.17419999999999997 0.36180000000000007
-5066.63990711183 0.4639999999999999 0.19489999999999996 0.34110000000000007
-5033.414367197205 0.4639999999999999 0.21559999999999996 0.3204000000000001
-5018.445268051789 0.4639999999999999 0.23629999999999995 0.2997000000000001
-4997.27398702978 0.4639999999999999 0.25699999999999995 0.2790000000000001
-4969.395179997851 0.4639999999999999 0.27769999999999995 0.2583000000000001
-4948.025194367668 0.4639999999999999 0.29839999999999994 0.2376000000000001
-4913.629887793318 0.4639999999999999 0.31909999999999994 0.2169000000000001
-4885.78205704755 0.4639999999999999 0.33979999999999994 0.1962000000000001
-4860.070061394001 0.4639999999999999 0.36049999999999993 0.1755000000000001
-4833.944731031724 0.4639999999999999 0.38119999999999993 0.1548000000000001
-4810.328589200105 0.4639999999999999 0.4018999999999999 0.1341000000000001
-4775.0995281721425 0.4639999999999999 0.4225999999999999 0.11340000000000011
-4757.258113284469 0.4639999999999999 0.4432999999999999 0.09270000000000012
-4728.39591985053 0.4639999999999999 0.4639999999999999 0.07200000000000012
-4700.598073130463 0.4639999999999999 0.4846999999999999 0.05130000000000012
-4668.277301647662 0.4639999999999999 0.5054 0.03060000000000007
