-3647.460453149972 0.11209999999999999 0.05 0.8379
-3633.4592937025077 0.11209999999999999 0.0707 0.8172
-3618.315682054011 0.11209999999999999 0.0914 0.7965
-3605.2414292074855 0.11209999999999999 0.11209999999999999 0.7758
-3589.924925128684 0.11209999999999999 0.13279999999999997 0.7551000000000001
-3574.391103572595 0.11209999999999999 0.15349999999999997 0.7344
-3559.679498600079 0.11209999999999999 0.17419999999999997 0.7137
-3544.058527125316 0.11209999999999999 0.19489999999999996 0.6930000000000001
-3529.659555957991 0.11209999999999999 0.21559999999999996 0.6723000000000001
-3513.0048693477 0.11209999999999999 0.23629999999999995 0.6516000000000001
-3497.4767728766183 0.11209999999999999 0.25699999999999995 0.6309
-3480.9395803198213 0.11209999999999999 0.27769999999999995 0.6102000000000001
-3464.966792190305 0.11209999999999999 0.29839999999999994 0.5895000000000001
-3448.5746083760196 0.11209999999999999 0.31909999999999994 0.5688000000000001
-3432.6684504342306 0.11209999999999999 0.33979999999999994 0.5481
-3415.9358928027455 0.11209999999999999 0.36049999999999993 0.5274000000000001
-3399.8241976560744 0.11209999999999999 0.38119999999999993 0.5067000000000002
-3382.5863624173153 0.11209999999999999 0.4018999999999999 0.4860000000000001
-3365.522107224878 0.11209999999999999 0.4225999999999999 0.4653000000000001
-3347.872204967725 0.11209999999999999 0.4432999999999999 0.4446000000000001
-3329.5866594975046 0.11209999999999999 0.4639999999999999 0.4239000000000001
-3311.62036453122 0.11209999999999999 0.4846999999999999 0.4032000000000001
-3292.8762983044753 0.11209999999999999 0.5054 0.38250000000000006
-3274.606254905331 0.11209999999999999 0.5260999999999999 0.3618000000000001
-3255.4113799439606 0.11209999999999999 0.5468 0.34110000000000007
-3237.608556722519 0.11209999999999999 0.5674999999999999 0.32040000000000013
-3218.2893591557017 0.11209999999999999 0.5882 0.2997000000000001
-3199.839134191411 0.11209999999999999 0.6089 0.279
-3181.0755613261895 0.11209999999999999 0.6295999999999999 0.2583000000000001
-3161.674638806256 0.11209999999999999 0.6502999999999999 0.23760000000000014
-3141.2009825761934 0.11209999999999999 0.6709999999999999 0.2169000000000001
-3120.881063681601 0.11209999999999999 0.6917 0.19620000000000004
-3099.9922211353733 0.11209999999999999 0.7123999999999999 0.1755000000000001
-3078.873425623205 0.11209999999999999 0.7330999999999999 0.15480000000000016
-3057.814461213069 0.11209999999999999 0.7537999999999999 0.1341000000000001
-3036.124399520006 0.11209999999999999 0.7745 0.11340000000000006
-3014.4012726205187 0.11209999999999999 0.7951999999999999 0.09270000000000012
-2993.0889098202347 0.11209999999999999 0.8158999999999998 0.07200000000000017
-2971.953129805739 0.11209999999999999 0.8365999999999999 0.05130000000000012
-2950.082778100894 0.11209999999999999 0.8573 0.03060000000000007
-3735.9171131150492 0.13279999999999997 0.05 0.8171999999999999
-3721.9257528506355 0.13279999999999997 0.0707 0.7965
-3707.6817288161437 0.13279999999999997 0.0914 0.7757999999999999
-3692.8927819176592 0.13279999999999997 0.11209999999999999 0.7551
-3678.0164479162004 0.13279999999999997 0.13279999999999997 0.7343999999999999
-3662.2967093591315 0.13279999999999997 0.15349999999999997 0.7137
-3647.284699086917 0.13279999999999997 0.17419999999999997 0.6930000000000001
-3632.845789133063 0.13279999999999997 0.19489999999999996 0.6723
-3616.8754570258366 0.13279999999999997 0.21559999999999996 0.6516
-3600.5775292774747 0.13279999999999997 0.23629999999999995 0.6309
-3584.60756066093 0.13279999999999997 0.25699999999999995 0.6102000000000001
-3568.2537178570806 0.13279999999999997 0.27769999999999995 0.5895
-3552.0965353769893 0.13279999999999997 0.29839999999999994 0.5688
-3536.1158218189626 0.13279999999999997 0.31909999999999994 0.5481
-3519.6466619642497 0.13279999999999997 0.33979999999999994 0.5274000000000001
-3503.701698913938 0.13279999999999997 0.36049999999999993 0.5067
-3486.787574035944 0.13279999999999997 0.38119999999999993 0.48600000000000004
-3470.185337264746 0.13279999999999997 0.4018999999999999 0.46530000000000005
-3452.458589156514 0.13279999999999997 0.4225999999999999 0.44460000000000005
-3434.3722242597946 0.13279999999999997 0.4432999999999999 0.42390000000000005
-3417.210235880861 0.13279999999999997 0.4639999999999999 0.40320000000000006
-3398.3018136416663 0.13279999999999997 0.4846999999999999 0.38250000000000006
-3380.4382927586385 0.13279999999999997 0.5054 0.3618
-3361.290066960021 0.13279999999999997 0.5260999999999999 0.34110000000000007
-3343.2586598933904 0.13279999999999997 0.5468 0.3204
-3323.6648381248287 0.13279999999999997 0.5674999999999999 0.2997000000000001
-3304.4505835840073 0.13279999999999997 0.5882 0.279
-3286.06191105876 0.13279999999999997 0.6089 0.2583
-3266.076590276374 0.13279999999999997 0.6295999999999999 0.23760000000000003
-3247.5313422496542 0.13279999999999997 0.6502999999999999 0.2169000000000001
-3225.9143221238046 0.13279999999999997 0.6709999999999999 0.19620000000000004
-3206.1819871141674 0.13279999999999997 0.6917 0.1755
-3184.7545626356614 0.13279999999999997 0.7123999999999999 0.15480000000000005
-3162.9498675282425 0.13279999999999997 0.7330999999999999 0.1341000000000001
-3142.0789405073306 0.13279999999999997 0.7537999999999999 0.11340000000000006
-3120.3839562471294 0.13279999999999997 0.7745 0.0927
-3098.922296751739 0.13279999999999997 0.7951999999999999 0.07200000000000006
-3077.7444026224584 0.13279999999999997 0.8158999999999998 0.05130000000000012
-3056.1796257363662 0.13279999999999997 0.8365999999999999 0.03060000000000007
-3820.3623733553673 0.15349999999999997 0.05 0.7965
-3806.747609839118 0.15349999999999997 0.0707 0.7758
-3793.6675376907447 0.15349999999999997 0.0914 0.7551
-3777.0096529252774 0.15349999999999997 0.11209999999999999 0.7344
-3763.506497111605 0.15349999999999997 0.13279999999999997 0.7137
-3747.611327357427 0.15349999999999997 0.15349999999999997 0.6930000000000001
-3733.141461760757 0.15349999999999997 0.17419999999999997 0.6723000000000001
-3717.5083124914067 0.15349999999999997 0.19489999999999996 0.6516000000000001
-3702.7836772727424 0.15349999999999997 0.21559999999999996 0.6309
-3685.694101294771 0.15349999999999997 0.23629999999999995 0.6102000000000001
-3670.352362961709 0.15349999999999997 0.25699999999999995 0.5895000000000001
-3654.8981275367682 0.15349999999999997 0.27769999999999995 0.5688000000000001
-3637.5361762795205 0.15349999999999997 0.29839999999999994 0.5481
-3621.4270311765886 0.15349999999999997 0.31909999999999994 0.5274000000000001
-3604.9100969949836 0.15349999999999997 0.33979999999999994 0.5067000000000002
-3588.4505470258086 0.15349999999999997 0.36049999999999993 0.4860000000000001
-3572.099191311799 0.15349999999999997 0.38119999999999993 0.4653000000000001
-3554.593238693964 0.15349999999999997 0.4018999999999999 0.4446000000000001
-3538.129876277087 0.15349999999999997 0.4225999999999999 0.4239000000000001
-3519.2800942274716 0.15349999999999997 0.4432999999999999 0.4032000000000001
-3500.709691703454 0.15349999999999997 0.4639999999999999 0.3825000000000001
-3482.655937949846 0.15349999999999997 0.4846999999999999 0.3618000000000001
-3463.769350929863 0.15349999999999997 0.5054 0.34110000000000007
-3445.472411217558 0.15349999999999997 0.5260999999999999 0.32040000000000013
-3425.9380727897446 0.15349999999999997 0.5468 0.2997000000000001
-3407.8552756406216 0.15349999999999997 0.5674999999999999 0.27900000000000014
-3389.5895652540885 0.15349999999999997 0.5882 0.2583000000000001
-3369.12340458962 0.15349999999999997 0.6089 0.23760000000000003
-3349.0741497363965 0.15349999999999997 0.6295999999999999 0.2169000000000001
-3329.120970213618 0.15349999999999997 0.6502999999999999 0.19620000000000015
-3308.8527525225313 0.15349999999999997 0.6709999999999999 0.1755000000000001
-3287.5892324758775 0.15349999999999997 0.6917 0.15480000000000005
-3266.6090344704176 0.15349999999999997 0.7123999999999999 0.1341000000000001
-3245.9176764473837 0.15349999999999997 0.7330999999999999 0.11340000000000017
-3223.7061127958978 0.15349999999999997 0.7537999999999999 0.09270000000000012
-3202.3792845888916 0.15349999999999997 0.7745 0.07200000000000006
-3181.4964062048984 0.15349999999999997 0.7951999999999999 0.05130000000000012
-3159.281775793021 0.15349999999999997 0.8158999999999998 0.030600000000000183
