-3907.412142758576 0.17419999999999997 0.05 0.7758
-3892.438455934686 0.17419999999999997 0.0707 0.7551000000000001
-3878.457402171873 0.17419999999999997 0.0914 0.7344
-3863.898956603532 0.17419999999999997 0.11209999999999999 0.7137000000000001
-3849.3554694561717 0.17419999999999997 0.13279999999999997 0.6930000000000001
-3833.469240407528 0.17419999999999997 0.15349999999999997 0.6723000000000001
-3819.651966339294 0.17419999999999997 0.17419999999999997 0.6516000000000002
-3803.493522381935 0.17419999999999997 0.19489999999999996 0.6309000000000001
-3788.2724796707366 0.17419999999999997 0.21559999999999996 0.6102000000000001
-3771.69549498498 0.17419999999999997 0.23629999999999995 0.5895000000000001
-3755.8837030132077 0.17419999999999997 0.25699999999999995 0.5688000000000002
-3739.921117047393 0.17419999999999997 0.27769999999999995 0.5481000000000001
-3723.377190894232 0.17419999999999997 0.29839999999999994 0.5274000000000001
-3706.9180850304942 0.17419999999999997 0.31909999999999994 0.5067000000000002
-3690.516456820259 0.17419999999999997 0.33979999999999994 0.48600000000000015
-3673.826705843006 0.17419999999999997 0.36049999999999993 0.46530000000000016
-3657.2957523257996 0.17419999999999997 0.38119999999999993 0.44460000000000016
-3638.4958068108367 0.17419999999999997 0.4018999999999999 0.42390000000000017
-3621.577949924079 0.17419999999999997 0.4225999999999999 0.40320000000000017
-3603.2374450481707 0.17419999999999997 0.4432999999999999 0.3825000000000002
-3585.0909666139974 0.17419999999999997 0.4639999999999999 0.3618000000000002
-3566.4830584157603 0.17419999999999997 0.4846999999999999 0.3411000000000002
-3548.172013388348 0.17419999999999997 0.5054 0.32040000000000013
-3528.9768730081014 0.17419999999999997 0.5260999999999999 0.2997000000000002
-3510.9833185172133 0.17419999999999997 0.5468 0.27900000000000014
-3491.5756019489263 0.17419999999999997 0.5674999999999999 0.2583000000000002
-3472.215693907116 0.17419999999999997 0.5882 0.23760000000000014
-3453.912499713551 0.17419999999999997 0.6089 0.2169000000000001
-3432.8570561571037 0.17419999999999997 0.6295999999999999 0.19620000000000015
-3412.0024857486064 0.17419999999999997 0.6502999999999999 0.1755000000000002
-3391.812309886892 0.17419999999999997 0.6709999999999999 0.15480000000000016
-3369.677644128732 0.17419999999999997 0.6917 0.1341000000000001
-3349.1462232499875 0.17419999999999997 0.7123999999999999 0.11340000000000017
-3327.5578509918687 0.17419999999999997 0.7330999999999999 0.09270000000000023
-3305.4239617561257 0.17419999999999997 0.7537999999999999 0.07200000000000017
-3284.9561067737095 0.17419999999999997 0.7745 0.05130000000000012
-3263.0429655737826 0.17419999999999997 0.7951999999999999 0.030600000000000183
-3996.5741875608323 0.19489999999999996 0.05 0.7551
-3981.4044027068385 0.19489999999999996 0.0707 0.7344
-3966.437278812759 0.19489999999999996 0.0914 0.7137
-3952.4595996185235 0.19489999999999996 0.11209999999999999 0.6930000000000001
-3937.2023662416036 0.19489999999999996 0.13279999999999997 0.6723000000000001
-3922.50418280534 0.19489999999999996 0.15349999999999997 0.6516000000000001
-3906.466241514107 0.19489999999999996 0.17419999999999997 0.6309
-3891.3719009974166 0.19489999999999996 0.19489999999999996 0.6102000000000001
-3876.2514674034337 0.19489999999999996 0.21559999999999996 0.5895000000000001
-3859.26091607294 0.19489999999999996 0.23629999999999995 0.5688000000000001
-3843.0011157329664 0.19489999999999996 0.25699999999999995 0.5481
-3827.302559413759 0.19489999999999996 0.27769999999999995 0.5274000000000001
-3810.5441124703343 0.19489999999999996 0.29839999999999994 0.5067000000000002
-3794.5164853016913 0.19489999999999996 0.31909999999999994 0.4860000000000001
-3778.089231147565 0.19489999999999996 0.33979999999999994 0.4653000000000001
-3761.110922991944 0.19489999999999996 0.36049999999999993 0.4446000000000001
-3743.9799776385735 0.19489999999999996 0.38119999999999993 0.4239000000000001
-3726.7121293756272 0.19489999999999996 0.4018999999999999 0.4032000000000001
-3707.4948559967756 0.19489999999999996 0.4225999999999999 0.3825000000000001
-3690.572627018214 0.19489999999999996 0.4432999999999999 0.3618000000000001
-3671.6165907234513 0.19489999999999996 0.4639999999999999 0.3411000000000001
-3653.485852072451 0.19489999999999996 0.4846999999999999 0.32040000000000013
-3634.3251126945866 0.19489999999999996 0.5054 0.2997000000000001
-3615.826578225489 0.19489999999999996 0.5260999999999999 0.27900000000000014
-3597.6541481412773 0.19489999999999996 0.5468 0.2583000000000001
-3578.949486966405 0.19489999999999996 0.5674999999999999 0.23760000000000014
-3558.855887784409 0.19489999999999996 0.5882 0.2169000000000001
-3539.418435578782 0.19489999999999996 0.6089 0.19620000000000004
-3518.818609148083 0.19489999999999996 0.6295999999999999 0.1755000000000001
-3498.43983288733 0.19489999999999996 0.6502999999999999 0.15480000000000016
-3476.8611771998712 0.19489999999999996 0.6709999999999999 0.1341000000000001
-3455.7176468396888 0.19489999999999996 0.6917 0.11340000000000006
-3433.540661534256 0.19489999999999996 0.7123999999999999 0.09270000000000012
-3412.8582814293236 0.19489999999999996 0.7330999999999999 0.07200000000000017
-3391.165077630297 0.19489999999999996 0.7537999999999999 0.05130000000000012
-3369.06452405578 0.19489999999999996 0.7745 0.03060000000000007
-4082.198499549599 0.21559999999999996 0.05 0.7343999999999999
-4067.6222253823084 0.21559999999999996 0.0707 0.7137
-4052.780845549364 0.21559999999999996 0.0914 0.693
-4037.6797325233583 0.21559999999999996 0.11209999999999999 0.6723
-4022.9747964352905 0.21559999999999996 0.13279999999999997 0.6516
-4007.6146034410353 0.21559999999999996 0.15349999999999997 0.6309
-3993.255084560765 0.21559999999999996 0.17419999999999997 0.6102000000000001
-3977.853296093431 0.21559999999999996 0.19489999999999996 0.5895
-3961.5895800651347 0.21559999999999996 0.21559999999999996 0.5688
-3944.784974045363 0.21559999999999996 0.23629999999999995 0.5481
-3928.919843298483 0.21559999999999996 0.25699999999999995 0.5274000000000001
-3913.1320888469677 0.21559999999999996 0.27769999999999995 0.5067
-3896.395774598921 0.21559999999999996 0.29839999999999994 0.48600000000000004
-3880.546281603055 0.21559999999999996 0.31909999999999994 0.46530000000000005
-3863.154090841395 0.21559999999999996 0.33979999999999994 0.44460000000000005
-3846.6022497885565 0.21559999999999996 0.36049999999999993 0.42390000000000005
-3830.188452456211 0.21559999999999996 0.38119999999999993 0.40320000000000006
-3810.844461323716 0.21559999999999996 0.4018999999999999 0.38250000000000006
-3793.816263724382 0.21559999999999996 0.4225999999999999 0.36180000000000007
-3775.2574967279193 0.21559999999999996 0.4432999999999999 0.34110000000000007
-3755.867330562165 0.21559999999999996 0.4639999999999999 0.3204000000000001
-3737.1519873812867 0.21559999999999996 0.4846999999999999 0.2997000000000001
-3718.658164645616 0.21559999999999996 0.5054 0.279
-3700.68988368733 0.21559999999999996 0.5260999999999999 0.2583000000000001
-3681.3599267973395 0.21559999999999996 0.5468 0.23760000000000003
-3662.6253294150683 0.21559999999999996 0.5674999999999999 0.2169000000000001
-3642.837055113023 0.21559999999999996 0.5882 0.19620000000000004
-3622.440098236513 0.21559999999999996 0.6089 0.1755
-3601.779868365546 0.21559999999999996 0.6295999999999999 0.15480000000000005
-3580.148227630608 0.21559999999999996 0.6502999999999999 0.1341000000000001
-3558.892261557447 0.21559999999999996 0.6709999999999999 0.11340000000000006
-3537.9534468361185 0.21559999999999996 0.6917 0.0927
-3516.4908761698834 0.21559999999999996 0.7123999999999999 0.07200000000000006
-3494.781540913793 0.21559999999999996 0.7330999999999999 0.05130000000000012
-3473.1641754731622 0.21559999999999996 0.7537999999999999 0.03060000000000007
