-4951.133597372521 0.4225999999999999 0.05 0.5274000000000001
-4937.10312445882 0.4225999999999999 0.0707 0.5067000000000002
-4922.25038434384 0.4225999999999999 0.0914 0.48600000000000015
-4908.08406890968 0.4225999999999999 0.11209999999999999 0.46530000000000016
-4892.646205566947 0.4225999999999999 0.13279999999999997 0.44460000000000016
-4877.436595789108 0.4225999999999999 0.15349999999999997 0.42390000000000017
-4863.183407560382 0.4225999999999999 0.17419999999999997 0.40320000000000017
-4845.0020896391325 0.4225999999999999 0.19489999999999996 0.3825000000000002
-4828.479701510453 0.4225999999999999 0.21559999999999996 0.3618000000000002
-4812.1910271776505 0.4225999999999999 0.23629999999999995 0.3411000000000002
-4795.469410263272 0.4225999999999999 0.25699999999999995 0.3204000000000002
-4780.889660132812 0.4225999999999999 0.27769999999999995 0.2997000000000002
-4761.032522792451 0.4225999999999999 0.29839999999999994 0.2790000000000002
-4742.524034934082 0.4225999999999999 0.31909999999999994 0.2583000000000002
-4724.165905658684 0.4225999999999999 0.33979999999999994 0.2376000000000002
-4705.49533346138 0.4225999999999999 0.36049999999999993 0.2169000000000002
-4689.267292375218 0.4225999999999999 0.38119999999999993 0.1962000000000002
-4667.999814887804 0.4225999999999999 0.4018999999999999 0.1755000000000002
-4648.842953864133 0.4225999999999999 0.4225999999999999 0.15480000000000022
-4628.804715190588 0.4225999999999999 0.4432999999999999 0.13410000000000022
-4608.55116576507 0.4225999999999999 0.4639999999999999 0.11340000000000022
-4586.978615543514 0.4225999999999999 0.4846999999999999 0.09270000000000023
-4565.928422447685 0.4225999999999999 0.5054 0.07200000000000017
-4544.61093436561 0.4225999999999999 0.5260999999999999 0.051300000000000234
-4522.668330689505 0.4225999999999999 0.5468 0.030600000000000183
-5039.4877417648195 0.4432999999999999 0.05 0.5067
-5025.604627405818 0.4432999999999999 0.0707 0.4860000000000001
-5010.902709458446 0.4432999999999999 0.0914 0.4653000000000001
-4996.108777258159 0.4432999999999999 0.11209999999999999 0.4446000000000001
-4978.5860709370045 0.4432999999999999 0.13279999999999997 0.4239000000000001
-4965.085829787969 0.4432999999999999 0.15349999999999997 0.4032000000000001
-4949.628400267295 0.4432999999999999 0.17419999999999997 0.3825000000000001
-4930.7774737903665 0.4432999999999999 0.19489999999999996 0.3618000000000001
-4917.153100580443 0.4432999999999999 0.21559999999999996 0.3411000000000001
-4898.313359814742 0.4432999999999999 0.23629999999999995 0.32040000000000013
-4883.235713905724 0.4432999999999999 0.25699999999999995 0.29970000000000013
-4866.009179351721 0.4432999999999999 0.27769999999999995 0.27900000000000014
-4845.165749250692 0.4432999999999999 0.29839999999999994 0.25830000000000014
-4829.73992229887 0.4432999999999999 0.31909999999999994 0.23760000000000014
-4808.842845508932 0.4432999999999999 0.33979999999999994 0.21690000000000015
-4792.63989369914 0.4432999999999999 0.36049999999999993 0.19620000000000015
-4774.037947324744 0.4432999999999999 0.38119999999999993 0.17550000000000016
-4752.812801448859 0.4432999999999999 0.4018999999999999 0.15480000000000016
-4736.24757805897 0.4432999999999999 0.4225999999999999 0.13410000000000016
-4712.099199991151 0.4432999999999999 0.4432999999999999 0.11340000000000017
-4693.993378347632 0.4432999999999999 0.4639999999999999 0.09270000000000017
-4672.3388494624 0.4432999999999999 0.4846999999999999 0.07200000000000017
-4650.933435917303 0.4432999999999999 0.5054 0.05130000000000012
-4629.109199223791 0.4432999999999999 0.5260999999999999 0.030600000000000183
-5125.905131788471 0.4639999999999999 0.05 0.48600000000000004
-5111.853237529694 0.4639999999999999 0.0707 0.46530000000000005
-5097.286708400335 0.4639999999999999 0.0914 0.44460000000000005
-5082.555179498284 0.4639999999999999 0.11209999999999999 0.42390000000000005
-5067.009698546965 0.4639999999999999 0.13279999999999997 0.40320000000000006
-5051.559835721549 0.4639999999999999 0.15349999999999997 0.38250000000000006
-5035.249610106998 0.4639999999999999 0.17419999999999997 0.36180000000000007
-5018.697188971523 0.4639999999999999 0.19489999999999996 0.34110000000000007
-5002.340706362062 0.4639999999999999 0.21559999999999996 0.3204000000000001
-4985.821759595151 0.4639999999999999 0.23629999999999995 0.2997000000000001
-4969.557579475793 0.4639999999999999 0.25699999999999995 0.2790000000000001
-4951.388985918878 0.4639999999999999 0.27769999999999995 0.2583000000000001
-4932.879479773019 0.4639999999999999 0.29839999999999994 0.2376000000000001
-4914.744268732986 0.4639999999999999 0.31909999999999994 0.2169000000000001
-4895.577471796427 0.4639999999999999 0.33979999999999994 0.1962000000000001
-4877.169827572748 0.4639999999999999 0.36049999999999993 0.1755000000000001
-4858.267957489838 0.4639999999999999 0.38119999999999993 0.1548000000000001
-4838.44728741763 0.4639999999999999 0.4018999999999999 0.1341000000000001
-4818.576986662947 0.4639999999999999 0.4225999999999999 0.11340000000000011
-4797.257282292209 0.4639999999999999 0.4432999999999999 0.09270000000000012
-4776.009548416698 0.4639999999999999 0.4639999999999999 0.07200000000000012
-4754.651580661576 0.4639999999999999 0.4846999999999999 0.05130000000000012
-4732.789301112579 0.4639999999999999 0.5054 0.03060000000000007
