-4169.659742715308 0.23629999999999995 0.05 0.7137
-4155.020158089653 0.23629999999999995 0.0707 0.6930000000000001
-4140.904574524503 0.23629999999999995 0.0914 0.6723
-4125.916243586762 0.23629999999999995 0.11209999999999999 0.6516000000000001
-4110.799978497349 0.23629999999999995 0.13279999999999997 0.6309
-4095.7126318935657 0.23629999999999995 0.15349999999999997 0.6102000000000001
-4080.8543060168868 0.23629999999999995 0.17419999999999997 0.5895000000000001
-4064.924325549131 0.23629999999999995 0.19489999999999996 0.5688000000000001
-4049.7562264882754 0.23629999999999995 0.21559999999999996 0.5481
-4032.9588620340637 0.23629999999999995 0.23629999999999995 0.5274000000000001
-4017.0675895444897 0.23629999999999995 0.25699999999999995 0.5067000000000002
-4000.7216220430896 0.23629999999999995 0.27769999999999995 0.4860000000000001
-3984.003342110862 0.23629999999999995 0.29839999999999994 0.4653000000000001
-3968.7724830599745 0.23629999999999995 0.31909999999999994 0.4446000000000001
-3950.7457125353317 0.23629999999999995 0.33979999999999994 0.4239000000000001
-3934.4139452528834 0.23629999999999995 0.36049999999999993 0.4032000000000001
-3916.223997687034 0.23629999999999995 0.38119999999999993 0.3825000000000001
-3899.504783641015 0.23629999999999995 0.4018999999999999 0.3618000000000001
-3880.146635416985 0.23629999999999995 0.4225999999999999 0.3411000000000001
-3861.93028655177 0.23629999999999995 0.4432999999999999 0.32040000000000013
-3843.059390346307 0.23629999999999995 0.4639999999999999 0.29970000000000013
-3824.3158599938206 0.23629999999999995 0.4846999999999999 0.27900000000000014
-3806.322130605437 0.23629999999999995 0.5054 0.2583000000000001
-3787.5148137537817 0.23629999999999995 0.5260999999999999 0.23760000000000014
-3767.6329407752723 0.23629999999999995 0.5468 0.2169000000000001
-3749.0019677117525 0.23629999999999995 0.5674999999999999 0.19620000000000015
-3728.6351965593076 0.23629999999999995 0.5882 0.1755000000000001
-3709.0989547620984 0.23629999999999995 0.6089 0.15480000000000005
-3687.4039515160125 0.23629999999999995 0.6295999999999999 0.1341000000000001
-3665.507172902285 0.23629999999999995 0.6502999999999999 0.11340000000000017
-3643.8234111037386 0.23629999999999995 0.6709999999999999 0.09270000000000012
-3622.6014568433184 0.23629999999999995 0.6917 0.07200000000000006
-3601.037914614869 0.23629999999999995 0.7123999999999999 0.05130000000000012
-3579.0050394644763 0.23629999999999995 0.7330999999999999 0.030600000000000183
-4256.032031604025 0.25699999999999995 0.05 0.6930000000000001
-4241.232636805425 0.25699999999999995 0.0707 0.6723000000000001
-4226.497219193139 0.25699999999999995 0.0914 0.6516000000000001
-4211.44573268731 0.25699999999999995 0.11209999999999999 0.6309000000000001
-4197.0964760972165 0.25699999999999995 0.13279999999999997 0.6102000000000001
-4181.90849966535 0.25699999999999995 0.15349999999999997 0.5895000000000001
-4166.923059168224 0.25699999999999995 0.17419999999999997 0.5688000000000002
-4151.94917953208 0.25699999999999995 0.19489999999999996 0.5481000000000001
-4135.168908783815 0.25699999999999995 0.21559999999999996 0.5274000000000001
-4118.911944878383 0.25699999999999995 0.23629999999999995 0.5067000000000002
-4102.821655276325 0.25699999999999995 0.25699999999999995 0.48600000000000015
-4086.848879827091 0.25699999999999995 0.27769999999999995 0.46530000000000016
-4070.3038812694185 0.25699999999999995 0.29839999999999994 0.44460000000000016
-4054.1153953100943 0.25699999999999995 0.31909999999999994 0.42390000000000017
-4037.6206966478944 0.25699999999999995 0.33979999999999994 0.40320000000000017
-4019.4246874304954 0.25699999999999995 0.36049999999999993 0.3825000000000002
-4003.3968505231605 0.25699999999999995 0.38119999999999993 0.3618000000000002
-3984.062655720183 0.25699999999999995 0.4018999999999999 0.3411000000000002
-3965.304695184249 0.25699999999999995 0.4225999999999999 0.3204000000000002
-3946.2622731688957 0.25699999999999995 0.4432999999999999 0.2997000000000002
-3928.227332048417 0.25699999999999995 0.4639999999999999 0.2790000000000002
-3910.2068861988596 0.25699999999999995 0.4846999999999999 0.2583000000000002
-3891.2871687079105 0.25699999999999995 0.5054 0.23760000000000014
-3872.5300648302136 0.25699999999999995 0.5260999999999999 0.2169000000000002
-3852.774921098454 0.25699999999999995 0.5468 0.19620000000000015
-3833.6588024010994 0.25699999999999995 0.5674999999999999 0.1755000000000002
-3812.286251034376 0.25699999999999995 0.5882 0.15480000000000016
-3791.70642953853 0.25699999999999995 0.6089 0.1341000000000001
-3769.992644714467 0.25699999999999995 0.6295999999999999 0.11340000000000017
-3748.2263652481533 0.25699999999999995 0.6502999999999999 0.09270000000000023
-3727.7082979525712 0.25699999999999995 0.6709999999999999 0.07200000000000017
-3705.170134688564 0.25699999999999995 0.6917 0.05130000000000012
-3683.2191499448754 0.25699999999999995 0.7123999999999999 0.030600000000000183
-4342.1334954760205 0.27769999999999995 0.05 0.6723
-4327.1091525936745 0.27769999999999995 0.0707 0.6516000000000001
-4312.1914010366545 0.27769999999999995 0.0914 0.6309
-4297.716838042668 0.27769999999999995 0.11209999999999999 0.6102000000000001
-4283.08974814811 0.27769999999999995 0.13279999999999997 0.5895000000000001
-4269.004758498266 0.27769999999999995 0.15349999999999997 0.5688000000000001
-4252.647345164613 0.27769999999999995 0.17419999999999997 0.5481
-4237.127963549395 0.27769999999999995 0.19489999999999996 0.5274000000000001
-4220.9525971390385 0.27769999999999995 0.21559999999999996 0.5067000000000002
-4205.127556094766 0.27769999999999995 0.23629999999999995 0.4860000000000001
-4188.528923153208 0.27769999999999995 0.25699999999999995 0.4653000000000001
-4171.97776274427 0.27769999999999995 0.27769999999999995 0.4446000000000001
-4156.287542183947 0.27769999999999995 0.29839999999999994 0.4239000000000001
-4139.606938524843 0.27769999999999995 0.31909999999999994 0.4032000000000001
-4122.352949953874 0.27769999999999995 0.33979999999999994 0.3825000000000001
-4105.588049508269 0.27769999999999995 0.36049999999999993 0.3618000000000001
-4087.582509963294 0.27769999999999995 0.38119999999999993 0.3411000000000001
-4068.2897317382817 0.27769999999999995 0.4018999999999999 0.32040000000000013
-4049.9227730490175 0.27769999999999995 0.4225999999999999 0.29970000000000013
-4031.413995314693 0.27769999999999995 0.4432999999999999 0.27900000000000014
-4013.11151446275 0.27769999999999995 0.4639999999999999 0.25830000000000014
-3994.351093293621 0.27769999999999995 0.4846999999999999 0.23760000000000014
-3975.479171893573 0.27769999999999995 0.5054 0.2169000000000001
-3955.805681330889 0.27769999999999995 0.5260999999999999 0.19620000000000015
-3936.1779468460536 0.27769999999999995 0.5468 0.1755000000000001
-3916.0962767875053 0.27769999999999995 0.5674999999999999 0.15480000000000016
-3895.7399866451833 0.27769999999999995 0.5882 0.1341000000000001
-3874.451584479202 0.27769999999999995 0.6089 0.11340000000000006
-3852.198204111916 0.27769999999999995 0.6295999999999999 0.09270000000000012
-3830.98644023397 0.27769999999999995 0.6502999999999999 0.07200000000000017
-3809.9848011398503 0.27769999999999995 0.6709999999999999 0.05130000000000012
-3786.8926455991173 0.27769999999999995 0.6917 0.03060000000000007
