-4430.1926297077025 0.29839999999999994 0.05 0.6516
-4415.263919989947 0.29839999999999994 0.0707 0.6309
-4401.357378569601 0.29839999999999994 0.0914 0.6102
-4386.013442064173 0.29839999999999994 0.11209999999999999 0.5895
-4371.321601616289 0.29839999999999994 0.13279999999999997 0.5688
-4356.851950352013 0.29839999999999994 0.15349999999999997 0.5481
-4340.665891644585 0.29839999999999994 0.17419999999999997 0.5274000000000001
-4324.538279478168 0.29839999999999994 0.19489999999999996 0.5067
-4309.130810462989 0.29839999999999994 0.21559999999999996 0.48600000000000004
-4292.477606260281 0.29839999999999994 0.23629999999999995 0.46530000000000005
-4277.016423554234 0.29839999999999994 0.25699999999999995 0.44460000000000005
-4260.49446725279 0.29839999999999994 0.27769999999999995 0.42390000000000005
-4243.261163130764 0.29839999999999994 0.29839999999999994 0.40320000000000006
-4227.622430644349 0.29839999999999994 0.31909999999999994 0.38250000000000006
-4209.487840518517 0.29839999999999994 0.33979999999999994 0.36180000000000007
-4193.0900347147535 0.29839999999999994 0.36049999999999993 0.34110000000000007
-4174.471330880005 0.29839999999999994 0.38119999999999993 0.3204000000000001
-4155.880624297726 0.29839999999999994 0.4018999999999999 0.2997000000000001
-4137.2815041361255 0.29839999999999994 0.4225999999999999 0.2790000000000001
-4118.58173451325 0.29839999999999994 0.4432999999999999 0.2583000000000001
-4100.0184938572065 0.29839999999999994 0.4639999999999999 0.2376000000000001
-4081.736034054699 0.29839999999999994 0.4846999999999999 0.2169000000000001
-4062.3535646627593 0.29839999999999994 0.5054 0.19620000000000004
-4043.066684805604 0.29839999999999994 0.5260999999999999 0.1755000000000001
-4023.058325388083 0.29839999999999994 0.5468 0.15480000000000005
-4001.1175783203007 0.29839999999999994 0.5674999999999999 0.1341000000000001
-3980.0812176065697 0.29839999999999994 0.5882 0.11340000000000006
-3959.0476671620872 0.29839999999999994 0.6089 0.0927
-3937.536515851661 0.29839999999999994 0.6295999999999999 0.07200000000000006
-3916.115736992711 0.29839999999999994 0.6502999999999999 0.05130000000000012
-3894.451272314914 0.29839999999999994 0.6709999999999999 0.03060000000000007
-4516.5181345110195 0.31909999999999994 0.05 0.6309
-4501.623594142315 0.31909999999999994 0.0707 0.6102000000000001
-4487.35636744285 0.31909999999999994 0.0914 0.5895
-4472.641685293359 0.31909999999999994 0.11209999999999999 0.5688000000000001
-4458.02856798347 0.31909999999999994 0.13279999999999997 0.5481
-4442.665324762573 0.31909999999999994 0.15349999999999997 0.5274000000000001
-4427.200776644743 0.31909999999999994 0.17419999999999997 0.5067000000000002
-4411.90963018705 0.31909999999999994 0.19489999999999996 0.4860000000000001
-4395.076534451024 0.31909999999999994 0.21559999999999996 0.4653000000000001
-4378.755270151424 0.31909999999999994 0.23629999999999995 0.4446000000000001
-4362.458979854619 0.31909999999999994 0.25699999999999995 0.4239000000000001
-4346.060559145456 0.31909999999999994 0.27769999999999995 0.4032000000000001
-4329.462187187786 0.31909999999999994 0.29839999999999994 0.3825000000000001
-4312.318342652784 0.31909999999999994 0.31909999999999994 0.3618000000000001
-4295.055753594604 0.31909999999999994 0.33979999999999994 0.3411000000000001
-4277.464587644363 0.31909999999999994 0.36049999999999993 0.32040000000000013
-4258.705557357121 0.31909999999999994 0.38119999999999993 0.29970000000000013
-4240.792269687109 0.31909999999999994 0.4018999999999999 0.27900000000000014
-4222.012379046812 0.31909999999999994 0.4225999999999999 0.25830000000000014
-4202.593430929553 0.31909999999999994 0.4432999999999999 0.23760000000000014
-4184.71432957087 0.31909999999999994 0.4639999999999999 0.21690000000000015
-4165.6430506197685 0.31909999999999994 0.4846999999999999 0.19620000000000015
-4146.482395242799 0.31909999999999994 0.5054 0.1755000000000001
-4125.940498046539 0.31909999999999994 0.5260999999999999 0.15480000000000016
-4104.80507888571 0.31909999999999994 0.5468 0.1341000000000001
-4084.115307141894 0.31909999999999994 0.5674999999999999 0.11340000000000017
-4062.5507606171354 0.31909999999999994 0.5882 0.09270000000000012
-4041.468737045099 0.31909999999999994 0.6089 0.07200000000000006
-4020.125618711962 0.31909999999999994 0.6295999999999999 0.05130000000000012
-3998.047760752644 0.31909999999999994 0.6502999999999999 0.030600000000000183
-4604.702931034857 0.33979999999999994 0.05 0.6102000000000001
-4589.520317428499 0.33979999999999994 0.0707 0.5895000000000001
-4575.2259236258715 0.33979999999999994 0.0914 0.5688000000000001
-4560.9871802368425 0.33979999999999994 0.11209999999999999 0.5481000000000001
-4545.221895988694 0.33979999999999994 0.13279999999999997 0.5274000000000001
-4531.197348000763 0.33979999999999994 0.15349999999999997 0.5067000000000002
-4515.344684719804 0.33979999999999994 0.17419999999999997 0.48600000000000015
-4499.110090566618 0.33979999999999994 0.19489999999999996 0.46530000000000016
-4483.238170824516 0.33979999999999994 0.21559999999999996 0.44460000000000016
-4466.467882857552 0.33979999999999994 0.23629999999999995 0.42390000000000017
-4450.61009993317 0.33979999999999994 0.25699999999999995 0.40320000000000017
-4433.887051053265 0.33979999999999994 0.27769999999999995 0.3825000000000002
-4417.199195953883 0.33979999999999994 0.29839999999999994 0.3618000000000002
-4400.376640107929 0.33979999999999994 0.31909999999999994 0.3411000000000002
-4380.568718688157 0.33979999999999994 0.33979999999999994 0.3204000000000002
-4364.084800091892 0.33979999999999994 0.36049999999999993 0.2997000000000002
-4345.7310371071735 0.33979999999999994 0.38119999999999993 0.2790000000000002
-4327.873097782879 0.33979999999999994 0.4018999999999999 0.2583000000000002
-4308.926290051716 0.33979999999999994 0.4225999999999999 0.2376000000000002
-4290.496509185292 0.33979999999999994 0.4432999999999999 0.2169000000000002
-4270.79928641971 0.33979999999999994 0.4639999999999999 0.1962000000000002
-4252.117885421297 0.33979999999999994 0.4846999999999999 0.1755000000000002
-4232.483301074804 0.33979999999999994 0.5054 0.15480000000000016
-4212.046572446836 0.33979999999999994 0.5260999999999999 0.13410000000000022
-4190.876701062073 0.33979999999999994 0.5468 0.11340000000000017
-4169.156971046637 0.33979999999999994 0.5674999999999999 0.09270000000000023
-4147.6503015713915 0.33979999999999994 0.5882 0.07200000000000017
-4126.389071334728 0.33979999999999994 0.6089 0.05130000000000012
-4104.544467851624 0.33979999999999994 0.6295999999999999 0.030600000000000183
