-5736.44403564168 0.6089 0.05 0.3411
-5722.220693727733 0.6089 0.0707 0.3204
-5707.453726859089 0.6089 0.0914 0.2997
-5691.4775631241 0.6089 0.11209999999999999 0.279
-5672.666135038386 0.6089 0.13279999999999997 0.25830000000000003
-5658.504812839044 0.6089 0.15349999999999997 0.23760000000000003
-5642.949750184594 0.6089 0.17419999999999997 0.21690000000000004
-5625.205827617876 0.6089 0.19489999999999996 0.19620000000000004
-5606.852906247972 0.6089 0.21559999999999996 0.17550000000000004
-5585.8188294460215 0.6089 0.23629999999999995 0.15480000000000005
-5569.388422085766 0.6089 0.25699999999999995 0.13410000000000005
-5551.303229689214 0.6089 0.27769999999999995 0.11340000000000006
-5531.034178464534 0.6089 0.29839999999999994 0.09270000000000006
-5510.495141607641 0.6089 0.31909999999999994 0.07200000000000006
-5486.959789909815 0.6089 0.33979999999999994 0.05130000000000007
-5467.550700629743 0.6089 0.36049999999999993 0.03060000000000007
-5823.175450569453 0.6295999999999999 0.05 0.3204000000000001
-5810.886401081138 0.6295999999999999 0.0707 0.2997000000000001
-5792.951836983521 0.6295999999999999 0.0914 0.2790000000000001
-5777.029351318957 0.6295999999999999 0.11209999999999999 0.2583000000000001
-5760.748382721142 0.6295999999999999 0.13279999999999997 0.2376000000000001
-5744.774151690938 0.6295999999999999 0.15349999999999997 0.2169000000000001
-5729.753211001499 0.6295999999999999 0.17419999999999997 0.1962000000000001
-5709.600582161763 0.6295999999999999 0.19489999999999996 0.1755000000000001
-5691.201230432 0.6295999999999999 0.21559999999999996 0.1548000000000001
-5672.52445365774 0.6295999999999999 0.23629999999999995 0.1341000000000001
-5654.039604518383 0.6295999999999999 0.25699999999999995 0.11340000000000011
-5637.146673703167 0.6295999999999999 0.27769999999999995 0.09270000000000012
-5614.771505066422 0.6295999999999999 0.29839999999999994 0.07200000000000012
-5593.33621618952 0.6295999999999999 0.31909999999999994 0.05130000000000012
-5571.5380256874705 0.6295999999999999 0.33979999999999994 0.030600000000000127
-5911.425265484795 0.6502999999999999 0.05 0.29970000000000013
-5896.872720435799 0.6502999999999999 0.0707 0.27900000000000014
-5878.7235449853315 0.6502999999999999 0.0914 0.25830000000000014
-5864.98072109238 0.6502999999999999 0.11209999999999999 0.23760000000000014
-5846.595521878221 0.6502999999999999 0.13279999999999997 0.21690000000000015
-5832.735092097185 0.6502999999999999 0.15349999999999997 0.19620000000000015
-5815.487792725022 0.6502999999999999 0.17419999999999997 0.17550000000000016
-5794.532619417013 0.6502999999999999 0.19489999999999996 0.15480000000000016
-5778.368572096259 0.6502999999999999 0.21559999999999996 0.13410000000000016
-5757.039175926955 0.6502999999999999 0.23629999999999995 0.11340000000000017
-5740.409594147052 0.6502999999999999 0.25699999999999995 0.09270000000000017
-5720.86368126161 0.6502999999999999 0.27769999999999995 0.07200000000000017
-5696.974473005792 0.6502999999999999 0.29839999999999994 0.05130000000000018
-5678.0516166967645 0.6502999999999999 0.31909999999999994 0.030600000000000183
