-6519.031791644688 0.7951999999999999 0.05 0.1548000000000001
-6505.907886674009 0.7951999999999999 0.0707 0.1341000000000001
-6486.056975651523 0.7951999999999999 0.0914 0.1134000000000001
-6470.208952533346 0.7951999999999999 0.11209999999999999 0.0927000000000001
-6449.367838758246 0.7951999999999999 0.13279999999999997 0.07200000000000012
-6429.946774709814 0.7951999999999999 0.15349999999999997 0.05130000000000012
-6412.079553295278 0.7951999999999999 0.17419999999999997 0.030600000000000127
-6607.695016007438 0.8158999999999998 0.05 0.13410000000000016
-6591.587940488734 0.8158999999999998 0.0707 0.11340000000000015
-6573.407766703975 0.8158999999999998 0.0914 0.09270000000000016
-6555.105912378938 0.8158999999999998 0.11209999999999999 0.07200000000000016
-6534.010755858795 0.8158999999999998 0.13279999999999997 0.05130000000000018
-6515.722649639705 0.8158999999999998 0.15349999999999997 0.030600000000000183
-6693.879319242565 0.8365999999999999 0.05 0.1134000000000001
-6679.200167837711 0.8365999999999999 0.0707 0.0927000000000001
-6658.671696697795 0.8365999999999999 0.0914 0.0720000000000001
-6640.08576148028 0.8365999999999999 0.11209999999999999 0.05130000000000011
-6619.812664800162 0.8365999999999999 0.13279999999999997 0.030600000000000127
