-4689.842033331334 0.36049999999999993 0.05 0.5895
-4676.103967327764 0.36049999999999993 0.0707 0.5688000000000001
-4661.365014309738 0.36049999999999993 0.0914 0.5481
-4646.490166248346 0.36049999999999993 0.11209999999999999 0.5274000000000001
-4632.270984958679 0.36049999999999993 0.13279999999999997 0.5067000000000002
-4616.739701771416 0.36049999999999993 0.15349999999999997 0.4860000000000001
-4601.178550545468 0.36049999999999993 0.17419999999999997 0.4653000000000001
-4585.3571089284815 0.36049999999999993 0.19489999999999996 0.4446000000000001
-4569.217068201269 0.36049999999999993 0.21559999999999996 0.4239000000000001
-4552.721271046671 0.36049999999999993 0.23629999999999995 0.4032000000000001
-4536.225222449262 0.36049999999999993 0.25699999999999995 0.3825000000000001
-4520.143613455587 0.36049999999999993 0.27769999999999995 0.3618000000000001
-4503.376388422524 0.36049999999999993 0.29839999999999994 0.3411000000000001
-4484.999710468503 0.36049999999999993 0.31909999999999994 0.32040000000000013
-4467.265253479664 0.36049999999999993 0.33979999999999994 0.29970000000000013
-4448.958905512041 0.36049999999999993 0.36049999999999993 0.27900000000000014
-4431.109110111386 0.36049999999999993 0.38119999999999993 0.25830000000000014
-4412.172071290705 0.36049999999999993 0.4018999999999999 0.23760000000000014
-4393.572131696003 0.36049999999999993 0.4225999999999999 0.21690000000000015
-4374.468466012292 0.36049999999999993 0.4432999999999999 0.19620000000000015
-4356.536541874852 0.36049999999999993 0.4639999999999999 0.17550000000000016
-4336.47296388663 0.36049999999999993 0.4846999999999999 0.15480000000000016
-4315.47611085018 0.36049999999999993 0.5054 0.1341000000000001
-4294.781773005164 0.36049999999999993 0.5260999999999999 0.11340000000000017
-4273.083405747745 0.36049999999999993 0.5468 0.09270000000000012
-4251.211414145227 0.36049999999999993 0.5674999999999999 0.07200000000000017
-4230.352816028231 0.36049999999999993 0.5882 0.05130000000000012
-4208.475170806987 0.36049999999999993 0.6089 0.03060000000000007
-4776.451131767017 0.38119999999999993 0.05 0.5688
-4762.196162609268 0.38119999999999993 0.0707 0.5481
-4747.412189969437 0.38119999999999993 0.0914 0.5274
-4733.185218035299 0.38119999999999993 0.11209999999999999 0.5067
-4718.035650531021 0.38119999999999993 0.13279999999999997 0.48600000000000004
-4703.0550139331635 0.38119999999999993 0.15349999999999997 0.46530000000000005
-4687.3230380338155 0.38119999999999993 0.17419999999999997 0.44460000000000005
-4670.926527104192 0.38119999999999993 0.19489999999999996 0.42390000000000005
-4654.9796508509435 0.38119999999999993 0.21559999999999996 0.40320000000000006
-4638.70469614419 0.38119999999999993 0.23629999999999995 0.38250000000000006
-4622.040537911635 0.38119999999999993 0.25699999999999995 0.36180000000000007
-4607.271722989794 0.38119999999999993 0.27769999999999995 0.34110000000000007
-4588.15709982815 0.38119999999999993 0.29839999999999994 0.3204000000000001
-4572.966901304729 0.38119999999999993 0.31909999999999994 0.2997000000000001
-4551.941045869139 0.38119999999999993 0.33979999999999994 0.2790000000000001
-4534.127313240957 0.38119999999999993 0.36049999999999993 0.2583000000000001
-4517.294591914549 0.38119999999999993 0.38119999999999993 0.2376000000000001
-4496.641955985532 0.38119999999999993 0.4018999999999999 0.2169000000000001
-4477.905898743308 0.38119999999999993 0.4225999999999999 0.1962000000000001
-4459.222890845225 0.38119999999999993 0.4432999999999999 0.1755000000000001
-4439.768784376349 0.38119999999999993 0.4639999999999999 0.1548000000000001
-4419.091603147168 0.38119999999999993 0.4846999999999999 0.1341000000000001
-4398.525051333955 0.38119999999999993 0.5054 0.11340000000000006
-4376.693818247375 0.38119999999999993 0.5260999999999999 0.09270000000000012
-4355.37315031375 0.38119999999999993 0.5468 0.07200000000000006
-4333.985383354825 0.38119999999999993 0.5674999999999999 0.05130000000000012
-4312.321407804893 0.38119999999999993 0.5882 0.03060000000000007
-4864.622149387996 0.4018999999999999 0.05 0.5481
-4850.578145629042 0.4018999999999999 0.0707 0.5274000000000001
-4835.624495294166 0.4018999999999999 0.0914 0.5067
-4821.435375172092 0.4018999999999999 0.11209999999999999 0.4860000000000001
-4806.280297132417 0.4018999999999999 0.13279999999999997 0.4653000000000001
-4791.1287228021665 0.4018999999999999 0.15349999999999997 0.4446000000000001
-4775.286249801163 0.4018999999999999 0.17419999999999997 0.4239000000000001
-4758.713434190959 0.4018999999999999 0.19489999999999996 0.4032000000000001
-4742.943494497247 0.4018999999999999 0.21559999999999996 0.3825000000000001
-4724.3101387701245 0.4018999999999999 0.23629999999999995 0.3618000000000001
-4710.125944741858 0.4018999999999999 0.25699999999999995 0.3411000000000001
-4693.375594208287 0.4018999999999999 0.27769999999999995 0.32040000000000013
-4675.258835853892 0.4018999999999999 0.29839999999999994 0.29970000000000013
-4657.995334023498 0.4018999999999999 0.31909999999999994 0.27900000000000014
-4637.711843808418 0.4018999999999999 0.33979999999999994 0.25830000000000014
-4620.557241394858 0.4018999999999999 0.36049999999999993 0.23760000000000014
-4602.160769070833 0.4018999999999999 0.38119999999999993 0.21690000000000015
-4583.149652543466 0.4018999999999999 0.4018999999999999 0.19620000000000015
-4564.5266212112665 0.4018999999999999 0.4225999999999999 0.17550000000000016
-4545.732014117652 0.4018999999999999 0.4432999999999999 0.15480000000000016
-4525.682008911711 0.4018999999999999 0.4639999999999999 0.13410000000000016
-4504.527717616091 0.4018999999999999 0.4846999999999999 0.11340000000000017
-4483.177436839348 0.4018999999999999 0.5054 0.09270000000000012
-4462.083163885418 0.4018999999999999 0.5260999999999999 0.07200000000000017
-4440.695640481811 0.4018999999999999 0.5468 0.05130000000000012
-4418.559110533295 0.4018999999999999 0.5674999999999999 0.030600000000000183
