-5997.7413781796095 0.6709999999999999 0.05 0.2790000000000001
-5983.46956404977 0.6709999999999999 0.0707 0.2583000000000001
-5966.779677533331 0.6709999999999999 0.0914 0.2376000000000001
-5950.901315708052 0.6709999999999999 0.11209999999999999 0.2169000000000001
-5934.340074933579 0.6709999999999999 0.13279999999999997 0.1962000000000001
-5917.919555406676 0.6709999999999999 0.15349999999999997 0.1755000000000001
-5900.280740776606 0.6709999999999999 0.17419999999999997 0.1548000000000001
-5881.043889032472 0.6709999999999999 0.19489999999999996 0.1341000000000001
-5863.018590248443 0.6709999999999999 0.21559999999999996 0.11340000000000011
-5844.453711558257 0.6709999999999999 0.23629999999999995 0.09270000000000012
-5823.909811664864 0.6709999999999999 0.25699999999999995 0.07200000000000012
-5803.510777633599 0.6709999999999999 0.27769999999999995 0.05130000000000012
-5781.967066842588 0.6709999999999999 0.29839999999999994 0.030600000000000127
-6084.605915434632 0.6917 0.05 0.25830000000000003
-6070.993397762574 0.6917 0.0707 0.23760000000000003
-6052.956084291318 0.6917 0.0914 0.21690000000000004
-6038.881766133389 0.6917 0.11209999999999999 0.19620000000000004
-6020.600503614805 0.6917 0.13279999999999997 0.17550000000000004
-6003.436547001411 0.6917 0.15349999999999997 0.15480000000000005
-5987.236221324932 0.6917 0.17419999999999997 0.13410000000000005
-5966.06862228949 0.6917 0.19489999999999996 0.11340000000000006
-5949.517443183725 0.6917 0.21559999999999996 0.09270000000000006
-5928.031949528771 0.6917 0.23629999999999995 0.07200000000000006
-5907.2165206276595 0.6917 0.25699999999999995 0.05130000000000007
-5888.0705840654655 0.6917 0.27769999999999995 0.03060000000000007
-6172.338006792224 0.7123999999999999 0.05 0.2376000000000001
-6157.242217635381 0.7123999999999999 0.0707 0.2169000000000001
-6140.776201111735 0.7123999999999999 0.0914 0.1962000000000001
-6124.921275723823 0.7123999999999999 0.11209999999999999 0.1755000000000001
-6105.713437114801 0.7123999999999999 0.13279999999999997 0.1548000000000001
-6089.862070141287 0.7123999999999999 0.15349999999999997 0.1341000000000001
-6071.950872936759 0.7123999999999999 0.17419999999999997 0.11340000000000011
-6053.071278168931 0.7123999999999999 0.19489999999999996 0.09270000000000012
-6033.798566721066 0.7123999999999999 0.21559999999999996 0.07200000000000012
-6011.274153288515 0.7123999999999999 0.23629999999999995 0.05130000000000012
-5991.965048821183 0.7123999999999999 0.25699999999999995 0.030600000000000127
