-4182.811277545487 0.23629999999999995 0.05 0.7137
-4169.400420920845 0.23629999999999995 0.0707 0.6930000000000001
-4153.254310739158 0.23629999999999995 0.0914 0.6723
-4142.957313735308 0.23629999999999995 0.11209999999999999 0.6516000000000001
-4124.644716718999 0.23629999999999995 0.13279999999999997 0.6309
-4113.664822581636 0.23629999999999995 0.15349999999999997 0.6102000000000001
-4093.6928151922248 0.23629999999999995 0.17419999999999997 0.5895000000000001
-4077.5487033289623 0.23629999999999995 0.19489999999999996 0.5688000000000001
-4060.905560353878 0.23629999999999995 0.21559999999999996 0.5481
-4045.342530423662 0.23629999999999995 0.23629999999999995 0.5274000000000001
-4032.7975501983638 0.23629999999999995 0.25699999999999995 0.5067000000000002
-4015.7886421107214 0.23629999999999995 0.27769999999999995 0.4860000000000001
-4000.4680490265373 0.23629999999999995 0.29839999999999994 0.4653000000000001
-3984.810836416802 0.23629999999999995 0.31909999999999994 0.4446000000000001
-3965.861812141853 0.23629999999999995 0.33979999999999994 0.4239000000000001
-3948.3558610121913 0.23629999999999995 0.36049999999999993 0.4032000000000001
-3931.0346670977897 0.23629999999999995 0.38119999999999993 0.3825000000000001
-3911.5863793057206 0.23629999999999995 0.4018999999999999 0.3618000000000001
-3891.8356713576345 0.23629999999999995 0.4225999999999999 0.3411000000000001
-3872.04585413968 0.23629999999999995 0.4432999999999999 0.32040000000000013
-3855.072016769874 0.23629999999999995 0.4639999999999999 0.29970000000000013
-3835.179593341217 0.23629999999999995 0.4846999999999999 0.27900000000000014
-3815.494702953105 0.23629999999999995 0.5054 0.2583000000000001
-3796.4555829057754 0.23629999999999995 0.5260999999999999 0.23760000000000014
-3777.231940842085 0.23629999999999995 0.5468 0.2169000000000001
-3755.1573064297636 0.23629999999999995 0.5674999999999999 0.19620000000000015
-3734.6116446412875 0.23629999999999995 0.5882 0.1755000000000001
-3713.79164719471 0.23629999999999995 0.6089 0.15480000000000005
-3691.1730511487713 0.23629999999999995 0.6295999999999999 0.1341000000000001
-3668.3202873627715 0.23629999999999995 0.6502999999999999 0.11340000000000017
-3644.943131747917 0.23629999999999995 0.6709999999999999 0.09270000000000012
-3622.305004975596 0.23629999999999995 0.6917 0.07200000000000006
-3599.7391295346247 0.23629999999999995 0.7123999999999999 0.05130000000000012
-3576.9700560486517 0.23629999999999995 0.7330999999999999 0.030600000000000183
-4267.7707122330585 0.25699999999999995 0.05 0.6930000000000001
-4253.612183149426 0.25699999999999995 0.0707 0.6723000000000001
-4237.869234235702 0.25699999999999995 0.0914 0.6516000000000001
-4230.0192548236255 0.25699999999999995 0.11209999999999999 0.6309000000000001
-4213.0246837306395 0.25699999999999995 0.13279999999999997 0.6102000000000001
-4199.8593553385535 0.25699999999999995 0.15349999999999997 0.5895000000000001
-4177.4885440421385 0.25699999999999995 0.17419999999999997 0.5688000000000002
-4162.010641388617 0.25699999999999995 0.19489999999999996 0.5481000000000001
-4151.688060309109 0.25699999999999995 0.21559999999999996 0.5274000000000001
-4133.662079195365 0.25699999999999995 0.23629999999999995 0.5067000000000002
-4118.998744831561 0.25699999999999995 0.25699999999999995 0.48600000000000015
-4102.772439635287 0.25699999999999995 0.27769999999999995 0.46530000000000016
-4086.096514626484 0.25699999999999995 0.29839999999999994 0.44460000000000016
-4069.1294910177803 0.25699999999999995 0.31909999999999994 0.42390000000000017
-4051.751964532631 0.25699999999999995 0.33979999999999994 0.40320000000000017
-4033.6286706265632 0.25699999999999995 0.36049999999999993 0.3825000000000002
-4016.0723393604644 0.25699999999999995 0.38119999999999993 0.3618000000000002
-3996.474355610077 0.25699999999999995 0.4018999999999999 0.3411000000000002
-3977.686148830941 0.25699999999999995 0.4225999999999999 0.3204000000000002
-3957.1100973492107 0.25699999999999995 0.4432999999999999 0.2997000000000002
-3938.8399022612466 0.25699999999999995 0.4639999999999999 0.2790000000000002
-3919.4546037986943 0.25699999999999995 0.4846999999999999 0.2583000000000002
-3899.28552498692 0.25699999999999995 0.5054 0.23760000000000014
-3880.152558241326 0.25699999999999995 0.5260999999999999 0.2169000000000002
-3860.3993275570815 0.25699999999999995 0.5468 0.19620000000000015
-3839.167615602451 0.25699999999999995 0.5674999999999999 0.1755000000000002
-3817.8893753904563 0.25699999999999995 0.5882 0.15480000000000016
-3795.298184019207 0.25699999999999995 0.6089 0.1341000000000001
-3772.6326344991794 0.25699999999999995 0.6295999999999999 0.11340000000000017
-3749.5521080504404 0.25699999999999995 0.6502999999999999 0.09270000000000023
-3726.4364122144416 0.25699999999999995 0.6709999999999999 0.07200000000000017
-3704.4621016933897 0.25699999999999995 0.6917 0.05130000000000012
-3681.2053853760895 0.25699999999999995 0.7123999999999999 0.030600000000000183
-4354.273114391981 0.27769999999999995 0.05 0.6723
-4342.727613282684 0.27769999999999995 0.0707 0.6516000000000001
-4325.720452811469 0.27769999999999995 0.0914 0.6309
-4307.77885075766 0.27769999999999995 0.11209999999999999 0.6102000000000001
-4297.622180071419 0.27769999999999995 0.13279999999999997 0.5895000000000001
-4285.421611885619 0.27769999999999995 0.15349999999999997 0.5688000000000001
-4269.585628449835 0.27769999999999995 0.17419999999999997 0.5481
-4253.279009363844 0.27769999999999995 0.19489999999999996 0.5274000000000001
-4237.166052248239 0.27769999999999995 0.21559999999999996 0.5067000000000002
-4220.829744958129 0.27769999999999995 0.23629999999999995 0.4860000000000001
-4204.671799184993 0.27769999999999995 0.25699999999999995 0.4653000000000001
-4188.177457694281 0.27769999999999995 0.27769999999999995 0.4446000000000001
-4172.3023280281395 0.27769999999999995 0.29839999999999994 0.4239000000000001
-4153.716133560375 0.27769999999999995 0.31909999999999994 0.4032000000000001
-4135.939708751641 0.27769999999999995 0.33979999999999994 0.3825000000000001
-4119.149438451165 0.27769999999999995 0.36049999999999993 0.3618000000000001
-4100.283777231515 0.27769999999999995 0.38119999999999993 0.3411000000000001
-4080.911549652518 0.27769999999999995 0.4018999999999999 0.32040000000000013
-4061.539297977909 0.27769999999999995 0.4225999999999999 0.29970000000000013
-4042.033655151971 0.27769999999999995 0.4432999999999999 0.27900000000000014
-4022.2651712372776 0.27769999999999995 0.4639999999999999 0.25830000000000014
-4002.837788806222 0.27769999999999995 0.4846999999999999 0.23760000000000014
-3983.200115892204 0.27769999999999995 0.5054 0.2169000000000001
-3963.326836639006 0.27769999999999995 0.5260999999999999 0.19620000000000015
-3943.5987089285677 0.27769999999999995 0.5468 0.1755000000000001
-3921.753463578437 0.27769999999999995 0.5674999999999999 0.15480000000000016
-3897.8265815816108 0.27769999999999995 0.5882 0.1341000000000001
-3875.955458036487 0.27769999999999995 0.6089 0.11340000000000006
-3853.552768064869 0.27769999999999995 0.6295999999999999 0.09270000000000012
-3830.889499101325 0.27769999999999995 0.6502999999999999 0.07200000000000017
-3808.0204688101885 0.27769999999999995 0.6709999999999999 0.05130000000000012
-3785.2871057986467 0.27769999999999995 0.6917 0.03060000000000007
