-6527.624474769512 0.7951999999999999 0.05 0.1548000000000001
-6515.4257017076325 0.7951999999999999 0.0707 0.1341000000000001
-6496.856659083749 0.7951999999999999 0.0914 0.1134000000000001
-6480.299813493923 0.7951999999999999 0.11209999999999999 0.0927000000000001
-6458.971303353753 0.7951999999999999 0.13279999999999997 0.07200000000000012
-6440.018972709387 0.7951999999999999 0.15349999999999997 0.05130000000000012
-6419.694539059902 0.7951999999999999 0.17419999999999997 0.030600000000000127
-6615.263696305687 0.8158999999999998 0.05 0.13410000000000016
-6602.00275488547 0.8158999999999998 0.0707 0.11340000000000015
-6583.095159163487 0.8158999999999998 0.0914 0.09270000000000016
-6564.333388251059 0.8158999999999998 0.11209999999999999 0.07200000000000016
-6543.33780195081 0.8158999999999998 0.13279999999999997 0.05130000000000018
-6523.531879470282 0.8158999999999998 0.15349999999999997 0.030600000000000183
-6701.532746187815 0.8365999999999999 0.05 0.1134000000000001
-6688.470308408575 0.8365999999999999 0.0707 0.0927000000000001
-6667.783560107155 0.8365999999999999 0.0914 0.0720000000000001
-6650.064914556045 0.8365999999999999 0.11209999999999999 0.05130000000000011
-6627.72730553181 0.8365999999999999 0.13279999999999997 0.030600000000000127
