-4428.740129555748 0.29839999999999994 0.05 0.6516
-4456.7052371922355 0.29839999999999994 0.0707 0.6309
-4454.505284290167 0.29839999999999994 0.0914 0.6102
-4456.197938883512 0.29839999999999994 0.11209999999999999 0.5895
-4455.171443076052 0.29839999999999994 0.13279999999999997 0.5688
-4451.092530581786 0.29839999999999994 0.15349999999999997 0.5481
-4448.507556438849 0.29839999999999994 0.17419999999999997 0.5274000000000001
-4445.338245668659 0.29839999999999994 0.19489999999999996 0.5067
-4422.803722120764 0.29839999999999994 0.21559999999999996 0.48600000000000004
-4392.648911919294 0.29839999999999994 0.23629999999999995 0.46530000000000005
-4376.273289629972 0.29839999999999994 0.25699999999999995 0.44460000000000005
-4353.906765134586 0.29839999999999994 0.27769999999999995 0.42390000000000005
-4324.9254066536605 0.29839999999999994 0.29839999999999994 0.40320000000000006
-4297.022485866721 0.29839999999999994 0.31909999999999994 0.38250000000000006
-4276.812751388814 0.29839999999999994 0.33979999999999994 0.36180000000000007
-4246.097301536182 0.29839999999999994 0.36049999999999993 0.34110000000000007
-4221.760920961531 0.29839999999999994 0.38119999999999993 0.3204000000000001
-4195.848311634889 0.29839999999999994 0.4018999999999999 0.2997000000000001
-4176.312439554662 0.29839999999999994 0.4225999999999999 0.2790000000000001
-4147.8736006721565 0.29839999999999994 0.4432999999999999 0.2583000000000001
-4118.10143312244 0.29839999999999994 0.4639999999999999 0.2376000000000001
-4090.497725214249 0.29839999999999994 0.4846999999999999 0.2169000000000001
-4059.8029960386875 0.29839999999999994 0.5054 0.19620000000000004
-4035.783745872522 0.29839999999999994 0.5260999999999999 0.1755000000000001
-4001.4895730566077 0.29839999999999994 0.5468 0.15480000000000005
-3987.14754235636 0.29839999999999994 0.5674999999999999 0.1341000000000001
-3955.6796751307406 0.29839999999999994 0.5882 0.11340000000000006
-3928.202109270002 0.29839999999999994 0.6089 0.0927
-3897.3573372114033 0.29839999999999994 0.6295999999999999 0.07200000000000006
-3873.8697610102367 0.29839999999999994 0.6502999999999999 0.05130000000000012
-3842.001793640259 0.29839999999999994 0.6709999999999999 0.03060000000000007
-4528.113953610971 0.31909999999999994 0.05 0.6309
-4527.704150438433 0.31909999999999994 0.0707 0.6102000000000001
-4527.617573925664 0.31909999999999994 0.0914 0.5895
-4527.529223214905 0.31909999999999994 0.11209999999999999 0.5688000000000001
-4527.8780441489735 0.31909999999999994 0.13279999999999997 0.5481
-4526.363533531612 0.31909999999999994 0.15349999999999997 0.5274000000000001
-4525.187849715741 0.31909999999999994 0.17419999999999997 0.5067000000000002
-4517.315743868589 0.31909999999999994 0.19489999999999996 0.4860000000000001
-4493.628391796889 0.31909999999999994 0.21559999999999996 0.4653000000000001
-4463.19299564732 0.31909999999999994 0.23629999999999995 0.4446000000000001
-4439.015239559485 0.31909999999999994 0.25699999999999995 0.4239000000000001
-4422.006353122595 0.31909999999999994 0.27769999999999995 0.4032000000000001
-4392.679711291033 0.31909999999999994 0.29839999999999994 0.3825000000000001
-4368.991668338778 0.31909999999999994 0.31909999999999994 0.3618000000000001
-4337.193919855406 0.31909999999999994 0.33979999999999994 0.3411000000000001
-4317.371670895638 0.31909999999999994 0.36049999999999993 0.32040000000000013
-4290.618336859817 0.31909999999999994 0.38119999999999993 0.29970000000000013
-4267.723244124356 0.31909999999999994 0.4018999999999999 0.27900000000000014
-4242.8513493115515 0.31909999999999994 0.4225999999999999 0.25830000000000014
-4210.2213458940805 0.31909999999999994 0.4432999999999999 0.23760000000000014
-4180.368567969204 0.31909999999999994 0.4639999999999999 0.21690000000000015
-4152.4881408845395 0.31909999999999994 0.4846999999999999 0.19620000000000015
-4134.016912301552 0.31909999999999994 0.5054 0.1755000000000001
-4109.078947272241 0.31909999999999994 0.5260999999999999 0.15480000000000016
-4081.937557286591 0.31909999999999994 0.5468 0.1341000000000001
-4048.591543285125 0.31909999999999994 0.5674999999999999 0.11340000000000017
-4030.1116185723513 0.31909999999999994 0.5882 0.09270000000000012
-3996.416408453937 0.31909999999999994 0.6089 0.07200000000000006
-3966.2329058648306 0.31909999999999994 0.6295999999999999 0.05130000000000012
-3940.878274831177 0.31909999999999994 0.6502999999999999 0.030600000000000183
-4624.408457075411 0.33979999999999994 0.05 0.6102000000000001
-4623.302689644602 0.33979999999999994 0.0707 0.5895000000000001
-4625.012713451213 0.33979999999999994 0.0914 0.5688000000000001
-4623.33257047677 0.33979999999999994 0.11209999999999999 0.5481000000000001
-4622.7153020128135 0.33979999999999994 0.13279999999999997 0.5274000000000001
-4615.96967133633 0.33979999999999994 0.15349999999999997 0.5067000000000002
-4612.8994251500535 0.33979999999999994 0.17419999999999997 0.48600000000000015
-4602.0458325736245 0.33979999999999994 0.19489999999999996 0.46530000000000016
-4581.122130058862 0.33979999999999994 0.21559999999999996 0.44460000000000016
-4546.459594261846 0.33979999999999994 0.23629999999999995 0.42390000000000017
-4525.4711257398285 0.33979999999999994 0.25699999999999995 0.40320000000000017
-4504.656332642112 0.33979999999999994 0.27769999999999995 0.3825000000000002
-4476.4573117568925 0.33979999999999994 0.29839999999999994 0.3618000000000002
-4454.953364719237 0.33979999999999994 0.31909999999999994 0.3411000000000002
-4429.175077836858 0.33979999999999994 0.33979999999999994 0.3204000000000002
-4396.631816974994 0.33979999999999994 0.36049999999999993 0.2997000000000002
-4374.3690024681255 0.33979999999999994 0.38119999999999993 0.2790000000000002
-4349.779231202263 0.33979999999999994 0.4018999999999999 0.2583000000000002
-4320.093696225935 0.33979999999999994 0.4225999999999999 0.2376000000000002
-4292.262073669981 0.33979999999999994 0.4432999999999999 0.2169000000000002
-4265.403825052881 0.33979999999999994 0.4639999999999999 0.1962000000000002
-4242.9636044029885 0.33979999999999994 0.4846999999999999 0.1755000000000002
-4210.46607211328 0.33979999999999994 0.5054 0.15480000000000016
-4186.035293321 0.33979999999999994 0.5260999999999999 0.13410000000000022
-4159.660329641018 0.33979999999999994 0.5468 0.11340000000000017
-4134.543638735054 0.33979999999999994 0.5674999999999999 0.09270000000000023
-4109.309403386547 0.33979999999999994 0.5882 0.07200000000000017
-4080.936779386802 0.33979999999999994 0.6089 0.05130000000000012
-4046.5369786358397 0.33979999999999994 0.6295999999999999 0.030600000000000183
