-4128.62332182588 0.23629999999999995 0.05 0.7137
-4200.511944642719 0.23629999999999995 0.0707 0.6930000000000001
-4205.847781538508 0.23629999999999995 0.0914 0.6723
-4206.180857776534 0.23629999999999995 0.11209999999999999 0.6516000000000001
-4174.54815255752 0.23629999999999995 0.13279999999999997 0.6309
-4203.586177826055 0.23629999999999995 0.15349999999999997 0.6102000000000001
-4204.2417608195165 0.23629999999999995 0.17419999999999997 0.5895000000000001
-4203.08981229372 0.23629999999999995 0.19489999999999996 0.5688000000000001
-4200.094302125433 0.23629999999999995 0.21559999999999996 0.5481
-4170.673828088744 0.23629999999999995 0.23629999999999995 0.5274000000000001
-4146.945769709211 0.23629999999999995 0.25699999999999995 0.5067000000000002
-4125.12785216082 0.23629999999999995 0.27769999999999995 0.4860000000000001
-4099.128445575495 0.23629999999999995 0.29839999999999994 0.4653000000000001
-4071.585165354111 0.23629999999999995 0.31909999999999994 0.4446000000000001
-4049.0778121608228 0.23629999999999995 0.33979999999999994 0.4239000000000001
-4023.3314273133747 0.23629999999999995 0.36049999999999993 0.4032000000000001
-3995.685809283913 0.23629999999999995 0.38119999999999993 0.3825000000000001
-3972.513536687661 0.23629999999999995 0.4018999999999999 0.3618000000000001
-3943.5076971995013 0.23629999999999995 0.4225999999999999 0.3411000000000001
-3918.924732808058 0.23629999999999995 0.4432999999999999 0.32040000000000013
-3887.797252492703 0.23629999999999995 0.4639999999999999 0.29970000000000013
-3871.832374080292 0.23629999999999995 0.4846999999999999 0.27900000000000014
-3834.848259879503 0.23629999999999995 0.5054 0.2583000000000001
-3813.7136962791255 0.23629999999999995 0.5260999999999999 0.23760000000000014
-3785.3232461472608 0.23629999999999995 0.5468 0.2169000000000001
-3757.117452636377 0.23629999999999995 0.5674999999999999 0.19620000000000015
-3725.965689203376 0.23629999999999995 0.5882 0.1755000000000001
-3696.5340755152997 0.23629999999999995 0.6089 0.15480000000000005
-3677.9182745913677 0.23629999999999995 0.6295999999999999 0.1341000000000001
-3643.64585414314 0.23629999999999995 0.6502999999999999 0.11340000000000017
-3618.53592064568 0.23629999999999995 0.6709999999999999 0.09270000000000012
-3590.236267214576 0.23629999999999995 0.6917 0.07200000000000006
-3560.185695946273 0.23629999999999995 0.7123999999999999 0.05130000000000012
-3536.996411503187 0.23629999999999995 0.7330999999999999 0.030600000000000183
-4272.503513037859 0.25699999999999995 0.05 0.6930000000000001
-4266.423635359148 0.25699999999999995 0.0707 0.6723000000000001
-4277.5646091695735 0.25699999999999995 0.0914 0.6516000000000001
-4268.796754146848 0.25699999999999995 0.11209999999999999 0.6309000000000001
-4279.510907677297 0.25699999999999995 0.13279999999999997 0.6102000000000001
-4268.0349708033555 0.25699999999999995 0.15349999999999997 0.5895000000000001
-4277.131376519102 0.25699999999999995 0.17419999999999997 0.5688000000000002
-4278.159902079885 0.25699999999999995 0.19489999999999996 0.5481000000000001
-4268.066810521951 0.25699999999999995 0.21559999999999996 0.5274000000000001
-4241.213884153446 0.25699999999999995 0.23629999999999995 0.5067000000000002
-4213.76861792413 0.25699999999999995 0.25699999999999995 0.48600000000000015
-4197.50802452589 0.25699999999999995 0.27769999999999995 0.46530000000000016
-4165.77007190325 0.25699999999999995 0.29839999999999994 0.44460000000000016
-4141.78055552843 0.25699999999999995 0.31909999999999994 0.42390000000000017
-4113.785605687506 0.25699999999999995 0.33979999999999994 0.40320000000000017
-4094.396832287716 0.25699999999999995 0.36049999999999993 0.3825000000000002
-4062.1862258293822 0.25699999999999995 0.38119999999999993 0.3618000000000002
-4036.482672861162 0.25699999999999995 0.4018999999999999 0.3411000000000002
-4010.1613966980462 0.25699999999999995 0.4225999999999999 0.3204000000000002
-3987.591313512539 0.25699999999999995 0.4432999999999999 0.2997000000000002
-3962.2672023804594 0.25699999999999995 0.4639999999999999 0.2790000000000002
-3931.8720013004654 0.25699999999999995 0.4846999999999999 0.2583000000000002
-3909.387460960384 0.25699999999999995 0.5054 0.23760000000000014
-3882.3033687797024 0.25699999999999995 0.5260999999999999 0.2169000000000002
-3849.2146366974152 0.25699999999999995 0.5468 0.19620000000000015
-3819.839999848374 0.25699999999999995 0.5674999999999999 0.1755000000000002
-3797.2939614510733 0.25699999999999995 0.5882 0.15480000000000016
-3775.2991767151057 0.25699999999999995 0.6089 0.1341000000000001
-3738.543174187372 0.25699999999999995 0.6295999999999999 0.11340000000000017
-3714.156368109699 0.25699999999999995 0.6502999999999999 0.09270000000000023
-3688.864145203209 0.25699999999999995 0.6709999999999999 0.07200000000000017
-3657.7625446247107 0.25699999999999995 0.6917 0.05130000000000012
-3630.8366301414258 0.25699999999999995 0.7123999999999999 0.030600000000000183
-4364.919064589581 0.27769999999999995 0.05 0.6723
-4368.646263860993 0.27769999999999995 0.0707 0.6516000000000001
-4366.807409885206 0.27769999999999995 0.0914 0.6309
-4368.9499869905785 0.27769999999999995 0.11209999999999999 0.6102000000000001
-4368.978738190611 0.27769999999999995 0.13279999999999997 0.5895000000000001
-4366.7388840956755 0.27769999999999995 0.15349999999999997 0.5688000000000001
-4366.538255625136 0.27769999999999995 0.17419999999999997 0.5481
-4362.299022822362 0.27769999999999995 0.19489999999999996 0.5274000000000001
-4336.615429742785 0.27769999999999995 0.21559999999999996 0.5067000000000002
-4314.550654385871 0.27769999999999995 0.23629999999999995 0.4860000000000001
-4291.374707136985 0.27769999999999995 0.25699999999999995 0.4653000000000001
-4268.937432546568 0.27769999999999995 0.27769999999999995 0.4446000000000001
-4243.060413102216 0.27769999999999995 0.29839999999999994 0.4239000000000001
-4223.195335425593 0.27769999999999995 0.31909999999999994 0.4032000000000001
-4190.508311827823 0.27769999999999995 0.33979999999999994 0.3825000000000001
-4168.1507534663115 0.27769999999999995 0.36049999999999993 0.3618000000000001
-4134.822626523633 0.27769999999999995 0.38119999999999993 0.3411000000000001
-4115.500410456716 0.27769999999999995 0.4018999999999999 0.32040000000000013
-4089.511709876614 0.27769999999999995 0.4225999999999999 0.29970000000000013
-4062.121603443562 0.27769999999999995 0.4432999999999999 0.27900000000000014
-4034.3186032089184 0.27769999999999995 0.4639999999999999 0.25830000000000014
-4014.531974251275 0.27769999999999995 0.4846999999999999 0.23760000000000014
-3986.8730091192106 0.27769999999999995 0.5054 0.2169000000000001
-3958.5038990690105 0.27769999999999995 0.5260999999999999 0.19620000000000015
-3927.5166574629925 0.27769999999999995 0.5468 0.1755000000000001
-3908.4978135045058 0.27769999999999995 0.5674999999999999 0.15480000000000016
-3872.8332957531525 0.27769999999999995 0.5882 0.1341000000000001
-3846.225224589632 0.27769999999999995 0.6089 0.11340000000000006
-3823.7673126691516 0.27769999999999995 0.6295999999999999 0.09270000000000012
-3794.1104262171884 0.27769999999999995 0.6502999999999999 0.07200000000000017
-3764.962745000284 0.27769999999999995 0.6709999999999999 0.05130000000000012
-3739.7314922708133 0.27769999999999995 0.6917 0.03060000000000007
