-5217.879603706164 0.4846999999999999 0.05 0.4653000000000001
-5215.831598611387 0.4846999999999999 0.0707 0.4446000000000001
-5208.703351090299 0.4846999999999999 0.0914 0.4239000000000001
-5224.586204100456 0.4846999999999999 0.11209999999999999 0.4032000000000001
-5203.457341486222 0.4846999999999999 0.13279999999999997 0.3825000000000001
-5194.481333494515 0.4846999999999999 0.15349999999999997 0.3618000000000001
-5167.875421676074 0.4846999999999999 0.17419999999999997 0.3411000000000001
-5138.783599218758 0.4846999999999999 0.19489999999999996 0.32040000000000013
-5122.812569070872 0.4846999999999999 0.21559999999999996 0.29970000000000013
-5087.714993254872 0.4846999999999999 0.23629999999999995 0.27900000000000014
-5064.416503631828 0.4846999999999999 0.25699999999999995 0.25830000000000014
-5045.713866045373 0.4846999999999999 0.27769999999999995 0.23760000000000014
-5013.716620439929 0.4846999999999999 0.29839999999999994 0.21690000000000015
-4990.109141536946 0.4846999999999999 0.31909999999999994 0.19620000000000015
-4962.350898331484 0.4846999999999999 0.33979999999999994 0.17550000000000016
-4938.728733611785 0.4846999999999999 0.36049999999999993 0.15480000000000016
-4911.480307916208 0.4846999999999999 0.38119999999999993 0.13410000000000016
-4891.838466912015 0.4846999999999999 0.4018999999999999 0.11340000000000017
-4866.816666308079 0.4846999999999999 0.4225999999999999 0.09270000000000017
-4833.645609349502 0.4846999999999999 0.4432999999999999 0.07200000000000017
-4791.53264180183 0.4846999999999999 0.4639999999999999 0.05130000000000018
-4781.30012007819 0.4846999999999999 0.4846999999999999 0.030600000000000183
-5300.833446670765 0.5054 0.05 0.44460000000000005
-5303.065698321358 0.5054 0.0707 0.42390000000000005
-5294.182172416994 0.5054 0.0914 0.40320000000000006
-5295.048105420354 0.5054 0.11209999999999999 0.38250000000000006
-5286.423249905115 0.5054 0.13279999999999997 0.36180000000000007
-5278.418013884683 0.5054 0.15349999999999997 0.34110000000000007
-5243.230749459443 0.5054 0.17419999999999997 0.3204000000000001
-5222.651053192441 0.5054 0.19489999999999996 0.2997000000000001
-5192.218629513857 0.5054 0.21559999999999996 0.2790000000000001
-5166.323012537248 0.5054 0.23629999999999995 0.2583000000000001
-5139.149742349766 0.5054 0.25699999999999995 0.2376000000000001
-5126.13976477309 0.5054 0.27769999999999995 0.2169000000000001
-5092.709927293457 0.5054 0.29839999999999994 0.1962000000000001
-5065.050648115672 0.5054 0.31909999999999994 0.1755000000000001
-5038.649218144581 0.5054 0.33979999999999994 0.1548000000000001
-5017.064874233945 0.5054 0.36049999999999993 0.1341000000000001
-4987.801380203409 0.5054 0.38119999999999993 0.11340000000000011
-4958.67357023073 0.5054 0.4018999999999999 0.09270000000000012
-4941.50822325754 0.5054 0.4225999999999999 0.07200000000000012
-4908.5351125719635 0.5054 0.4432999999999999 0.05130000000000012
-4876.853415445505 0.5054 0.4639999999999999 0.030600000000000127
-5400.799614962276 0.5260999999999999 0.05 0.4239000000000001
-5397.0691762896195 0.5260999999999999 0.0707 0.4032000000000001
-5400.9543371727095 0.5260999999999999 0.0914 0.3825000000000001
-5387.170064715648 0.5260999999999999 0.11209999999999999 0.3618000000000001
-5379.454722747405 0.5260999999999999 0.13279999999999997 0.3411000000000001
-5367.827519973597 0.5260999999999999 0.15349999999999997 0.32040000000000013
-5326.603357025824 0.5260999999999999 0.17419999999999997 0.29970000000000013
-5306.692077574191 0.5260999999999999 0.19489999999999996 0.27900000000000014
-5282.107689971099 0.5260999999999999 0.21559999999999996 0.25830000000000014
-5250.565698645655 0.5260999999999999 0.23629999999999995 0.23760000000000014
-5222.524881087171 0.5260999999999999 0.25699999999999995 0.21690000000000015
-5209.385235065297 0.5260999999999999 0.27769999999999995 0.19620000000000015
-5181.007933676635 0.5260999999999999 0.29839999999999994 0.17550000000000016
-5148.070923940162 0.5260999999999999 0.31909999999999994 0.15480000000000016
-5118.276095413808 0.5260999999999999 0.33979999999999994 0.13410000000000016
-5091.36663396085 0.5260999999999999 0.36049999999999993 0.11340000000000017
-5069.420550861125 0.5260999999999999 0.38119999999999993 0.09270000000000017
-5040.713385243442 0.5260999999999999 0.4018999999999999 0.07200000000000017
-5009.673372747409 0.5260999999999999 0.4225999999999999 0.05130000000000018
-4989.513692804108 0.5260999999999999 0.4432999999999999 0.030600000000000183
