-6516.228664813302 0.7951999999999999 0.05 0.1548000000000001
-6499.233847544909 0.7951999999999999 0.0707 0.1341000000000001
-6473.292063045941 0.7951999999999999 0.0914 0.1134000000000001
-6447.701345968553 0.7951999999999999 0.11209999999999999 0.0927000000000001
-6421.646804682503 0.7951999999999999 0.13279999999999997 0.07200000000000012
-6396.588922884329 0.7951999999999999 0.15349999999999997 0.05130000000000012
-6371.953261682959 0.7951999999999999 0.17419999999999997 0.030600000000000127
-6602.794522384 0.8158999999999998 0.05 0.13410000000000016
-6580.68023320596 0.8158999999999998 0.0707 0.11340000000000015
-6557.071515024429 0.8158999999999998 0.0914 0.09270000000000016
-6536.1257355233365 0.8158999999999998 0.11209999999999999 0.07200000000000016
-6502.916278164857 0.8158999999999998 0.13279999999999997 0.05130000000000018
-6481.679511509889 0.8158999999999998 0.15349999999999997 0.030600000000000183
-6692.939687627272 0.8365999999999999 0.05 0.1134000000000001
-6672.585882280544 0.8365999999999999 0.0707 0.0927000000000001
-6645.276274232966 0.8365999999999999 0.0914 0.0720000000000001
-6616.732165606795 0.8365999999999999 0.11209999999999999 0.05130000000000011
-6590.260128869579 0.8365999999999999 0.13279999999999997 0.030600000000000127
