-4639.294213498128 0.40599999999999997 0.001 0.5930000000000001
-4881.769008934562 0.40599999999999997 0.0235 0.5705000000000001
-4882.643796754209 0.40599999999999997 0.046 0.548
-4883.9322024615285 0.40599999999999997 0.0685 0.5255000000000001
-4883.83692627443 0.40599999999999997 0.091 0.5030000000000001
-4886.122649530087 0.40599999999999997 0.11349999999999999 0.4805000000000001
-4883.659623613419 0.40599999999999997 0.136 0.4580000000000001
-4876.9976141139905 0.40599999999999997 0.1585 0.4355000000000001
-4856.774664276603 0.40599999999999997 0.181 0.4130000000000001
-4839.805184828673 0.40599999999999997 0.2035 0.39050000000000007
-4801.238815445626 0.40599999999999997 0.22599999999999998 0.3680000000000001
-4783.4637440439255 0.40599999999999997 0.2485 0.3455000000000001
-4752.207249284221 0.40599999999999997 0.271 0.32300000000000006
-4724.909950248878 0.40599999999999997 0.2935 0.3005000000000001
-4695.146886173559 0.40599999999999997 0.316 0.2780000000000001
-4676.1454613785845 0.40599999999999997 0.33849999999999997 0.2555000000000001
-4642.009045654462 0.40599999999999997 0.361 0.2330000000000001
-4615.1213826095 0.40599999999999997 0.3835 0.21050000000000008
-4589.07760551456 0.40599999999999997 0.40599999999999997 0.1880000000000001
-4561.243188978406 0.40599999999999997 0.4285 0.1655000000000001
-4524.793409524829 0.40599999999999997 0.45099999999999996 0.14300000000000013
-4508.9222824034005 0.40599999999999997 0.4735 0.12050000000000011
-4470.665897642823 0.40599999999999997 0.496 0.09800000000000009
-4441.64774364568 0.40599999999999997 0.5185 0.07550000000000012
-4406.036067081638 0.40599999999999997 0.541 0.05300000000000005
-4378.7966395482745 0.40599999999999997 0.5635 0.030500000000000083
-4339.357527191177 0.40599999999999997 0.594 1.1102230246251565e-16
-4860.368952659089 0.4285 0.001 0.5705
-4985.830104899923 0.4285 0.0235 0.548
-4975.773639147914 0.4285 0.046 0.5255
-4981.954531018542 0.4285 0.0685 0.503
-4980.735890149776 0.4285 0.091 0.48050000000000004
-4977.842768759865 0.4285 0.11349999999999999 0.458
-4972.913395913388 0.4285 0.136 0.4355
-4971.823754199194 0.4285 0.1585 0.41300000000000003
-4946.147142987633 0.4285 0.181 0.3905
-4923.958592125157 0.4285 0.2035 0.368
-4895.013940463881 0.4285 0.22599999999999998 0.34550000000000003
-4864.89627810884 0.4285 0.2485 0.323
-4841.082427771541 0.4285 0.271 0.3005
-4813.328326193209 0.4285 0.2935 0.278
-4780.719400850669 0.4285 0.316 0.2555
-4758.83135013527 0.4285 0.33849999999999997 0.23300000000000004
-4722.803973202742 0.4285 0.361 0.21050000000000002
-4697.428545676908 0.4285 0.3835 0.188
-4670.5087113926265 0.4285 0.40599999999999997 0.16550000000000004
-4640.607862988833 0.4285 0.4285 0.14300000000000002
-4608.408307265983 0.4285 0.45099999999999996 0.12050000000000005
-4592.9019821263755 0.4285 0.4735 0.09800000000000003
-4549.893572487932 0.4285 0.496 0.07550000000000001
-4522.637447562181 0.4285 0.5185 0.05300000000000005
-4493.419946503543 0.4285 0.541 0.03049999999999997
-4449.194233614261 0.4285 0.5710000000000001 0.0004999999999999449
-5005.815508219793 0.45099999999999996 0.001 0.548
-5087.0177142248285 0.45099999999999996 0.0235 0.5255000000000001
-5084.055125105372 0.45099999999999996 0.046 0.503
-5082.562921408729 0.45099999999999996 0.0685 0.48050000000000004
-5083.924949241598 0.45099999999999996 0.091 0.4580000000000001
-5077.521026400754 0.45099999999999996 0.11349999999999999 0.43550000000000005
-5077.500317412184 0.45099999999999996 0.136 0.41300000000000003
-5066.18944961943 0.45099999999999996 0.1585 0.39050000000000007
-5035.21871783481 0.45099999999999996 0.181 0.36800000000000005
-5007.832854151132 0.45099999999999996 0.2035 0.34550000000000003
-4985.014725587232 0.45099999999999996 0.22599999999999998 0.32300000000000006
-4956.211813288241 0.45099999999999996 0.2485 0.30050000000000004
-4922.517565181712 0.45099999999999996 0.271 0.278
-4901.7951023443975 0.45099999999999996 0.2935 0.25550000000000006
-4872.036578900825 0.45099999999999996 0.316 0.23300000000000004
-4845.651535230465 0.45099999999999996 0.33849999999999997 0.21050000000000008
-4812.553898928893 0.45099999999999996 0.361 0.18800000000000006
-4789.612588115481 0.45099999999999996 0.3835 0.16550000000000004
-4759.086891992312 0.45099999999999996 0.40599999999999997 0.14300000000000007
-4725.4046087476945 0.45099999999999996 0.4285 0.12050000000000005
-4701.774103306351 0.45099999999999996 0.45099999999999996 0.09800000000000009
-4667.946603476211 0.45099999999999996 0.4735 0.07550000000000007
-4639.263244180422 0.45099999999999996 0.496 0.05300000000000005
-4615.427427578723 0.45099999999999996 0.5185 0.030500000000000083
-4561.351872815993 0.45099999999999996 0.548 0.0010000000000000009
