-5120.196158306715 0.6084999999999999 0.001 0.39050000000000007
-5740.63060746492 0.6084999999999999 0.0235 0.36800000000000005
-5742.605069666023 0.6084999999999999 0.046 0.3455000000000001
-5733.069243261539 0.6084999999999999 0.0685 0.32300000000000006
-5721.523433253562 0.6084999999999999 0.091 0.3005000000000001
-5709.718238228253 0.6084999999999999 0.11349999999999999 0.2780000000000001
-5691.05983281124 0.6084999999999999 0.136 0.25550000000000006
-5665.492584556743 0.6084999999999999 0.1585 0.23300000000000007
-5636.814862264742 0.6084999999999999 0.181 0.21050000000000008
-5605.051379524299 0.6084999999999999 0.2035 0.18800000000000008
-5586.18685359097 0.6084999999999999 0.22599999999999998 0.1655000000000001
-5551.267162674262 0.6084999999999999 0.2485 0.14300000000000007
-5521.412792210862 0.6084999999999999 0.271 0.12050000000000005
-5498.887252456559 0.6084999999999999 0.2935 0.09800000000000009
-5469.634914489435 0.6084999999999999 0.316 0.07550000000000007
-5439.337412893678 0.6084999999999999 0.33849999999999997 0.0530000000000001
-5403.746611101427 0.6084999999999999 0.361 0.030500000000000083
-5367.329938654936 0.6084999999999999 0.391 0.000500000000000056
-5094.206566160858 0.631 0.001 0.368
-5830.624935655368 0.631 0.0235 0.3455
-5831.634581721353 0.631 0.046 0.323
-5819.116363919861 0.631 0.0685 0.3005
-5811.9725108966 0.631 0.091 0.278
-5806.780115102464 0.631 0.11349999999999999 0.2555
-5775.111700145635 0.631 0.136 0.23299999999999998
-5748.663147989735 0.631 0.1585 0.2105
-5716.259620655285 0.631 0.181 0.188
-5687.080608987954 0.631 0.2035 0.1655
-5664.3273735499915 0.631 0.22599999999999998 0.14300000000000002
-5635.975672591381 0.631 0.2485 0.1205
-5614.330106513063 0.631 0.271 0.09799999999999998
-5583.35259773346 0.631 0.2935 0.07550000000000001
-5562.10186818063 0.631 0.316 0.05299999999999999
-5525.045342145197 0.631 0.33849999999999997 0.030500000000000027
-5483.824728175893 0.631 0.368 0.0010000000000000009
-5499.943671898336 0.6535 0.001 0.34550000000000003
-5927.913403642586 0.6535 0.0235 0.323
-5924.968772375338 0.6535 0.046 0.30050000000000004
-5917.88571658401 0.6535 0.0685 0.278
-5908.450676490129 0.6535 0.091 0.25550000000000006
-5886.874938118128 0.6535 0.11349999999999999 0.23300000000000004
-5865.66552125408 0.6535 0.136 0.21050000000000002
-5838.003532972046 0.6535 0.1585 0.18800000000000003
-5809.094689500813 0.6535 0.181 0.16550000000000004
-5789.5028797853365 0.6535 0.2035 0.14300000000000004
-5751.649314318154 0.6535 0.22599999999999998 0.12050000000000005
-5725.820640806626 0.6535 0.2485 0.09800000000000003
-5699.058923770869 0.6535 0.271 0.07550000000000001
-5663.178666702727 0.6535 0.2935 0.05300000000000005
-5640.833888062155 0.6535 0.316 0.030500000000000027
-5603.153454198763 0.6535 0.34600000000000003 0.0005000000000000004
