-5007.194967129371 0.4735 0.001 0.5255
-5175.991181996138 0.4735 0.0235 0.503
-5180.137360002965 0.4735 0.046 0.4805
-5174.785152705774 0.4735 0.0685 0.45799999999999996
-5167.985267295011 0.4735 0.091 0.4355
-5165.93652051683 0.4735 0.11349999999999999 0.413
-5163.315916221935 0.4735 0.136 0.39049999999999996
-5141.504982712474 0.4735 0.1585 0.368
-5117.466379390739 0.4735 0.181 0.3455
-5090.78831893577 0.4735 0.2035 0.32299999999999995
-5064.228433982084 0.4735 0.22599999999999998 0.3005
-5038.778190948689 0.4735 0.2485 0.27799999999999997
-5012.073517928793 0.4735 0.271 0.25549999999999995
-4978.561429826643 0.4735 0.2935 0.23299999999999998
-4955.524121275459 0.4735 0.316 0.21049999999999996
-4933.228412637895 0.4735 0.33849999999999997 0.188
-4899.839146921243 0.4735 0.361 0.16549999999999998
-4871.9904298652355 0.4735 0.3835 0.14299999999999996
-4839.750625759486 0.4735 0.40599999999999997 0.1205
-4810.343239133628 0.4735 0.4285 0.09799999999999998
-4777.742285405272 0.4735 0.45099999999999996 0.07550000000000001
-4751.603469307291 0.4735 0.4735 0.05299999999999999
-4713.75514914729 0.4735 0.496 0.03049999999999997
-4670.971430693801 0.4735 0.526 0.0004999999999999449
-5195.629839257001 0.496 0.001 0.503
-5262.167719555883 0.496 0.0235 0.4805
-5259.857312166199 0.496 0.046 0.458
-5262.890189001118 0.496 0.0685 0.4355
-5262.6616882724975 0.496 0.091 0.41300000000000003
-5255.594291532812 0.496 0.11349999999999999 0.3905
-5255.995665731612 0.496 0.136 0.368
-5214.296294258221 0.496 0.1585 0.34550000000000003
-5190.481466542445 0.496 0.181 0.323
-5173.1979353462375 0.496 0.2035 0.3005
-5148.3237990168545 0.496 0.22599999999999998 0.278
-5122.220441885417 0.496 0.2485 0.2555
-5093.53902942516 0.496 0.271 0.23299999999999998
-5068.893236712991 0.496 0.2935 0.21050000000000002
-5035.0421997410685 0.496 0.316 0.188
-5008.156829993199 0.496 0.33849999999999997 0.16550000000000004
-4978.48008481036 0.496 0.361 0.14300000000000002
-4961.573127337029 0.496 0.3835 0.1205
-4930.285128803691 0.496 0.40599999999999997 0.09800000000000003
-4891.338652824533 0.496 0.4285 0.07550000000000001
-4858.263779118815 0.496 0.45099999999999996 0.05300000000000005
-4822.760721387167 0.496 0.4735 0.030500000000000027
-4798.947290935274 0.496 0.503 0.0010000000000000009
-5001.754511436 0.5185 0.001 0.48050000000000004
-5360.0565022079645 0.5185 0.0235 0.458
-5355.771877721415 0.5185 0.046 0.43550000000000005
-5360.1704241543075 0.5185 0.0685 0.41300000000000003
-5351.033118177288 0.5185 0.091 0.39050000000000007
-5348.551656188015 0.5185 0.11349999999999999 0.36800000000000005
-5339.204310128491 0.5185 0.136 0.34550000000000003
-5316.119668939149 0.5185 0.1585 0.32300000000000006
-5291.646288025159 0.5185 0.181 0.30050000000000004
-5261.634730520256 0.5185 0.2035 0.278
-5235.261110006935 0.5185 0.22599999999999998 0.25550000000000006
-5204.337029827705 0.5185 0.2485 0.23300000000000004
-5175.130472360865 0.5185 0.271 0.21050000000000002
-5148.146376861122 0.5185 0.2935 0.18800000000000006
-5116.1397239356 0.5185 0.316 0.16550000000000004
-5091.556033994745 0.5185 0.33849999999999997 0.14300000000000007
-5068.534367651711 0.5185 0.361 0.12050000000000005
-5034.031513610655 0.5185 0.3835 0.09800000000000003
-5006.927180186897 0.5185 0.40599999999999997 0.07550000000000007
-4986.789225897762 0.5185 0.4285 0.05300000000000005
-4946.471398680307 0.5185 0.45099999999999996 0.030500000000000083
-4903.224179070796 0.5185 0.481 0.000500000000000056
