-3206.6791443183834 0.001 0.001 0.998
-3215.7142092239455 0.001 0.0235 0.9755
-3224.5699963765346 0.001 0.046 0.953
-3233.152759013161 0.001 0.0685 0.9305
-3241.336338303239 0.001 0.091 0.908
-3248.726445252711 0.001 0.11349999999999999 0.8855
-3255.9025580747875 0.001 0.136 0.863
-3262.360535226602 0.001 0.1585 0.8405
-3268.285985835815 0.001 0.181 0.8180000000000001
-3274.1333192570114 0.001 0.2035 0.7955
-3277.8204260387465 0.001 0.22599999999999998 0.773
-3281.029114210554 0.001 0.2485 0.7505
-3282.7058838317594 0.001 0.271 0.728
-3258.6105869433827 0.001 0.2935 0.7055
-3225.2382053633687 0.001 0.316 0.683
-3194.5820158396186 0.001 0.33849999999999997 0.6605000000000001
-3170.274575319763 0.001 0.361 0.638
-3141.526492177428 0.001 0.3835 0.6154999999999999
-3115.2003956330136 0.001 0.40599999999999997 0.593
-3089.5660019255374 0.001 0.4285 0.5705
-3060.277558458596 0.001 0.45099999999999996 0.548
-3031.8152766158055 0.001 0.4735 0.5255000000000001
-3003.391505865337 0.001 0.496 0.503
-2974.8310315578965 0.001 0.5185 0.48050000000000004
-2945.249185973337 0.001 0.541 0.45799999999999996
-2918.3536994798105 0.001 0.5635 0.4355
-2894.6853330626727 0.001 0.586 0.41300000000000003
-2868.340222033436 0.001 0.6084999999999999 0.39050000000000007
-2830.61397991466 0.001 0.631 0.368
-2802.745744535729 0.001 0.6535 0.34550000000000003
-2777.0999853392937 0.001 0.6759999999999999 0.32300000000000006
-2750.3982681712373 0.001 0.6985 0.3005
-2718.515923511169 0.001 0.721 0.278
-2686.998099575126 0.001 0.7434999999999999 0.25550000000000006
-2658.0543846668397 0.001 0.766 0.23299999999999998
-2626.661890132031 0.001 0.7885 0.21050000000000002
-2597.0927525231896 0.001 0.8109999999999999 0.18800000000000006
-2566.8500341737213 0.001 0.8335 0.16549999999999998
-2534.1398903140453 0.001 0.856 0.14300000000000002
-2505.0218136517233 0.001 0.8785 0.12050000000000005
-2475.4219681533646 0.001 0.9009999999999999 0.09800000000000009
-2444.615196615437 0.001 0.9235 0.07550000000000001
-2413.089644675859 0.001 0.946 0.05300000000000005
-2381.808650148285 0.001 0.9684999999999999 0.030500000000000083
-2342.0110969860984 0.001 0.998 0.0010000000000000009
-3223.577904736792 0.0235 0.001 0.9755
-3232.5566508608217 0.0235 0.0235 0.9530000000000001
-3241.3670833162228 0.0235 0.046 0.9305
-3249.493439858954 0.0235 0.0685 0.908
-3257.529399418623 0.0235 0.091 0.8855000000000001
-3264.289596141486 0.0235 0.11349999999999999 0.863
-3270.938186965864 0.0235 0.136 0.8405
-3276.170047531989 0.0235 0.1585 0.8180000000000001
-3280.777256804386 0.0235 0.181 0.7955000000000001
-3284.25389731158 0.0235 0.2035 0.773
-3286.43938917058 0.0235 0.22599999999999998 0.7505000000000001
-3286.348094105357 0.0235 0.2485 0.728
-3323.5359970311342 0.0235 0.271 0.7055
-3289.096875015066 0.0235 0.2935 0.683
-3301.2244283762916 0.0235 0.316 0.6605000000000001
-3278.508902832732 0.0235 0.33849999999999997 0.6380000000000001
-3250.908213183549 0.0235 0.361 0.6155
-3221.8726272772788 0.0235 0.3835 0.593
-3199.2969515307946 0.0235 0.40599999999999997 0.5705
-3165.7440926743743 0.0235 0.4285 0.548
-3138.1721580682665 0.0235 0.45099999999999996 0.5255000000000001
-3111.5814869060937 0.0235 0.4735 0.5030000000000001
-3081.4307491653512 0.0235 0.496 0.48050000000000004
-3051.693584214421 0.0235 0.5185 0.4580000000000001
-3025.88171120211 0.0235 0.541 0.4355
-3000.5491212649613 0.0235 0.5635 0.41300000000000003
-2971.0619923024087 0.0235 0.586 0.39050000000000007
-2939.764534816609 0.0235 0.6084999999999999 0.3680000000000001
-2910.7687716890546 0.0235 0.631 0.34550000000000003
-2883.327709997875 0.0235 0.6535 0.32300000000000006
-2853.301203994389 0.0235 0.6759999999999999 0.3005000000000001
-2823.1763174105636 0.0235 0.6985 0.278
-2793.037864792871 0.0235 0.721 0.25550000000000006
-2764.7426026361063 0.0235 0.7434999999999999 0.2330000000000001
-2732.067559527937 0.0235 0.766 0.21050000000000002
-2702.7746868448035 0.0235 0.7885 0.18800000000000006
-2675.3154647814395 0.0235 0.8109999999999999 0.1655000000000001
-2643.6554257945563 0.0235 0.8335 0.14300000000000002
-2611.1420679451726 0.0235 0.856 0.12050000000000005
-2582.7335725658477 0.0235 0.8785 0.09800000000000009
-2549.884375141291 0.0235 0.9009999999999999 0.07550000000000012
-2520.9208700997756 0.0235 0.9235 0.05300000000000005
-2489.0047908045794 0.0235 0.946 0.030500000000000083
-2448.7013265616256 0.0235 0.976 0.000500000000000056
-3240.7417212806517 0.046 0.001 0.953
-3249.626792819525 0.046 0.0235 0.9305
-3258.177506270596 0.046 0.046 0.9079999999999999
-3265.9460431195653 0.046 0.0685 0.8855
-3272.8513848552375 0.046 0.091 0.863
-3321.9676013726153 0.046 0.11349999999999999 0.8405
-3326.8901723047875 0.046 0.136 0.818
-3287.64965142957 0.046 0.1585 0.7955
-3290.811727836587 0.046 0.181 0.7729999999999999
-3381.2829312764607 0.046 0.2035 0.7505
-3427.3689290916836 0.046 0.22599999999999998 0.728
-3445.9702345672913 0.046 0.2485 0.7055
-3443.4367755035328 0.046 0.271 0.6829999999999999
-3408.404043856002 0.046 0.2935 0.6605
-3379.2361758342036 0.046 0.316 0.6379999999999999
-3351.72868749834 0.046 0.33849999999999997 0.6154999999999999
-3321.192755129718 0.046 0.361 0.593
-3296.1782275356545 0.046 0.3835 0.5705
-3269.481115395317 0.046 0.40599999999999997 0.548
-3246.712658934899 0.046 0.4285 0.5255
-3219.7112960359937 0.046 0.45099999999999996 0.503
-3188.341304350162 0.046 0.4735 0.4805
-3158.323446534534 0.046 0.496 0.45799999999999996
-3129.1011349685773 0.046 0.5185 0.4355
-3102.059155166249 0.046 0.541 0.4129999999999999
-3074.872677430169 0.046 0.5635 0.39049999999999996
-3044.5167607519634 0.046 0.586 0.368
-3014.124521204812 0.046 0.6084999999999999 0.34550000000000003
-2985.748221054313 0.046 0.631 0.32299999999999995
-2957.756830809929 0.046 0.6535 0.3005
-2928.817181559069 0.046 0.6759999999999999 0.278
-2897.6086593249993 0.046 0.6985 0.25549999999999995
-2868.557023911292 0.046 0.721 0.23299999999999998
-2834.3390901454886 0.046 0.7434999999999999 0.21050000000000002
-2812.1875234471345 0.046 0.766 0.18799999999999994
-2779.440601326421 0.046 0.7885 0.16549999999999998
-2743.2979799419163 0.046 0.8109999999999999 0.14300000000000002
-2719.511676060713 0.046 0.8335 0.12049999999999994
-2687.6731065838994 0.046 0.856 0.09799999999999998
-2656.593140573871 0.046 0.8785 0.07550000000000001
-2626.497683812401 0.046 0.9009999999999999 0.05300000000000005
-2593.8584395940416 0.046 0.9235 0.03049999999999997
-2554.414279661082 0.046 0.9530000000000001 0.0009999999999998899
