-6887.7474865804925 0.8785 0.001 0.12050000000000005
-6880.480843482584 0.8785 0.0235 0.09800000000000006
-6864.802548630084 0.8785 0.046 0.07550000000000005
-6838.950469700249 0.8785 0.0685 0.05300000000000005
-6811.834353408482 0.8785 0.091 0.030500000000000055
-6774.517220325827 0.8785 0.121 0.000500000000000056
-6993.71652967811 0.9009999999999999 0.001 0.09800000000000009
-6983.569710420463 0.9009999999999999 0.0235 0.0755000000000001
-6960.978780566645 0.9009999999999999 0.046 0.05300000000000009
-6933.141271502933 0.9009999999999999 0.0685 0.030500000000000083
-6894.895548040944 0.9009999999999999 0.099 8.326672684688674e-17
-7084.030114681381 0.9235 0.001 0.07550000000000001
-7077.545032582818 0.9235 0.0235 0.05300000000000001
-7048.994454126739 0.9235 0.046 0.030500000000000013
-7012.798530681895 0.9235 0.076 0.0005000000000000143
