-5477.034617509721 0.6759999999999999 0.001 0.32300000000000006
-6034.604159058946 0.6759999999999999 0.0235 0.30050000000000004
-6031.287341060587 0.6759999999999999 0.046 0.2780000000000001
-6024.314776802107 0.6759999999999999 0.0685 0.25550000000000006
-6008.302957162619 0.6759999999999999 0.091 0.23300000000000007
-5982.683748306474 0.6759999999999999 0.11349999999999999 0.21050000000000008
-5955.536220622839 0.6759999999999999 0.136 0.18800000000000006
-5912.951261550954 0.6759999999999999 0.1585 0.16550000000000006
-5905.022660213206 0.6759999999999999 0.181 0.14300000000000007
-5871.386051793552 0.6759999999999999 0.2035 0.12050000000000008
-5851.728469983801 0.6759999999999999 0.22599999999999998 0.09800000000000009
-5818.533290695642 0.6759999999999999 0.2485 0.07550000000000007
-5791.0942927972965 0.6759999999999999 0.271 0.05300000000000005
-5756.742709801968 0.6759999999999999 0.2935 0.030500000000000083
-5720.258305730008 0.6759999999999999 0.324 5.551115123125783e-17
-5770.233487270437 0.6985 0.001 0.3005
-6126.2104248946325 0.6985 0.0235 0.27799999999999997
-6116.488102602099 0.6985 0.046 0.2555
-6110.160619487228 0.6985 0.0685 0.23299999999999998
-6096.6809214367695 0.6985 0.091 0.2105
-6066.00799985072 0.6985 0.11349999999999999 0.188
-6041.943650791706 0.6985 0.136 0.16549999999999998
-6014.545537132973 0.6985 0.1585 0.143
-5981.829373872218 0.6985 0.181 0.1205
-5956.341589060455 0.6985 0.2035 0.098
-5931.792025885752 0.6985 0.22599999999999998 0.07550000000000001
-5903.615383657895 0.6985 0.2485 0.05299999999999999
-5870.672940353608 0.6985 0.271 0.03049999999999997
-5837.180025808539 0.6985 0.301 0.0005000000000000004
-5704.548685366407 0.721 0.001 0.278
-6212.01666476082 0.721 0.0235 0.2555
-6205.814893027199 0.721 0.046 0.23300000000000004
-6195.265100263682 0.721 0.0685 0.21050000000000002
-6179.331144984247 0.721 0.091 0.18800000000000003
-6148.302374435345 0.721 0.11349999999999999 0.16550000000000004
-6125.808618910979 0.721 0.136 0.14300000000000002
-6105.33319050764 0.721 0.1585 0.12050000000000002
-6068.424191917675 0.721 0.181 0.09800000000000003
-6041.243980057111 0.721 0.2035 0.07550000000000004
-6011.329389617802 0.721 0.22599999999999998 0.05300000000000005
-5983.316644386851 0.721 0.2485 0.030500000000000027
-5948.187174383778 0.721 0.278 0.0010000000000000009
