-3346.7924774956155 0.136 0.001 0.863
-3481.46222698494 0.136 0.0235 0.8405
-3618.664660436811 0.136 0.046 0.818
-3622.981664107775 0.136 0.0685 0.7955
-3790.841382735369 0.136 0.091 0.773
-3795.038989129805 0.136 0.11349999999999999 0.7505
-3797.3199813034375 0.136 0.136 0.728
-3802.1126430753193 0.136 0.1585 0.7055
-3803.0876067482563 0.136 0.181 0.683
-3804.8733277824417 0.136 0.2035 0.6605
-3803.0563542328437 0.136 0.22599999999999998 0.638
-3793.200440531659 0.136 0.2485 0.6154999999999999
-3764.9844715114737 0.136 0.271 0.593
-3736.168996295264 0.136 0.2935 0.5705
-3709.472866843454 0.136 0.316 0.548
-3678.9952214169825 0.136 0.33849999999999997 0.5255000000000001
-3656.6034381717595 0.136 0.361 0.503
-3626.224423629091 0.136 0.3835 0.4805
-3596.4281736104617 0.136 0.40599999999999997 0.458
-3569.729718094192 0.136 0.4285 0.4355
-3545.1405161264465 0.136 0.45099999999999996 0.41300000000000003
-3516.892646268842 0.136 0.4735 0.3905
-3487.6157794557935 0.136 0.496 0.368
-3459.898458781377 0.136 0.5185 0.34550000000000003
-3426.858070162979 0.136 0.541 0.32299999999999995
-3397.6265344621156 0.136 0.5635 0.3005
-3368.8195474095864 0.136 0.586 0.278
-3340.9842194839152 0.136 0.6084999999999999 0.25550000000000006
-3300.0274439075824 0.136 0.631 0.23299999999999998
-3283.5792347601264 0.136 0.6535 0.21050000000000002
-3250.3030848226877 0.136 0.6759999999999999 0.18800000000000006
-3217.848963487958 0.136 0.6985 0.16549999999999998
-3188.06616075055 0.136 0.721 0.14300000000000002
-3164.405205603177 0.136 0.7434999999999999 0.12050000000000005
-3130.737439392268 0.136 0.766 0.09799999999999998
-3099.189012685788 0.136 0.7885 0.07550000000000001
-3070.030265304739 0.136 0.8109999999999999 0.05300000000000005
-3039.258702575037 0.136 0.8335 0.03049999999999997
-2997.5897558025263 0.136 0.863 0.0010000000000000009
-3578.1092875569802 0.1585 0.001 0.8405
-3711.1196416461366 0.1585 0.0235 0.8180000000000001
-3863.6420717295305 0.1585 0.046 0.7955
-3812.6216947013404 0.1585 0.0685 0.773
-3878.243075780932 0.1585 0.091 0.7505000000000001
-3883.120175053187 0.1585 0.11349999999999999 0.728
-3864.7600638336626 0.1585 0.136 0.7055
-3883.3393390029005 0.1585 0.1585 0.683
-3886.7186622150107 0.1585 0.181 0.6605000000000001
-3890.2690603216834 0.1585 0.2035 0.638
-3884.6143716810434 0.1585 0.22599999999999998 0.6155
-3866.5171714708513 0.1585 0.2485 0.593
-3839.0077085613793 0.1585 0.271 0.5705
-3812.535330789884 0.1585 0.2935 0.548
-3784.423821698295 0.1585 0.316 0.5255000000000001
-3759.105472010641 0.1585 0.33849999999999997 0.5030000000000001
-3732.4437229278774 0.1585 0.361 0.48050000000000004
-3706.6749268016797 0.1585 0.3835 0.458
-3677.712783325764 0.1585 0.40599999999999997 0.43550000000000005
-3647.9609341069686 0.1585 0.4285 0.41300000000000003
-3617.9079585756067 0.1585 0.45099999999999996 0.39050000000000007
-3589.434556389551 0.1585 0.4735 0.36800000000000005
-3563.061113389895 0.1585 0.496 0.34550000000000003
-3531.8700989746712 0.1585 0.5185 0.32300000000000006
-3505.9359912534937 0.1585 0.541 0.3005
-3478.7279643589754 0.1585 0.5635 0.278
-3444.833718303687 0.1585 0.586 0.25550000000000006
-3417.283120714355 0.1585 0.6084999999999999 0.2330000000000001
-3392.3369410128694 0.1585 0.631 0.21050000000000002
-3358.7712576257386 0.1585 0.6535 0.18800000000000006
-3327.11894029332 0.1585 0.6759999999999999 0.1655000000000001
-3297.699557774383 0.1585 0.6985 0.14300000000000002
-3266.6238484394066 0.1585 0.721 0.12050000000000005
-3237.528143321669 0.1585 0.7434999999999999 0.09800000000000009
-3205.767475528518 0.1585 0.766 0.07550000000000001
-3180.2684010114153 0.1585 0.7885 0.05300000000000005
-3143.448963951485 0.1585 0.8109999999999999 0.030500000000000083
-3097.5226632531717 0.1585 0.841 0.000500000000000056
-3763.424262439103 0.181 0.001 0.818
-3858.8033751171006 0.181 0.0235 0.7955
-3952.586001377242 0.181 0.046 0.7729999999999999
-3959.479742345344 0.181 0.0685 0.7505
-3969.1966699635773 0.181 0.091 0.728
-3961.8480909041905 0.181 0.11349999999999999 0.7055
-3966.3344407420773 0.181 0.136 0.6829999999999999
-3968.037893137911 0.181 0.1585 0.6605
-3973.444921106431 0.181 0.181 0.6379999999999999
-3983.589110164886 0.181 0.2035 0.6154999999999999
-3970.6109009529728 0.181 0.22599999999999998 0.593
-3946.30204779603 0.181 0.2485 0.5705
-3921.102621529633 0.181 0.271 0.5479999999999999
-3894.3539975796175 0.181 0.2935 0.5255
-3865.963371191537 0.181 0.316 0.5029999999999999
-3838.791204857659 0.181 0.33849999999999997 0.4805
-3815.37587799535 0.181 0.361 0.45799999999999996
-3786.4929267523507 0.181 0.3835 0.43549999999999994
-3755.6495494745805 0.181 0.40599999999999997 0.413
-3726.119701577208 0.181 0.4285 0.39049999999999996
-3700.079460695326 0.181 0.45099999999999996 0.368
-3673.559315165962 0.181 0.4735 0.3455
-3641.2981415977065 0.181 0.496 0.32299999999999995
-3613.1116607060744 0.181 0.5185 0.3005
-3589.8502762634766 0.181 0.541 0.2779999999999999
-3553.2133911546202 0.181 0.5635 0.25549999999999995
-3524.9147157662096 0.181 0.586 0.23299999999999998
-3498.5406441340433 0.181 0.6084999999999999 0.21050000000000002
-3466.34299937695 0.181 0.631 0.18799999999999994
-3441.438382363024 0.181 0.6535 0.16549999999999998
-3412.8297545373302 0.181 0.6759999999999999 0.14300000000000002
-3379.962274438427 0.181 0.6985 0.12049999999999994
-3350.377992429031 0.181 0.721 0.09799999999999998
-3316.7069677256504 0.181 0.7434999999999999 0.07550000000000001
-3287.745200288851 0.181 0.766 0.052999999999999936
-3255.6470388954144 0.181 0.7885 0.03049999999999997
-3213.3549741526276 0.181 0.8180000000000001 0.0009999999999998899
