-4231.645889603465 0.271 0.001 0.728
-4199.336078422899 0.271 0.0235 0.7055
-4282.449954985593 0.271 0.046 0.6829999999999999
-4333.484113998879 0.271 0.0685 0.6605
-4337.755450792933 0.271 0.091 0.638
-4339.221145411497 0.271 0.11349999999999999 0.6154999999999999
-4335.172068114815 0.271 0.136 0.593
-4340.252877242445 0.271 0.1585 0.5705
-4332.427704463779 0.271 0.181 0.548
-4328.9351171951985 0.271 0.2035 0.5255
-4305.520005308383 0.271 0.22599999999999998 0.503
-4277.864377685367 0.271 0.2485 0.4805
-4253.605866340033 0.271 0.271 0.45799999999999996
-4220.61025801495 0.271 0.2935 0.4355
-4200.154219787355 0.271 0.316 0.413
-4168.453030780649 0.271 0.33849999999999997 0.3905
-4132.587072714559 0.271 0.361 0.368
-4111.519202697656 0.271 0.3835 0.3455
-4081.775993337942 0.271 0.40599999999999997 0.323
-4059.004386304258 0.271 0.4285 0.3005
-4027.3601203525927 0.271 0.45099999999999996 0.278
-3999.1596628400725 0.271 0.4735 0.2555
-3963.6490854302942 0.271 0.496 0.23299999999999998
-3938.677533077868 0.271 0.5185 0.21050000000000002
-3913.802546807765 0.271 0.541 0.18799999999999994
-3880.9023475004874 0.271 0.5635 0.16549999999999998
-3851.6411501438333 0.271 0.586 0.14300000000000002
-3824.6173757124543 0.271 0.6084999999999999 0.12050000000000005
-3790.908189958166 0.271 0.631 0.09799999999999998
-3766.0885109683404 0.271 0.6535 0.07550000000000001
-3731.3277315452046 0.271 0.6759999999999999 0.05300000000000005
-3707.1954198287494 0.271 0.6985 0.03049999999999997
-3662.1041281509683 0.271 0.728 0.0010000000000000009
-4219.148201178011 0.2935 0.001 0.7055
-4338.762784272611 0.2935 0.0235 0.683
-4415.923802612866 0.2935 0.046 0.6605
-4425.521062995865 0.2935 0.0685 0.638
-4427.965385090655 0.2935 0.091 0.6155
-4431.5242791159935 0.2935 0.11349999999999999 0.593
-4426.991395121087 0.2935 0.136 0.5705
-4425.46028971091 0.2935 0.1585 0.548
-4419.003647381913 0.2935 0.181 0.5255000000000001
-4413.798997498581 0.2935 0.2035 0.503
-4384.648248638875 0.2935 0.22599999999999998 0.48050000000000004
-4355.54969771942 0.2935 0.2485 0.458
-4330.6155455730195 0.2935 0.271 0.4355
-4308.284228114033 0.2935 0.2935 0.41300000000000003
-4277.607150968127 0.2935 0.316 0.3905
-4249.307855768925 0.2935 0.33849999999999997 0.36800000000000005
-4219.9996283496785 0.2935 0.361 0.34550000000000003
-4197.616538713292 0.2935 0.3835 0.323
-4167.537594871562 0.2935 0.40599999999999997 0.30050000000000004
-4140.954384098153 0.2935 0.4285 0.278
-4110.425672616364 0.2935 0.45099999999999996 0.25550000000000006
-4077.7860330003364 0.2935 0.4735 0.23300000000000004
-4052.8925277522358 0.2935 0.496 0.21050000000000002
-4024.795257340988 0.2935 0.5185 0.18800000000000006
-3990.6663145084876 0.2935 0.541 0.16549999999999998
-3966.9909478069035 0.2935 0.5635 0.14300000000000002
-3943.848933990745 0.2935 0.586 0.12050000000000005
-3906.14580184238 0.2935 0.6084999999999999 0.09800000000000009
-3873.50795335375 0.2935 0.631 0.07550000000000001
-3845.2307342874797 0.2935 0.6535 0.05300000000000005
-3813.8195539310564 0.2935 0.6759999999999999 0.030500000000000083
-3773.068560976334 0.2935 0.706 0.000500000000000056
-4322.838293669977 0.316 0.001 0.6829999999999999
-4517.377525798901 0.316 0.0235 0.6605
-4519.531706114708 0.316 0.046 0.6379999999999999
-4518.900430472977 0.316 0.0685 0.6154999999999999
-4524.4022447805155 0.316 0.091 0.593
-4520.859203198628 0.316 0.11349999999999999 0.5705
-4520.056993973868 0.316 0.136 0.5479999999999999
-4514.564776718643 0.316 0.1585 0.5255
-4509.554315887253 0.316 0.181 0.5029999999999999
-4496.623576312712 0.316 0.2035 0.4804999999999999
-4472.249879438223 0.316 0.22599999999999998 0.45799999999999996
-4446.326424898656 0.316 0.2485 0.43549999999999994
-4417.771216502732 0.316 0.271 0.4129999999999999
-4391.464177585094 0.316 0.2935 0.39049999999999996
-4364.394775234268 0.316 0.316 0.36799999999999994
-4335.83615467987 0.316 0.33849999999999997 0.3455
-4307.967016048354 0.316 0.361 0.32299999999999995
-4281.588525190898 0.316 0.3835 0.30049999999999993
-4248.637404005524 0.316 0.40599999999999997 0.27799999999999997
-4220.474734294861 0.316 0.4285 0.25549999999999995
-4194.93660451075 0.316 0.45099999999999996 0.23299999999999998
-4167.176179633989 0.316 0.4735 0.21049999999999996
-4142.4105060032425 0.316 0.496 0.18799999999999994
-4107.771784423361 0.316 0.5185 0.16549999999999998
-4075.5366850873884 0.316 0.541 0.1429999999999999
-4044.3464307487325 0.316 0.5635 0.12049999999999994
-4018.41147762792 0.316 0.586 0.09799999999999998
-3985.6908925142807 0.316 0.6084999999999999 0.07550000000000001
-3960.4340863762677 0.316 0.631 0.052999999999999936
-3919.4954156143017 0.316 0.6535 0.03049999999999997
-3888.8716314335384 0.316 0.683 0.0009999999999998899
