-3258.133172696938 0.0685 0.001 0.9305
-3266.9341640517614 0.0685 0.0235 0.908
-3274.553270155428 0.0685 0.046 0.8855
-3281.7981909305213 0.0685 0.0685 0.863
-3329.712231853651 0.0685 0.091 0.8405
-3421.4423173308196 0.0685 0.11349999999999999 0.8180000000000001
-3382.0033127058605 0.0685 0.136 0.7955
-3429.916714960207 0.0685 0.1585 0.773
-3520.9498483956227 0.0685 0.181 0.7505
-3532.943950968959 0.0685 0.2035 0.728
-3531.100878277937 0.0685 0.22599999999999998 0.7055
-3532.007704462155 0.0685 0.2485 0.683
-3520.3166093525383 0.0685 0.271 0.6605
-3485.814486222695 0.0685 0.2935 0.638
-3462.6622766334376 0.0685 0.316 0.6154999999999999
-3435.2566729782316 0.0685 0.33849999999999997 0.593
-3406.1182836761263 0.0685 0.361 0.5705
-3381.5397139955166 0.0685 0.3835 0.548
-3353.9425440812943 0.0685 0.40599999999999997 0.5255000000000001
-3324.5601910327255 0.0685 0.4285 0.503
-3295.518160580946 0.0685 0.45099999999999996 0.48050000000000004
-3265.279643729758 0.0685 0.4735 0.458
-3238.364439000203 0.0685 0.496 0.4355
-3207.88071165907 0.0685 0.5185 0.41300000000000003
-3181.9347989263056 0.0685 0.541 0.39049999999999996
-3150.887181109045 0.0685 0.5635 0.368
-3123.296039029521 0.0685 0.586 0.34550000000000003
-3092.874044444675 0.0685 0.6084999999999999 0.32300000000000006
-3065.8842090054136 0.0685 0.631 0.3005
-3035.9248606569713 0.0685 0.6535 0.278
-3010.3142163873595 0.0685 0.6759999999999999 0.25550000000000006
-2976.892746919014 0.0685 0.6985 0.23299999999999998
-2949.338671686616 0.0685 0.721 0.21050000000000002
-2916.777880212849 0.0685 0.7434999999999999 0.18800000000000006
-2887.3127747674744 0.0685 0.766 0.16549999999999998
-2858.5959923151795 0.0685 0.7885 0.14300000000000002
-2826.2808680570206 0.0685 0.8109999999999999 0.12050000000000005
-2793.976813430505 0.0685 0.8335 0.09799999999999998
-2766.1519863305803 0.0685 0.856 0.07550000000000001
-2734.7391733066515 0.0685 0.8785 0.05300000000000005
-2703.147140282887 0.0685 0.9009999999999999 0.030500000000000083
-2664.3186134549464 0.0685 0.931 0.0004999999999999449
-3317.9363718127997 0.091 0.001 0.908
-3282.698452953596 0.091 0.0235 0.8855000000000001
-3289.555552683458 0.091 0.046 0.863
-3337.822681688353 0.091 0.0685 0.8405
-3385.2496919081805 0.091 0.091 0.8180000000000001
-3519.8410986830736 0.091 0.11349999999999999 0.7955000000000001
-3523.589827777731 0.091 0.136 0.773
-3615.3434900322773 0.091 0.1585 0.7505000000000001
-3620.3323855314748 0.091 0.181 0.728
-3619.88603874744 0.091 0.2035 0.7055
-3624.9809829486107 0.091 0.22599999999999998 0.683
-3622.5643208875526 0.091 0.2485 0.6605000000000001
-3602.9173933848892 0.091 0.271 0.638
-3572.4440654081577 0.091 0.2935 0.6155
-3543.252785410309 0.091 0.316 0.593
-3517.846099073801 0.091 0.33849999999999997 0.5705
-3493.41708406867 0.091 0.361 0.548
-3461.5935761723163 0.091 0.3835 0.5255000000000001
-3433.3765455377797 0.091 0.40599999999999997 0.5030000000000001
-3408.5946479827103 0.091 0.4285 0.48050000000000004
-3378.6460628297446 0.091 0.45099999999999996 0.4580000000000001
-3355.554076226828 0.091 0.4735 0.43550000000000005
-3322.051051713599 0.091 0.496 0.41300000000000003
-3294.640280673966 0.091 0.5185 0.39050000000000007
-3266.3737304050856 0.091 0.541 0.368
-3234.304851708078 0.091 0.5635 0.34550000000000003
-3205.3357587467194 0.091 0.586 0.32300000000000006
-3180.0400688070495 0.091 0.6084999999999999 0.3005000000000001
-3148.2018319198814 0.091 0.631 0.278
-3120.220884617578 0.091 0.6535 0.25550000000000006
-3089.353925217336 0.091 0.6759999999999999 0.2330000000000001
-3060.94138432762 0.091 0.6985 0.21050000000000002
-3029.1574625166445 0.091 0.721 0.18800000000000006
-2999.4590056807833 0.091 0.7434999999999999 0.1655000000000001
-2967.6028775394607 0.091 0.766 0.14300000000000002
-2940.753512229987 0.091 0.7885 0.12050000000000005
-2907.9045332170367 0.091 0.8109999999999999 0.09800000000000009
-2876.4524097075573 0.091 0.8335 0.07550000000000001
-2846.951730614156 0.091 0.856 0.05300000000000005
-2816.788933246789 0.091 0.8785 0.030500000000000083
-2775.3239603513043 0.091 0.908 0.0010000000000000009
-3289.5460908472833 0.11349999999999999 0.001 0.8855000000000001
-3296.952169380918 0.11349999999999999 0.0235 0.8630000000000001
-3431.829150734302 0.11349999999999999 0.046 0.8405
-3522.4498866425038 0.11349999999999999 0.0685 0.8180000000000001
-3658.388855704531 0.11349999999999999 0.091 0.7955000000000001
-3706.253068333954 0.11349999999999999 0.11349999999999999 0.7730000000000001
-3714.7346234354586 0.11349999999999999 0.136 0.7505000000000001
-3712.7113723567004 0.11349999999999999 0.1585 0.7280000000000001
-3718.938734437735 0.11349999999999999 0.181 0.7055
-3719.647129576569 0.11349999999999999 0.2035 0.683
-3719.7049960429063 0.11349999999999999 0.22599999999999998 0.6605000000000001
-3715.0708147893556 0.11349999999999999 0.2485 0.6380000000000001
-3679.2857106234137 0.11349999999999999 0.271 0.6155
-3657.7712692184336 0.11349999999999999 0.2935 0.5930000000000001
-3629.2766287367053 0.11349999999999999 0.316 0.5705
-3586.2568525573024 0.11349999999999999 0.33849999999999997 0.548
-3574.918030015842 0.11349999999999999 0.361 0.5255000000000001
-3546.9908528874594 0.11349999999999999 0.3835 0.5030000000000001
-3521.268862162671 0.11349999999999999 0.40599999999999997 0.4805000000000001
-3491.7814155787773 0.11349999999999999 0.4285 0.4580000000000001
-3464.6637582602484 0.11349999999999999 0.45099999999999996 0.4355000000000001
-3434.786270824048 0.11349999999999999 0.4735 0.4130000000000001
-3407.4193737798173 0.11349999999999999 0.496 0.39050000000000007
-3370.071325015943 0.11349999999999999 0.5185 0.3680000000000001
-3350.5297921055612 0.11349999999999999 0.541 0.34550000000000003
-3320.5445275277234 0.11349999999999999 0.5635 0.32300000000000006
-3289.0679562422615 0.11349999999999999 0.586 0.3005000000000001
-3259.283602794201 0.11349999999999999 0.6084999999999999 0.27800000000000014
-3231.663308140422 0.11349999999999999 0.631 0.25550000000000006
-3201.1794818360954 0.11349999999999999 0.6535 0.2330000000000001
-3180.890702847967 0.11349999999999999 0.6759999999999999 0.21050000000000013
-3141.8021530038286 0.11349999999999999 0.6985 0.18800000000000006
-3113.6144953852954 0.11349999999999999 0.721 0.1655000000000001
-3085.015263651113 0.11349999999999999 0.7434999999999999 0.14300000000000013
-3051.6340729714825 0.11349999999999999 0.766 0.12050000000000005
-3023.823417128706 0.11349999999999999 0.7885 0.09800000000000009
-2990.9935051230536 0.11349999999999999 0.8109999999999999 0.07550000000000012
-2960.861719259441 0.11349999999999999 0.8335 0.05300000000000005
-2929.770026385776 0.11349999999999999 0.856 0.030500000000000083
-2888.8574900683457 0.11349999999999999 0.886 0.000500000000000056
