-6601.118593319727 0.8109999999999999 0.001 0.18800000000000006
-6601.104326721065 0.8109999999999999 0.0235 0.16550000000000006
-6591.366861798484 0.8109999999999999 0.046 0.14300000000000007
-6566.9992953133915 0.8109999999999999 0.0685 0.12050000000000005
-6542.4715567455605 0.8109999999999999 0.091 0.09800000000000006
-6515.470039319853 0.8109999999999999 0.11349999999999999 0.07550000000000007
-6491.181199158542 0.8109999999999999 0.136 0.05300000000000005
-6457.717527295377 0.8109999999999999 0.1585 0.030500000000000055
-6420.968852481889 0.8109999999999999 0.189 5.551115123125783e-17
-6689.432336634232 0.8335 0.001 0.16549999999999998
-6689.226643983432 0.8335 0.0235 0.143
-6677.485660283868 0.8335 0.046 0.12049999999999998
-6655.154564537796 0.8335 0.0685 0.09799999999999998
-6632.468315113721 0.8335 0.091 0.07549999999999998
-6601.021601660371 0.8335 0.11349999999999999 0.05299999999999999
-6569.596490602371 0.8335 0.136 0.03049999999999997
-6528.055560960811 0.8335 0.166 0.0004999999999999727
-6785.902483381265 0.856 0.001 0.14300000000000002
-6782.562615636056 0.856 0.0235 0.12050000000000002
-6771.790465061843 0.856 0.046 0.09800000000000002
-6741.1292379007655 0.856 0.0685 0.07550000000000001
-6717.925071671447 0.856 0.091 0.05300000000000002
-6692.216154381029 0.856 0.11349999999999999 0.030500000000000027
-6652.329604540252 0.856 0.14300000000000002 0.0010000000000000009
