-5475.441171140407 0.5468 0.05 0.40320000000000006
-5461.389153545406 0.5468 0.0707 0.38250000000000006
-5444.47638092365 0.5468 0.0914 0.36180000000000007
-5431.095741540239 0.5468 0.11209999999999999 0.34110000000000007
-5412.7482661934155 0.5468 0.13279999999999997 0.3204000000000001
-5399.01211799613 0.5468 0.15349999999999997 0.2997000000000001
-5382.663115256699 0.5468 0.17419999999999997 0.2790000000000001
-5364.208460660504 0.5468 0.19489999999999996 0.2583000000000001
-5349.021837946796 0.5468 0.21559999999999996 0.2376000000000001
-5329.593228223159 0.5468 0.23629999999999995 0.2169000000000001
-5313.249709610212 0.5468 0.25699999999999995 0.1962000000000001
-5294.7370862286425 0.5468 0.27769999999999995 0.1755000000000001
-5274.117880805795 0.5468 0.29839999999999994 0.1548000000000001
-5257.584053544455 0.5468 0.31909999999999994 0.1341000000000001
-5235.219169882607 0.5468 0.33979999999999994 0.11340000000000011
-5217.402919252961 0.5468 0.36049999999999993 0.09270000000000012
-5196.971535006655 0.5468 0.38119999999999993 0.07200000000000012
-5172.772773117562 0.5468 0.4018999999999999 0.05130000000000012
-5153.591391986401 0.5468 0.4225999999999999 0.030600000000000127
-5561.800796108062 0.5674999999999999 0.05 0.3825000000000001
-5547.8005791498135 0.5674999999999999 0.0707 0.3618000000000001
-5532.345512266784 0.5674999999999999 0.0914 0.3411000000000001
-5517.186072965638 0.5674999999999999 0.11209999999999999 0.32040000000000013
-5500.724800134511 0.5674999999999999 0.13279999999999997 0.29970000000000013
-5485.407132397438 0.5674999999999999 0.15349999999999997 0.27900000000000014
-5468.405757684816 0.5674999999999999 0.17419999999999997 0.25830000000000014
-5451.823208757307 0.5674999999999999 0.19489999999999996 0.23760000000000014
-5434.304313233691 0.5674999999999999 0.21559999999999996 0.21690000000000015
-5415.813475851729 0.5674999999999999 0.23629999999999995 0.19620000000000015
-5397.966359786605 0.5674999999999999 0.25699999999999995 0.17550000000000016
-5379.5649305318575 0.5674999999999999 0.27769999999999995 0.15480000000000016
-5360.616537377334 0.5674999999999999 0.29839999999999994 0.13410000000000016
-5341.973832101547 0.5674999999999999 0.31909999999999994 0.11340000000000017
-5321.429644931655 0.5674999999999999 0.33979999999999994 0.09270000000000017
-5300.630166542699 0.5674999999999999 0.36049999999999993 0.07200000000000017
-5279.11739559323 0.5674999999999999 0.38119999999999993 0.05130000000000018
-5257.113662768564 0.5674999999999999 0.4018999999999999 0.030600000000000183
-5648.219527702852 0.5882 0.05 0.36180000000000007
-5636.338175241932 0.5882 0.0707 0.34110000000000007
-5618.52547331794 0.5882 0.0914 0.3204000000000001
-5605.468398159767 0.5882 0.11209999999999999 0.2997000000000001
-5586.858771913116 0.5882 0.13279999999999997 0.2790000000000001
-5571.15660776233 0.5882 0.15349999999999997 0.2583000000000001
-5556.812580337529 0.5882 0.17419999999999997 0.2376000000000001
-5537.046149216411 0.5882 0.19489999999999996 0.2169000000000001
-5521.486683043999 0.5882 0.21559999999999996 0.1962000000000001
-5501.011121069104 0.5882 0.23629999999999995 0.1755000000000001
-5482.96456884794 0.5882 0.25699999999999995 0.1548000000000001
-5466.345714718054 0.5882 0.27769999999999995 0.1341000000000001
-5445.375559230516 0.5882 0.29839999999999994 0.11340000000000011
-5427.364927730638 0.5882 0.31909999999999994 0.09270000000000012
-5404.568107363829 0.5882 0.33979999999999994 0.07200000000000012
-5382.997369379055 0.5882 0.36049999999999993 0.05130000000000012
-5363.661101232784 0.5882 0.38119999999999993 0.030600000000000127
