-5997.886917365409 0.6709999999999999 0.05 0.2790000000000001
-5983.055449019022 0.6709999999999999 0.0707 0.2583000000000001
-5967.239172398759 0.6709999999999999 0.0914 0.2376000000000001
-5951.185849094883 0.6709999999999999 0.11209999999999999 0.2169000000000001
-5934.495634607914 0.6709999999999999 0.13279999999999997 0.1962000000000001
-5917.754249121833 0.6709999999999999 0.15349999999999997 0.1755000000000001
-5900.323768521051 0.6709999999999999 0.17419999999999997 0.1548000000000001
-5881.405886240632 0.6709999999999999 0.19489999999999996 0.1341000000000001
-5863.185030906412 0.6709999999999999 0.21559999999999996 0.11340000000000011
-5844.3840414002325 0.6709999999999999 0.23629999999999995 0.09270000000000012
-5824.093693926042 0.6709999999999999 0.25699999999999995 0.07200000000000012
-5803.837928848536 0.6709999999999999 0.27769999999999995 0.05130000000000012
-5781.70882429481 0.6709999999999999 0.29839999999999994 0.030600000000000127
-6083.728680231539 0.6917 0.05 0.25830000000000003
-6071.247342008381 0.6917 0.0707 0.23760000000000003
-6052.886346007951 0.6917 0.0914 0.21690000000000004
-6038.923545308595 0.6917 0.11209999999999999 0.19620000000000004
-6020.752738902994 0.6917 0.13279999999999997 0.17550000000000004
-6003.149653975195 0.6917 0.15349999999999997 0.15480000000000005
-5987.165760530453 0.6917 0.17419999999999997 0.13410000000000005
-5966.146023001182 0.6917 0.19489999999999996 0.11340000000000006
-5949.966120186099 0.6917 0.21559999999999996 0.09270000000000006
-5928.421335691491 0.6917 0.23629999999999995 0.07200000000000006
-5907.327539868917 0.6917 0.25699999999999995 0.05130000000000007
-5888.172559997445 0.6917 0.27769999999999995 0.03060000000000007
-6172.477341929094 0.7123999999999999 0.05 0.2376000000000001
-6157.3335269972085 0.7123999999999999 0.0707 0.2169000000000001
-6141.009303575083 0.7123999999999999 0.0914 0.1962000000000001
-6125.201067717797 0.7123999999999999 0.11209999999999999 0.1755000000000001
-6105.982399154308 0.7123999999999999 0.13279999999999997 0.1548000000000001
-6089.919002387338 0.7123999999999999 0.15349999999999997 0.1341000000000001
-6071.807549381827 0.7123999999999999 0.17419999999999997 0.11340000000000011
-6053.101972148229 0.7123999999999999 0.19489999999999996 0.09270000000000012
-6034.152665381118 0.7123999999999999 0.21559999999999996 0.07200000000000012
-6010.933352984552 0.7123999999999999 0.23629999999999995 0.05130000000000012
-5992.071003199349 0.7123999999999999 0.25699999999999995 0.030600000000000127
