-4280.658212026783 0.23629999999999995 0.05 0.7137
-4301.4014500982985 0.23629999999999995 0.0707 0.6930000000000001
-4322.791488866469 0.23629999999999995 0.0914 0.6723
-4342.426744390564 0.23629999999999995 0.11209999999999999 0.6516000000000001
-4361.506945075633 0.23629999999999995 0.13279999999999997 0.6309
-4379.616508639386 0.23629999999999995 0.15349999999999997 0.6102000000000001
-4396.101106568312 0.23629999999999995 0.17419999999999997 0.5895000000000001
-4407.943597655093 0.23629999999999995 0.19489999999999996 0.5688000000000001
-4415.801072410699 0.23629999999999995 0.21559999999999996 0.5481
-4418.417265563621 0.23629999999999995 0.23629999999999995 0.5274000000000001
-4419.121087708861 0.23629999999999995 0.25699999999999995 0.5067000000000002
-4416.480437239362 0.23629999999999995 0.27769999999999995 0.4860000000000001
-4411.8646991606265 0.23629999999999995 0.29839999999999994 0.4653000000000001
-4405.687717755143 0.23629999999999995 0.31909999999999994 0.4446000000000001
-4397.395957334905 0.23629999999999995 0.33979999999999994 0.4239000000000001
-4389.430965327729 0.23629999999999995 0.36049999999999993 0.4032000000000001
-4377.318588771599 0.23629999999999995 0.38119999999999993 0.3825000000000001
-4364.566848488736 0.23629999999999995 0.4018999999999999 0.3618000000000001
-4347.2664847770975 0.23629999999999995 0.4225999999999999 0.3411000000000001
-4327.603549176224 0.23629999999999995 0.4432999999999999 0.32040000000000013
-4304.938688473985 0.23629999999999995 0.4639999999999999 0.29970000000000013
-4283.012780108366 0.23629999999999995 0.4846999999999999 0.27900000000000014
-4257.1412044198905 0.23629999999999995 0.5054 0.2583000000000001
-4229.0573440759945 0.23629999999999995 0.5260999999999999 0.23760000000000014
-4200.214245049589 0.23629999999999995 0.5468 0.2169000000000001
-4166.691710364292 0.23629999999999995 0.5674999999999999 0.19620000000000015
-4130.254747521987 0.23629999999999995 0.5882 0.1755000000000001
-4092.9257598067725 0.23629999999999995 0.6089 0.15480000000000005
-4052.0557444813976 0.23629999999999995 0.6295999999999999 0.1341000000000001
-4010.164413370167 0.23629999999999995 0.6502999999999999 0.11340000000000017
-3964.1029333550655 0.23629999999999995 0.6709999999999999 0.09270000000000012
-3918.67909354834 0.23629999999999995 0.6917 0.07200000000000006
-3872.1807982213363 0.23629999999999995 0.7123999999999999 0.05130000000000012
-3818.855930289254 0.23629999999999995 0.7330999999999999 0.030600000000000183
-4367.890169410624 0.25699999999999995 0.05 0.6930000000000001
-4388.367414688124 0.25699999999999995 0.0707 0.6723000000000001
-4409.683970071723 0.25699999999999995 0.0914 0.6516000000000001
-4428.654099150702 0.25699999999999995 0.11209999999999999 0.6309000000000001
-4447.3700816465 0.25699999999999995 0.13279999999999997 0.6102000000000001
-4463.654316639678 0.25699999999999995 0.15349999999999997 0.5895000000000001
-4479.822524636732 0.25699999999999995 0.17419999999999997 0.5688000000000002
-4491.695937914804 0.25699999999999995 0.19489999999999996 0.5481000000000001
-4497.8852251233775 0.25699999999999995 0.21559999999999996 0.5274000000000001
-4499.247967519352 0.25699999999999995 0.23629999999999995 0.5067000000000002
-4499.25321682384 0.25699999999999995 0.25699999999999995 0.48600000000000015
-4494.511156762972 0.25699999999999995 0.27769999999999995 0.46530000000000016
-4489.252988758462 0.25699999999999995 0.29839999999999994 0.44460000000000016
-4483.246118508475 0.25699999999999995 0.31909999999999994 0.42390000000000017
-4475.333677690172 0.25699999999999995 0.33979999999999994 0.40320000000000017
-4465.126992864102 0.25699999999999995 0.36049999999999993 0.3825000000000002
-4452.771107820261 0.25699999999999995 0.38119999999999993 0.3618000000000002
-4437.82925823032 0.25699999999999995 0.4018999999999999 0.3411000000000002
-4419.712806108404 0.25699999999999995 0.4225999999999999 0.3204000000000002
-4398.854648981467 0.25699999999999995 0.4432999999999999 0.2997000000000002
-4377.229994642008 0.25699999999999995 0.4639999999999999 0.2790000000000002
-4352.259348344743 0.25699999999999995 0.4846999999999999 0.2583000000000002
-4325.875214194046 0.25699999999999995 0.5054 0.23760000000000014
-4297.897004619306 0.25699999999999995 0.5260999999999999 0.2169000000000002
-4266.5219739538 0.25699999999999995 0.5468 0.19620000000000015
-4233.3807868320855 0.25699999999999995 0.5674999999999999 0.1755000000000002
-4197.312832179556 0.25699999999999995 0.5882 0.15480000000000016
-4158.45544734476 0.25699999999999995 0.6089 0.1341000000000001
-4117.782805368787 0.25699999999999995 0.6295999999999999 0.11340000000000017
-4074.321725801876 0.25699999999999995 0.6502999999999999 0.09270000000000023
-4028.3362784320047 0.25699999999999995 0.6709999999999999 0.07200000000000017
-3982.172613427735 0.25699999999999995 0.6917 0.05130000000000012
-3933.7054593943885 0.25699999999999995 0.7123999999999999 0.030600000000000183
-4455.2899000457555 0.27769999999999995 0.05 0.6723
-4476.417174076541 0.27769999999999995 0.0707 0.6516000000000001
-4497.429401141522 0.27769999999999995 0.0914 0.6309
-4515.361672983796 0.27769999999999995 0.11209999999999999 0.6102000000000001
-4533.488553214476 0.27769999999999995 0.13279999999999997 0.5895000000000001
-4549.68783474106 0.27769999999999995 0.15349999999999997 0.5688000000000001
-4563.97427532538 0.27769999999999995 0.17419999999999997 0.5481
-4574.550992716206 0.27769999999999995 0.19489999999999996 0.5274000000000001
-4579.840272104622 0.27769999999999995 0.21559999999999996 0.5067000000000002
-4579.3781915311665 0.27769999999999995 0.23629999999999995 0.4860000000000001
-4577.791153457344 0.27769999999999995 0.25699999999999995 0.4653000000000001
-4572.934501525266 0.27769999999999995 0.27769999999999995 0.4446000000000001
-4565.475428894598 0.27769999999999995 0.29839999999999994 0.4239000000000001
-4558.672638839803 0.27769999999999995 0.31909999999999994 0.4032000000000001
-4550.250207979687 0.27769999999999995 0.33979999999999994 0.3825000000000001
-4540.233160377587 0.27769999999999995 0.36049999999999993 0.3618000000000001
-4527.900448865898 0.27769999999999995 0.38119999999999993 0.3411000000000001
-4511.722122870992 0.27769999999999995 0.4018999999999999 0.32040000000000013
-4491.869929488437 0.27769999999999995 0.4225999999999999 0.29970000000000013
-4470.37597167633 0.27769999999999995 0.4432999999999999 0.27900000000000014
-4447.296656653187 0.27769999999999995 0.4639999999999999 0.25830000000000014
-4422.842503868637 0.27769999999999995 0.4846999999999999 0.23760000000000014
-4395.5770016191755 0.27769999999999995 0.5054 0.2169000000000001
-4366.863026898108 0.27769999999999995 0.5260999999999999 0.19620000000000015
-4334.737749252152 0.27769999999999995 0.5468 0.1755000000000001
-4300.236230929562 0.27769999999999995 0.5674999999999999 0.15480000000000016
-4262.642413838326 0.27769999999999995 0.5882 0.1341000000000001
-4223.561789700601 0.27769999999999995 0.6089 0.11340000000000006
-4180.284436268311 0.27769999999999995 0.6295999999999999 0.09270000000000012
-4137.213581919583 0.27769999999999995 0.6502999999999999 0.07200000000000017
-4091.4639904342202 0.27769999999999995 0.6709999999999999 0.05130000000000012
-4044.817167115892 0.27769999999999995 0.6917 0.03060000000000007
