-4808.8182436848365 0.36049999999999993 0.05 0.5895
-4826.751432560888 0.36049999999999993 0.0707 0.5688000000000001
-4845.429847797803 0.36049999999999993 0.0914 0.5481
-4862.471708130487 0.36049999999999993 0.11209999999999999 0.5274000000000001
-4878.369761365359 0.36049999999999993 0.13279999999999997 0.5067000000000002
-4891.037199219837 0.36049999999999993 0.15349999999999997 0.4860000000000001
-4901.016650972608 0.36049999999999993 0.17419999999999997 0.4653000000000001
-4905.3866312927385 0.36049999999999993 0.19489999999999996 0.4446000000000001
-4904.6262609604155 0.36049999999999993 0.21559999999999996 0.4239000000000001
-4900.01665798961 0.36049999999999993 0.23629999999999995 0.4032000000000001
-4895.05834532398 0.36049999999999993 0.25699999999999995 0.3825000000000001
-4886.254113403084 0.36049999999999993 0.27769999999999995 0.3618000000000001
-4876.942696882947 0.36049999999999993 0.29839999999999994 0.3411000000000001
-4867.942450392075 0.36049999999999993 0.31909999999999994 0.32040000000000013
-4857.556582369433 0.36049999999999993 0.33979999999999994 0.29970000000000013
-4841.975639667253 0.36049999999999993 0.36049999999999993 0.27900000000000014
-4825.699292648347 0.36049999999999993 0.38119999999999993 0.25830000000000014
-4806.260583673996 0.36049999999999993 0.4018999999999999 0.23760000000000014
-4784.833123750822 0.36049999999999993 0.4225999999999999 0.21690000000000015
-4761.02184115283 0.36049999999999993 0.4432999999999999 0.19620000000000015
-4735.502038025442 0.36049999999999993 0.4639999999999999 0.17550000000000016
-4708.733528395901 0.36049999999999993 0.4846999999999999 0.15480000000000016
-4675.298833816777 0.36049999999999993 0.5054 0.1341000000000001
-4643.549418485423 0.36049999999999993 0.5260999999999999 0.11340000000000017
-4606.660406947543 0.36049999999999993 0.5468 0.09270000000000012
-4569.496228123601 0.36049999999999993 0.5674999999999999 0.07200000000000017
-4529.912221441851 0.36049999999999993 0.5882 0.05130000000000012
-4488.371068392052 0.36049999999999993 0.6089 0.03060000000000007
-4894.913152081218 0.38119999999999993 0.05 0.5688
-4913.556784630695 0.38119999999999993 0.0707 0.5481
-4931.718485088707 0.38119999999999993 0.0914 0.5274
-4947.669606474122 0.38119999999999993 0.11209999999999999 0.5067
-4962.239317893662 0.38119999999999993 0.13279999999999997 0.48600000000000004
-4975.824190023042 0.38119999999999993 0.15349999999999997 0.46530000000000005
-4984.197331376911 0.38119999999999993 0.17419999999999997 0.44460000000000005
-4986.897048911317 0.38119999999999993 0.19489999999999996 0.42390000000000005
-4983.672144467349 0.38119999999999993 0.21559999999999996 0.40320000000000006
-4977.808564349266 0.38119999999999993 0.23629999999999995 0.38250000000000006
-4971.840809583078 0.38119999999999993 0.25699999999999995 0.36180000000000007
-4965.035291237827 0.38119999999999993 0.27769999999999995 0.34110000000000007
-4953.16930108322 0.38119999999999993 0.29839999999999994 0.3204000000000001
-4945.376296945141 0.38119999999999993 0.31909999999999994 0.2997000000000001
-4930.144785967228 0.38119999999999993 0.33979999999999994 0.2790000000000001
-4915.949315138748 0.38119999999999993 0.36049999999999993 0.2583000000000001
-4902.214316043357 0.38119999999999993 0.38119999999999993 0.2376000000000001
-4880.104529991339 0.38119999999999993 0.4018999999999999 0.2169000000000001
-4857.2825084633605 0.38119999999999993 0.4225999999999999 0.1962000000000001
-4832.377788292112 0.38119999999999993 0.4432999999999999 0.1755000000000001
-4806.24448410255 0.38119999999999993 0.4639999999999999 0.1548000000000001
-4777.428490626091 0.38119999999999993 0.4846999999999999 0.1341000000000001
-4744.471522443265 0.38119999999999993 0.5054 0.11340000000000006
-4709.730163514788 0.38119999999999993 0.5260999999999999 0.09270000000000012
-4673.691073022663 0.38119999999999993 0.5468 0.07200000000000006
-4636.202755088617 0.38119999999999993 0.5674999999999999 0.05130000000000012
-4595.772266065149 0.38119999999999993 0.5882 0.03060000000000007
-4984.117723665734 0.4018999999999999 0.05 0.5481
-5001.487430101425 0.4018999999999999 0.0707 0.5274000000000001
-5018.92616117844 0.4018999999999999 0.0914 0.5067
-5034.504662117834 0.4018999999999999 0.11209999999999999 0.4860000000000001
-5048.748582722593 0.4018999999999999 0.13279999999999997 0.4653000000000001
-5060.635406991504 0.4018999999999999 0.15349999999999997 0.4446000000000001
-5068.747346867827 0.4018999999999999 0.17419999999999997 0.4239000000000001
-5068.336586769903 0.4018999999999999 0.19489999999999996 0.4032000000000001
-5065.391503342944 0.4018999999999999 0.21559999999999996 0.3825000000000001
-5057.946930348974 0.4018999999999999 0.23629999999999995 0.3618000000000001
-5052.1952169802 0.4018999999999999 0.25699999999999995 0.3411000000000001
-5042.212312460681 0.4018999999999999 0.27769999999999995 0.32040000000000013
-5032.060968186283 0.4018999999999999 0.29839999999999994 0.29970000000000013
-5021.965556037214 0.4018999999999999 0.31909999999999994 0.27900000000000014
-5006.41885397562 0.4018999999999999 0.33979999999999994 0.25830000000000014
-4992.611498611838 0.4018999999999999 0.36049999999999993 0.23760000000000014
-4975.249207138579 0.4018999999999999 0.38119999999999993 0.21690000000000015
-4952.162409005429 0.4018999999999999 0.4018999999999999 0.19620000000000015
-4931.106127635537 0.4018999999999999 0.4225999999999999 0.17550000000000016
-4905.136976077645 0.4018999999999999 0.4432999999999999 0.15480000000000016
-4878.114304015493 0.4018999999999999 0.4639999999999999 0.13410000000000016
-4847.228880809243 0.4018999999999999 0.4846999999999999 0.11340000000000017
-4814.385537113629 0.4018999999999999 0.5054 0.09270000000000012
-4779.096956997298 0.4018999999999999 0.5260999999999999 0.07200000000000017
-4743.248918896711 0.4018999999999999 0.5468 0.05130000000000012
-4704.141010605944 0.4018999999999999 0.5674999999999999 0.030600000000000183
