-3478.0394542287722 0.05 0.05 0.8999999999999999
-3500.087628473123 0.05 0.0707 0.8793
-3522.6208152777617 0.05 0.0914 0.8585999999999999
-3544.1766348393867 0.05 0.11209999999999999 0.8379
-3566.2360599163217 0.05 0.13279999999999997 0.8171999999999999
-3587.4142678286394 0.05 0.15349999999999997 0.7965
-3608.711225848589 0.05 0.17419999999999997 0.7758
-3630.4410602621724 0.05 0.19489999999999996 0.7551
-3651.772334187143 0.05 0.21559999999999996 0.7343999999999999
-3671.613233612665 0.05 0.23629999999999995 0.7137
-3689.5082114328575 0.05 0.25699999999999995 0.6930000000000001
-3694.4119615987393 0.05 0.27769999999999995 0.6723
-3696.017976022274 0.05 0.29839999999999994 0.6516
-3694.9136168087366 0.05 0.31909999999999994 0.6309
-3694.3091691996865 0.05 0.33979999999999994 0.6102000000000001
-3693.7550871144094 0.05 0.36049999999999993 0.5895
-3692.1370348187565 0.05 0.38119999999999993 0.5688
-3683.6889061266234 0.05 0.4018999999999999 0.5481
-3668.573996539176 0.05 0.4225999999999999 0.5274000000000001
-3652.050967458126 0.05 0.4432999999999999 0.5067
-3634.930237370572 0.05 0.4639999999999999 0.48600000000000004
-3618.2594715845166 0.05 0.4846999999999999 0.46530000000000005
-3600.124707314383 0.05 0.5054 0.4446
-3583.2387985492946 0.05 0.5260999999999999 0.42390000000000005
-3563.7301744153297 0.05 0.5468 0.4032
-3541.183249734167 0.05 0.5674999999999999 0.38250000000000006
-3516.5765205561574 0.05 0.5882 0.3618
-3483.5373202005912 0.05 0.6089 0.34109999999999996
-3449.1690971508874 0.05 0.6295999999999999 0.3204
-3412.8285836390473 0.05 0.6502999999999999 0.2997000000000001
-3379.8544056169685 0.05 0.6709999999999999 0.279
-3344.185343813609 0.05 0.6917 0.2583
-3299.438726413651 0.05 0.7123999999999999 0.23760000000000003
-3248.0864068724554 0.05 0.7330999999999999 0.2169000000000001
-3192.0597817730913 0.05 0.7537999999999999 0.19620000000000004
-3135.9631437239564 0.05 0.7745 0.1755
-3079.4743103424476 0.05 0.7951999999999999 0.15480000000000005
-3020.6966206942484 0.05 0.8158999999999998 0.1341000000000001
-2963.6315792373643 0.05 0.8365999999999999 0.11340000000000006
-2904.4784260701203 0.05 0.8573 0.0927
-2846.213426718532 0.05 0.8779999999999999 0.07200000000000006
-2787.731920029085 0.05 0.8986999999999998 0.05130000000000012
-2727.6219573045423 0.05 0.9193999999999999 0.03060000000000007
-3566.722412498402 0.0707 0.05 0.8793
-3588.89607824141 0.0707 0.0707 0.8586
-3610.8368458033606 0.0707 0.0914 0.8379
-3632.378472609472 0.0707 0.11209999999999999 0.8172
-3654.2743690081047 0.0707 0.13279999999999997 0.7965
-3675.5424407073674 0.0707 0.15349999999999997 0.7758
-3696.655483499579 0.0707 0.17419999999999997 0.7551000000000001
-3718.0766241928113 0.0707 0.19489999999999996 0.7344
-3737.7897382982724 0.0707 0.21559999999999996 0.7137
-3757.8224276005594 0.0707 0.23629999999999995 0.6930000000000001
-3769.01791676946 0.0707 0.25699999999999995 0.6723000000000001
-3775.2983234501535 0.0707 0.27769999999999995 0.6516000000000001
-3776.1887479653997 0.0707 0.29839999999999994 0.6309
-3774.4163223138967 0.0707 0.31909999999999994 0.6102000000000001
-3774.8240021073975 0.0707 0.33979999999999994 0.5895000000000001
-3771.725147077336 0.0707 0.36049999999999993 0.5688000000000001
-3768.477240502119 0.0707 0.38119999999999993 0.5481
-3758.9642261361005 0.0707 0.4018999999999999 0.5274000000000001
-3743.95478403764 0.0707 0.4225999999999999 0.5067000000000002
-3726.9494253568123 0.0707 0.4432999999999999 0.4860000000000001
-3710.693808568808 0.0707 0.4639999999999999 0.4653000000000001
-3692.7790369614977 0.0707 0.4846999999999999 0.4446000000000001
-3674.51066314507 0.0707 0.5054 0.42390000000000005
-3656.68797505114 0.0707 0.5260999999999999 0.4032000000000001
-3635.5272800807443 0.0707 0.5468 0.38250000000000006
-3614.543780581315 0.0707 0.5674999999999999 0.3618000000000001
-3582.945825015872 0.0707 0.5882 0.34110000000000007
-3550.3617640156626 0.0707 0.6089 0.3204
-3514.797072360993 0.0707 0.6295999999999999 0.2997000000000001
-3480.6745311023224 0.0707 0.6502999999999999 0.27900000000000014
-3447.2643263191967 0.0707 0.6709999999999999 0.2583000000000001
-3406.1094436285453 0.0707 0.6917 0.23760000000000003
-3360.5735629001 0.0707 0.7123999999999999 0.2169000000000001
-3308.345524130406 0.0707 0.7330999999999999 0.19620000000000015
-3253.7329424107024 0.0707 0.7537999999999999 0.1755000000000001
-3198.326517419346 0.0707 0.7745 0.15480000000000005
-3140.0618636586446 0.0707 0.7951999999999999 0.1341000000000001
-3082.8062073644787 0.0707 0.8158999999999998 0.11340000000000017
-3023.9499739255357 0.0707 0.8365999999999999 0.09270000000000012
-2966.1894611561816 0.0707 0.8573 0.07200000000000006
-2907.842436029296 0.0707 0.8779999999999999 0.05130000000000012
-2848.0722729735567 0.0707 0.8986999999999998 0.030600000000000183
-3657.6605220131823 0.0914 0.05 0.8585999999999999
-3679.2483135795273 0.0914 0.0707 0.8379
-3701.042650014542 0.0914 0.0914 0.8171999999999999
-3722.576733110844 0.0914 0.11209999999999999 0.7965
-3744.6733438089755 0.0914 0.13279999999999997 0.7758
-3765.7355813804006 0.0914 0.15349999999999997 0.7551
-3786.4500946392 0.0914 0.17419999999999997 0.7343999999999999
-3807.4860125664104 0.0914 0.19489999999999996 0.7137
-3826.6729030067454 0.0914 0.21559999999999996 0.6930000000000001
-3844.1079614150417 0.0914 0.23629999999999995 0.6723
-3853.548195689884 0.0914 0.25699999999999995 0.6516
-3858.593806334197 0.0914 0.27769999999999995 0.6309
-3856.2701782618556 0.0914 0.29839999999999994 0.6102000000000001
-3856.5469514156525 0.0914 0.31909999999999994 0.5895
-3854.899976996781 0.0914 0.33979999999999994 0.5688
-3851.5862849275954 0.0914 0.36049999999999993 0.5481
-3846.950208175188 0.0914 0.38119999999999993 0.5274000000000001
-3836.9327991099985 0.0914 0.4018999999999999 0.5067
-3821.920165113019 0.0914 0.4225999999999999 0.48600000000000004
-3803.897655270925 0.0914 0.4432999999999999 0.46530000000000005
-3787.7767571619775 0.0914 0.4639999999999999 0.44460000000000005
-3768.980090474623 0.0914 0.4846999999999999 0.42390000000000005
-3749.0227586918954 0.0914 0.5054 0.4032
-3730.4106878280177 0.0914 0.5260999999999999 0.38250000000000006
-3708.4389978072895 0.0914 0.5468 0.3618
-3684.1260090880037 0.0914 0.5674999999999999 0.34110000000000007
-3653.7663813293393 0.0914 0.5882 0.3204
-3618.8685722227715 0.0914 0.6089 0.29969999999999997
-3585.2131714547086 0.0914 0.6295999999999999 0.279
-3551.964538300022 0.0914 0.6502999999999999 0.2583000000000001
-3514.1224597548585 0.0914 0.6709999999999999 0.23760000000000003
-3472.6112574460362 0.0914 0.6917 0.21689999999999998
-3425.5012573349695 0.0914 0.7123999999999999 0.19620000000000004
-3374.1898831223675 0.0914 0.7330999999999999 0.1755000000000001
-3319.3596124192745 0.0914 0.7537999999999999 0.15480000000000005
-3261.686888942155 0.0914 0.7745 0.1341
-3205.3081444119975 0.0914 0.7951999999999999 0.11340000000000006
-3146.688831893329 0.0914 0.8158999999999998 0.09270000000000012
-3089.121197845534 0.0914 0.8365999999999999 0.07200000000000006
-3030.994398454136 0.0914 0.8573 0.05130000000000001
-2971.110330389025 0.0914 0.8779999999999999 0.03060000000000007
