-6608.7286152710085 0.7951999999999999 0.05 0.1548000000000001
-6615.966553777844 0.7951999999999999 0.0707 0.1341000000000001
-6609.244714696858 0.7951999999999999 0.0914 0.1134000000000001
-6601.428646434045 0.7951999999999999 0.11209999999999999 0.0927000000000001
-6588.7247669663575 0.7951999999999999 0.13279999999999997 0.07200000000000012
-6576.171463496132 0.7951999999999999 0.15349999999999997 0.05130000000000012
-6564.373396717519 0.7951999999999999 0.17419999999999997 0.030600000000000127
-6694.2066397408325 0.8158999999999998 0.05 0.13410000000000016
-6695.687366875539 0.8158999999999998 0.0707 0.11340000000000015
-6689.176460050637 0.8158999999999998 0.0914 0.09270000000000016
-6680.051344541335 0.8158999999999998 0.11209999999999999 0.07200000000000016
-6664.392906116579 0.8158999999999998 0.13279999999999997 0.05130000000000018
-6652.995503790308 0.8158999999999998 0.15349999999999997 0.030600000000000183
-6776.5837213233 0.8365999999999999 0.05 0.1134000000000001
-6776.7560423566765 0.8365999999999999 0.0707 0.0927000000000001
-6766.194026317379 0.8365999999999999 0.0914 0.0720000000000001
-6755.136601572444 0.8365999999999999 0.11209999999999999 0.05130000000000011
-6741.81552534828 0.8365999999999999 0.13279999999999997 0.030600000000000127
