-4544.736741413916 0.29839999999999994 0.05 0.6516
-4565.423332383724 0.29839999999999994 0.0707 0.6309
-4584.797416539911 0.29839999999999994 0.0914 0.6102
-4602.260322356382 0.29839999999999994 0.11209999999999999 0.5895
-4622.268001589453 0.29839999999999994 0.13279999999999997 0.5688
-4637.338994251434 0.29839999999999994 0.15349999999999997 0.5481
-4649.654348685234 0.29839999999999994 0.17419999999999997 0.5274000000000001
-4658.866008082459 0.29839999999999994 0.19489999999999996 0.5067
-4662.095074613675 0.29839999999999994 0.21559999999999996 0.48600000000000004
-4661.446414493128 0.29839999999999994 0.23629999999999995 0.46530000000000005
-4657.695554592233 0.29839999999999994 0.25699999999999995 0.44460000000000005
-4651.960254955387 0.29839999999999994 0.27769999999999995 0.42390000000000005
-4644.636309296569 0.29839999999999994 0.29839999999999994 0.40320000000000006
-4638.210193664585 0.29839999999999994 0.31909999999999994 0.38250000000000006
-4627.803091015216 0.29839999999999994 0.33979999999999994 0.36180000000000007
-4616.288876108041 0.29839999999999994 0.36049999999999993 0.34110000000000007
-4603.817555071735 0.29839999999999994 0.38119999999999993 0.3204000000000001
-4586.633628883698 0.29839999999999994 0.4018999999999999 0.2997000000000001
-4567.62889498681 0.29839999999999994 0.4225999999999999 0.2790000000000001
-4545.780029804566 0.29839999999999994 0.4432999999999999 0.2583000000000001
-4521.831772388551 0.29839999999999994 0.4639999999999999 0.2376000000000001
-4496.530643275781 0.29839999999999994 0.4846999999999999 0.2169000000000001
-4466.985753030277 0.29839999999999994 0.5054 0.19620000000000004
-4437.415814671274 0.29839999999999994 0.5260999999999999 0.1755000000000001
-4404.718940159132 0.29839999999999994 0.5468 0.15480000000000005
-4368.113790993648 0.29839999999999994 0.5674999999999999 0.1341000000000001
-4330.761009103675 0.29839999999999994 0.5882 0.11340000000000006
-4290.694043497798 0.29839999999999994 0.6089 0.0927
-4247.8488961362145 0.29839999999999994 0.6295999999999999 0.07200000000000006
-4204.878258497302 0.29839999999999994 0.6502999999999999 0.05130000000000012
-4156.715732085664 0.29839999999999994 0.6709999999999999 0.03060000000000007
-4632.729454748181 0.31909999999999994 0.05 0.6309
-4651.516352050961 0.31909999999999994 0.0707 0.6102000000000001
-4671.694775204187 0.31909999999999994 0.0914 0.5895
-4688.740975481533 0.31909999999999994 0.11209999999999999 0.5688000000000001
-4706.8663774966435 0.31909999999999994 0.13279999999999997 0.5481
-4721.775979601833 0.31909999999999994 0.15349999999999997 0.5274000000000001
-4732.704692743958 0.31909999999999994 0.17419999999999997 0.5067000000000002
-4741.920301469383 0.31909999999999994 0.19489999999999996 0.4860000000000001
-4742.629700894808 0.31909999999999994 0.21559999999999996 0.4653000000000001
-4739.396770941551 0.31909999999999994 0.23629999999999995 0.4446000000000001
-4736.194292884278 0.31909999999999994 0.25699999999999995 0.4239000000000001
-4731.047550072133 0.31909999999999994 0.27769999999999995 0.4032000000000001
-4722.8227797452855 0.31909999999999994 0.29839999999999994 0.3825000000000001
-4715.239262061217 0.31909999999999994 0.31909999999999994 0.3618000000000001
-4702.233932478231 0.31909999999999994 0.33979999999999994 0.3411000000000001
-4691.034399363199 0.31909999999999994 0.36049999999999993 0.32040000000000013
-4677.952215608581 0.31909999999999994 0.38119999999999993 0.29970000000000013
-4658.4670709782695 0.31909999999999994 0.4018999999999999 0.27900000000000014
-4639.620559530509 0.31909999999999994 0.4225999999999999 0.25830000000000014
-4617.34568131676 0.31909999999999994 0.4432999999999999 0.23760000000000014
-4592.602362564035 0.31909999999999994 0.4639999999999999 0.21690000000000015
-4565.113468983538 0.31909999999999994 0.4846999999999999 0.19620000000000015
-4536.823688161685 0.31909999999999994 0.5054 0.1755000000000001
-4506.221321136821 0.31909999999999994 0.5260999999999999 0.15480000000000016
-4470.682778496786 0.31909999999999994 0.5468 0.1341000000000001
-4434.885021124292 0.31909999999999994 0.5674999999999999 0.11340000000000017
-4395.02442662273 0.31909999999999994 0.5882 0.09270000000000012
-4356.434724837535 0.31909999999999994 0.6089 0.07200000000000006
-4312.110210398305 0.31909999999999994 0.6295999999999999 0.05130000000000012
-4267.254094970596 0.31909999999999994 0.6502999999999999 0.030600000000000183
-4721.773727048698 0.33979999999999994 0.05 0.6102000000000001
-4740.89074925759 0.33979999999999994 0.0707 0.5895000000000001
-4758.776800029999 0.33979999999999994 0.0914 0.5688000000000001
-4777.703963694716 0.33979999999999994 0.11209999999999999 0.5481000000000001
-4793.066158349184 0.33979999999999994 0.13279999999999997 0.5274000000000001
-4806.552141400773 0.33979999999999994 0.15349999999999997 0.5067000000000002
-4818.419289094802 0.33979999999999994 0.17419999999999997 0.48600000000000015
-4824.572553418808 0.33979999999999994 0.19489999999999996 0.46530000000000016
-4824.7303281864015 0.33979999999999994 0.21559999999999996 0.44460000000000016
-4822.808440136112 0.33979999999999994 0.23629999999999995 0.42390000000000017
-4816.438234526779 0.33979999999999994 0.25699999999999995 0.40320000000000017
-4809.453332645834 0.33979999999999994 0.27769999999999995 0.3825000000000002
-4800.535539796998 0.33979999999999994 0.29839999999999994 0.3618000000000002
-4793.608693589326 0.33979999999999994 0.31909999999999994 0.3411000000000002
-4778.807612724559 0.33979999999999994 0.33979999999999994 0.3204000000000002
-4768.589438836766 0.33979999999999994 0.36049999999999993 0.2997000000000002
-4752.205347727082 0.33979999999999994 0.38119999999999993 0.2790000000000002
-4734.814632475201 0.33979999999999994 0.4018999999999999 0.2583000000000002
-4713.26364824144 0.33979999999999994 0.4225999999999999 0.2376000000000002
-4690.283973480239 0.33979999999999994 0.4432999999999999 0.2169000000000002
-4664.894468609104 0.33979999999999994 0.4639999999999999 0.1962000000000002
-4637.561554604816 0.33979999999999994 0.4846999999999999 0.1755000000000002
-4608.716453756689 0.33979999999999994 0.5054 0.15480000000000016
-4575.366422142578 0.33979999999999994 0.5260999999999999 0.13410000000000022
-4541.766902950136 0.33979999999999994 0.5468 0.11340000000000017
-4505.393251333937 0.33979999999999994 0.5674999999999999 0.09270000000000023
-4464.864649305202 0.33979999999999994 0.5882 0.07200000000000017
-4424.0730208617315 0.33979999999999994 0.6089 0.05130000000000012
-4379.258819735391 0.33979999999999994 0.6295999999999999 0.030600000000000183
