-5589.488915440103 0.5468 0.05 0.40320000000000006
-5603.863583009701 0.5468 0.0707 0.38250000000000006
-5616.622702691927 0.5468 0.0914 0.36180000000000007
-5630.238757522513 0.5468 0.11209999999999999 0.34110000000000007
-5635.264152581474 0.5468 0.13279999999999997 0.3204000000000001
-5637.310744768768 0.5468 0.15349999999999997 0.2997000000000001
-5633.607191118466 0.5468 0.17419999999999997 0.2790000000000001
-5624.858153875678 0.5468 0.19489999999999996 0.2583000000000001
-5618.062515908495 0.5468 0.21559999999999996 0.2376000000000001
-5605.235231508445 0.5468 0.23629999999999995 0.2169000000000001
-5594.35988119075 0.5468 0.25699999999999995 0.1962000000000001
-5583.433881057366 0.5468 0.27769999999999995 0.1755000000000001
-5566.104133351343 0.5468 0.29839999999999994 0.1548000000000001
-5550.998321806832 0.5468 0.31909999999999994 0.1341000000000001
-5527.8962598740545 0.5468 0.33979999999999994 0.11340000000000011
-5510.109833971158 0.5468 0.36049999999999993 0.09270000000000012
-5486.069724364929 0.5468 0.38119999999999993 0.07200000000000012
-5457.61282729756 0.5468 0.4018999999999999 0.05130000000000012
-5429.742152803327 0.5468 0.4225999999999999 0.030600000000000127
-5674.363245231869 0.5674999999999999 0.05 0.3825000000000001
-5688.495216927314 0.5674999999999999 0.0707 0.3618000000000001
-5703.01374336374 0.5674999999999999 0.0914 0.3411000000000001
-5713.36630691929 0.5674999999999999 0.11209999999999999 0.32040000000000013
-5718.872975982138 0.5674999999999999 0.13279999999999997 0.29970000000000013
-5716.815314803695 0.5674999999999999 0.15349999999999997 0.27900000000000014
-5712.230747054356 0.5674999999999999 0.17419999999999997 0.25830000000000014
-5705.418269294995 0.5674999999999999 0.19489999999999996 0.23760000000000014
-5693.759337931075 0.5674999999999999 0.21559999999999996 0.21690000000000015
-5682.250347479771 0.5674999999999999 0.23629999999999995 0.19620000000000015
-5671.3949897207585 0.5674999999999999 0.25699999999999995 0.17550000000000016
-5657.920261315564 0.5674999999999999 0.27769999999999995 0.15480000000000016
-5643.481856477164 0.5674999999999999 0.29839999999999994 0.13410000000000016
-5625.962558119661 0.5674999999999999 0.31909999999999994 0.11340000000000017
-5605.955162004319 0.5674999999999999 0.33979999999999994 0.09270000000000017
-5581.031039167357 0.5674999999999999 0.36049999999999993 0.07200000000000017
-5557.154136657065 0.5674999999999999 0.38119999999999993 0.05130000000000018
-5530.807648702862 0.5674999999999999 0.4018999999999999 0.030600000000000183
-5758.54417704357 0.5882 0.05 0.36180000000000007
-5775.2240148344445 0.5882 0.0707 0.34110000000000007
-5786.182751543105 0.5882 0.0914 0.3204000000000001
-5798.282821744089 0.5882 0.11209999999999999 0.2997000000000001
-5799.864154312252 0.5882 0.13279999999999997 0.2790000000000001
-5796.588824101003 0.5882 0.15349999999999997 0.2583000000000001
-5793.426359978804 0.5882 0.17419999999999997 0.2376000000000001
-5782.660655413919 0.5882 0.19489999999999996 0.2169000000000001
-5771.81464739928 0.5882 0.21559999999999996 0.1962000000000001
-5758.396340118707 0.5882 0.23629999999999995 0.1755000000000001
-5747.07475913625 0.5882 0.25699999999999995 0.1548000000000001
-5736.534604686995 0.5882 0.27769999999999995 0.1341000000000001
-5717.600013766722 0.5882 0.29839999999999994 0.11340000000000011
-5701.406608045544 0.5882 0.31909999999999994 0.09270000000000012
-5678.191802177196 0.5882 0.33979999999999994 0.07200000000000012
-5653.718986187708 0.5882 0.36049999999999993 0.05130000000000012
-5630.533333023373 0.5882 0.38119999999999993 0.030600000000000127
