-5069.959703861767 0.4225999999999999 0.05 0.5274000000000001
-5086.413511851085 0.4225999999999999 0.0707 0.5067000000000002
-5104.278356387677 0.4225999999999999 0.0914 0.48600000000000015
-5119.967659444622 0.4225999999999999 0.11209999999999999 0.46530000000000016
-5132.290620060347 0.4225999999999999 0.13279999999999997 0.44460000000000016
-5143.297603741654 0.4225999999999999 0.15349999999999997 0.42390000000000017
-5150.993662568623 0.4225999999999999 0.17419999999999997 0.40320000000000017
-5147.7875491933155 0.4225999999999999 0.19489999999999996 0.3825000000000002
-5144.128064296304 0.4225999999999999 0.21559999999999996 0.3618000000000002
-5136.3833858320395 0.4225999999999999 0.23629999999999995 0.3411000000000002
-5129.151085378776 0.4225999999999999 0.25699999999999995 0.3204000000000002
-5120.68136983479 0.4225999999999999 0.27769999999999995 0.2997000000000002
-5108.92928833273 0.4225999999999999 0.29839999999999994 0.2790000000000002
-5098.153420737239 0.4225999999999999 0.31909999999999994 0.2583000000000002
-5083.536055136619 0.4225999999999999 0.33979999999999994 0.2376000000000002
-5065.940346706191 0.4225999999999999 0.36049999999999993 0.2169000000000002
-5049.123281345846 0.4225999999999999 0.38119999999999993 0.1962000000000002
-5025.378958231864 0.4225999999999999 0.4018999999999999 0.1755000000000002
-5001.06800891112 0.4225999999999999 0.4225999999999999 0.15480000000000022
-4975.347324385812 0.4225999999999999 0.4432999999999999 0.13410000000000022
-4948.131102213165 0.4225999999999999 0.4639999999999999 0.11340000000000022
-4915.404903633059 0.4225999999999999 0.4846999999999999 0.09270000000000023
-4882.811373547638 0.4225999999999999 0.5054 0.07200000000000017
-4847.1121130278325 0.4225999999999999 0.5260999999999999 0.051300000000000234
-4808.798995015767 0.4225999999999999 0.5468 0.030600000000000183
-5158.4477468024925 0.4432999999999999 0.05 0.5067
-5175.472495363847 0.4432999999999999 0.0707 0.4860000000000001
-5192.111805437922 0.4432999999999999 0.0914 0.4653000000000001
-5206.220856827086 0.4432999999999999 0.11209999999999999 0.4446000000000001
-5216.43671160277 0.4432999999999999 0.13279999999999997 0.4239000000000001
-5228.274768398261 0.4432999999999999 0.15349999999999997 0.4032000000000001
-5231.321170216341 0.4432999999999999 0.17419999999999997 0.3825000000000001
-5227.613690079629 0.4432999999999999 0.19489999999999996 0.3618000000000001
-5226.042034708438 0.4432999999999999 0.21559999999999996 0.3411000000000001
-5215.354050226135 0.4432999999999999 0.23629999999999995 0.32040000000000013
-5207.108307022849 0.4432999999999999 0.25699999999999995 0.29970000000000013
-5197.907784195363 0.4432999999999999 0.27769999999999995 0.27900000000000014
-5184.128497131205 0.4432999999999999 0.29839999999999994 0.25830000000000014
-5173.716644494041 0.4432999999999999 0.31909999999999994 0.23760000000000014
-5157.963487009354 0.4432999999999999 0.33979999999999994 0.21690000000000015
-5142.430340317233 0.4432999999999999 0.36049999999999993 0.19620000000000015
-5121.36128433325 0.4432999999999999 0.38119999999999993 0.17550000000000016
-5096.824394218603 0.4432999999999999 0.4018999999999999 0.15480000000000016
-5074.839020363293 0.4432999999999999 0.4225999999999999 0.13410000000000016
-5044.332906781076 0.4432999999999999 0.4432999999999999 0.11340000000000017
-5019.3849972263815 0.4432999999999999 0.4639999999999999 0.09270000000000017
-4985.9330419347525 0.4432999999999999 0.4846999999999999 0.07200000000000017
-4952.010288503138 0.4432999999999999 0.5054 0.05130000000000012
-4915.057623023511 0.4432999999999999 0.5260999999999999 0.030600000000000183
-5243.682714481025 0.4639999999999999 0.05 0.48600000000000004
-5260.685041410549 0.4639999999999999 0.0707 0.46530000000000005
-5275.841914180072 0.4639999999999999 0.0914 0.44460000000000005
-5290.547273618485 0.4639999999999999 0.11209999999999999 0.42390000000000005
-5303.113660894733 0.4639999999999999 0.13279999999999997 0.40320000000000006
-5310.505146101838 0.4639999999999999 0.15349999999999997 0.38250000000000006
-5311.423565581492 0.4639999999999999 0.17419999999999997 0.36180000000000007
-5309.271198142335 0.4639999999999999 0.19489999999999996 0.34110000000000007
-5304.781750597665 0.4639999999999999 0.21559999999999996 0.3204000000000001
-5294.065648283953 0.4639999999999999 0.23629999999999995 0.2997000000000001
-5284.65959913093 0.4639999999999999 0.25699999999999995 0.2790000000000001
-5272.97961037359 0.4639999999999999 0.27769999999999995 0.2583000000000001
-5261.829444807049 0.4639999999999999 0.29839999999999994 0.2376000000000001
-5249.565624065466 0.4639999999999999 0.31909999999999994 0.2169000000000001
-5234.547503970334 0.4639999999999999 0.33979999999999994 0.1962000000000001
-5214.474030797269 0.4639999999999999 0.36049999999999993 0.1755000000000001
-5193.591400890122 0.4639999999999999 0.38119999999999993 0.1548000000000001
-5171.508155554795 0.4639999999999999 0.4018999999999999 0.1341000000000001
-5146.084653814854 0.4639999999999999 0.4225999999999999 0.11340000000000011
-5116.724665544879 0.4639999999999999 0.4432999999999999 0.09270000000000012
-5086.330970027133 0.4639999999999999 0.4639999999999999 0.07200000000000012
-5054.263476143561 0.4639999999999999 0.4846999999999999 0.05130000000000012
-5018.497932482268 0.4639999999999999 0.5054 0.03060000000000007
