-4012.4593472850593 0.17419999999999997 0.05 0.7758
-4033.317967348915 0.17419999999999997 0.0707 0.7551000000000001
-4055.16155426351 0.17419999999999997 0.0914 0.7344
-4076.237432289653 0.17419999999999997 0.11209999999999999 0.7137000000000001
-4097.575964224763 0.17419999999999997 0.13279999999999997 0.6930000000000001
-4117.080595205071 0.17419999999999997 0.15349999999999997 0.6723000000000001
-4135.326679242621 0.17419999999999997 0.17419999999999997 0.6516000000000002
-4152.771087295998 0.17419999999999997 0.19489999999999996 0.6309000000000001
-4165.009878729669 0.17419999999999997 0.21559999999999996 0.6102000000000001
-4173.256671607463 0.17419999999999997 0.23629999999999995 0.5895000000000001
-4176.537835715102 0.17419999999999997 0.25699999999999995 0.5688000000000002
-4177.905122198875 0.17419999999999997 0.27769999999999995 0.5481000000000001
-4174.441744586485 0.17419999999999997 0.29839999999999994 0.5274000000000001
-4171.50678906588 0.17419999999999997 0.31909999999999994 0.5067000000000002
-4166.043571294853 0.17419999999999997 0.33979999999999994 0.48600000000000015
-4158.190896934044 0.17419999999999997 0.36049999999999993 0.46530000000000016
-4148.516382310254 0.17419999999999997 0.38119999999999993 0.44460000000000016
-4138.15296163227 0.17419999999999997 0.4018999999999999 0.42390000000000017
-4121.95073670771 0.17419999999999997 0.4225999999999999 0.40320000000000017
-4103.17558052322 0.17419999999999997 0.4432999999999999 0.3825000000000002
-4084.5738348106374 0.17419999999999997 0.4639999999999999 0.3618000000000002
-4064.008860821083 0.17419999999999997 0.4846999999999999 0.3411000000000002
-4041.65955563258 0.17419999999999997 0.5054 0.32040000000000013
-4016.4014495008773 0.17419999999999997 0.5260999999999999 0.2997000000000002
-3988.4840495846356 0.17419999999999997 0.5468 0.27900000000000014
-3958.5719014400574 0.17419999999999997 0.5674999999999999 0.2583000000000002
-3924.569823786695 0.17419999999999997 0.5882 0.23760000000000014
-3890.696835466464 0.17419999999999997 0.6089 0.2169000000000001
-3853.0626055416424 0.17419999999999997 0.6295999999999999 0.19620000000000015
-3814.191517945555 0.17419999999999997 0.6502999999999999 0.1755000000000002
-3769.136041811216 0.17419999999999997 0.6709999999999999 0.15480000000000016
-3724.0978845938075 0.17419999999999997 0.6917 0.1341000000000001
-3678.8275089138515 0.17419999999999997 0.7123999999999999 0.11340000000000017
-3625.554279301397 0.17419999999999997 0.7330999999999999 0.09270000000000023
-3570.1272829383547 0.17419999999999997 0.7537999999999999 0.07200000000000017
-3513.8818003929277 0.17419999999999997 0.7745 0.05130000000000012
-3455.0319778074772 0.17419999999999997 0.7951999999999999 0.030600000000000183
-4102.62010765219 0.19489999999999996 0.05 0.7551
-4123.237402341766 0.19489999999999996 0.0707 0.7344
-4144.370124653936 0.19489999999999996 0.0914 0.7137
-4165.344599572815 0.19489999999999996 0.11209999999999999 0.6930000000000001
-4185.26504811403 0.19489999999999996 0.13279999999999997 0.6723000000000001
-4204.989289016062 0.19489999999999996 0.15349999999999997 0.6516000000000001
-4223.314159388053 0.19489999999999996 0.17419999999999997 0.6309
-4239.7174653405345 0.19489999999999996 0.19489999999999996 0.6102000000000001
-4250.956567769113 0.19489999999999996 0.21559999999999996 0.5895000000000001
-4255.832046906618 0.19489999999999996 0.23629999999999995 0.5688000000000001
-4258.37998830919 0.19489999999999996 0.25699999999999995 0.5481
-4257.921796966794 0.19489999999999996 0.27769999999999995 0.5274000000000001
-4253.895527389717 0.19489999999999996 0.29839999999999994 0.5067000000000002
-4249.81321048797 0.19489999999999996 0.31909999999999994 0.4860000000000001
-4243.765029646953 0.19489999999999996 0.33979999999999994 0.4653000000000001
-4236.997862767131 0.19489999999999996 0.36049999999999993 0.4446000000000001
-4226.003524489166 0.19489999999999996 0.38119999999999993 0.4239000000000001
-4214.906016561188 0.19489999999999996 0.4018999999999999 0.4032000000000001
-4199.068052281996 0.19489999999999996 0.4225999999999999 0.3825000000000001
-4179.903281654151 0.19489999999999996 0.4432999999999999 0.3618000000000001
-4158.494642756998 0.19489999999999996 0.4639999999999999 0.3411000000000001
-4137.994901215337 0.19489999999999996 0.4846999999999999 0.32040000000000013
-4113.8225223089485 0.19489999999999996 0.5054 0.2997000000000001
-4088.871259300982 0.19489999999999996 0.5260999999999999 0.27900000000000014
-4060.204149597058 0.19489999999999996 0.5468 0.2583000000000001
-4028.7475558603746 0.19489999999999996 0.5674999999999999 0.23760000000000014
-3994.8784457582037 0.19489999999999996 0.5882 0.2169000000000001
-3959.484771969399 0.19489999999999996 0.6089 0.19620000000000004
-3921.298490034295 0.19489999999999996 0.6295999999999999 0.1755000000000001
-3881.2132118305412 0.19489999999999996 0.6502999999999999 0.15480000000000016
-3835.2400453510263 0.19489999999999996 0.6709999999999999 0.1341000000000001
-3791.451198282735 0.19489999999999996 0.6917 0.11340000000000006
-3742.5107953931674 0.19489999999999996 0.7123999999999999 0.09270000000000012
-3690.5090128132692 0.19489999999999996 0.7330999999999999 0.07200000000000017
-3635.713145921028 0.19489999999999996 0.7537999999999999 0.05130000000000012
-3577.4246870153697 0.19489999999999996 0.7745 0.03060000000000007
-4190.193479235215 0.21559999999999996 0.05 0.7343999999999999
-4211.273341764453 0.21559999999999996 0.0707 0.7137
-4232.360259885123 0.21559999999999996 0.0914 0.693
-4253.660354271158 0.21559999999999996 0.11209999999999999 0.6723
-4272.748602137843 0.21559999999999996 0.13279999999999997 0.6516
-4291.218002192667 0.21559999999999996 0.15349999999999997 0.6309
-4309.02345211234 0.21559999999999996 0.17419999999999997 0.6102000000000001
-4322.34296676922 0.21559999999999996 0.19489999999999996 0.5895
-4332.415275647932 0.21559999999999996 0.21559999999999996 0.5688
-4337.154540168827 0.21559999999999996 0.23629999999999995 0.5481
-4338.531680125705 0.21559999999999996 0.25699999999999995 0.5274000000000001
-4335.856386181573 0.21559999999999996 0.27769999999999995 0.5067
-4332.381005960555 0.21559999999999996 0.29839999999999994 0.48600000000000004
-4326.88507344518 0.21559999999999996 0.31909999999999994 0.46530000000000005
-4319.763152668031 0.21559999999999996 0.33979999999999994 0.44460000000000005
-4311.548899906989 0.21559999999999996 0.36049999999999993 0.42390000000000005
-4300.99283723644 0.21559999999999996 0.38119999999999993 0.40320000000000006
-4288.881124665545 0.21559999999999996 0.4018999999999999 0.38250000000000006
-4271.908069796955 0.21559999999999996 0.4225999999999999 0.36180000000000007
-4252.431630795479 0.21559999999999996 0.4432999999999999 0.34110000000000007
-4231.447700501666 0.21559999999999996 0.4639999999999999 0.3204000000000001
-4208.693643373846 0.21559999999999996 0.4846999999999999 0.2997000000000001
-4184.283678879982 0.21559999999999996 0.5054 0.279
-4158.820423954284 0.21559999999999996 0.5260999999999999 0.2583000000000001
-4128.5524089611135 0.21559999999999996 0.5468 0.23760000000000003
-4096.049170547005 0.21559999999999996 0.5674999999999999 0.2169000000000001
-4059.864392943652 0.21559999999999996 0.5882 0.19620000000000004
-4025.575050394065 0.21559999999999996 0.6089 0.1755
-3986.5431066058964 0.21559999999999996 0.6295999999999999 0.15480000000000005
-3942.3993275095518 0.21559999999999996 0.6502999999999999 0.1341000000000001
-3899.0258595644746 0.21559999999999996 0.6709999999999999 0.11340000000000006
-3851.7979038403405 0.21559999999999996 0.6917 0.0927
-3806.474273424217 0.21559999999999996 0.7123999999999999 0.07200000000000006
-3753.9300237616235 0.21559999999999996 0.7330999999999999 0.05130000000000012
-3696.7510755393664 0.21559999999999996 0.7537999999999999 0.03060000000000007
