-3397.6931876317385 0.05 0.05 0.8999999999999999
-3388.298618225224 0.05 0.0707 0.8793
-3379.9649634807406 0.05 0.0914 0.8585999999999999
-3371.0399328875937 0.05 0.11209999999999999 0.8379
-3362.480414119767 0.05 0.13279999999999997 0.8171999999999999
-3352.2756005166575 0.05 0.15349999999999997 0.7965
-3343.40134422588 0.05 0.17419999999999997 0.7758
-3333.418645082211 0.05 0.19489999999999996 0.7551
-3321.051668339662 0.05 0.21559999999999996 0.7343999999999999
-3309.4391009965866 0.05 0.23629999999999995 0.7137
-3297.1854823388567 0.05 0.25699999999999995 0.6930000000000001
-3285.005675367793 0.05 0.27769999999999995 0.6723
-3271.616359513379 0.05 0.29839999999999994 0.6516
-3259.6445021552017 0.05 0.31909999999999994 0.6309
-3246.3476119965094 0.05 0.33979999999999994 0.6102000000000001
-3232.119007849186 0.05 0.36049999999999993 0.5895
-3216.638253395099 0.05 0.38119999999999993 0.5688
-3200.556103347638 0.05 0.4018999999999999 0.5481
-3182.4526020455355 0.05 0.4225999999999999 0.5274000000000001
-3166.192587847189 0.05 0.4432999999999999 0.5067
-3148.627114803131 0.05 0.4639999999999999 0.48600000000000004
-3129.0792990882196 0.05 0.4846999999999999 0.46530000000000005
-3111.6523631893915 0.05 0.5054 0.4446
-3093.7911707791795 0.05 0.5260999999999999 0.42390000000000005
-3072.9688077443197 0.05 0.5468 0.4032
-3051.7941717263884 0.05 0.5674999999999999 0.38250000000000006
-3029.3474668049093 0.05 0.5882 0.3618
-3005.913429143789 0.05 0.6089 0.34109999999999996
-2984.8389816446074 0.05 0.6295999999999999 0.3204
-2964.181598363468 0.05 0.6502999999999999 0.2997000000000001
-2938.035475135996 0.05 0.6709999999999999 0.279
-2916.0218956522226 0.05 0.6917 0.2583
-2892.0686178040733 0.05 0.7123999999999999 0.23760000000000003
-2867.0725757914965 0.05 0.7330999999999999 0.2169000000000001
-2841.46319852371 0.05 0.7537999999999999 0.19620000000000004
-2815.270461514989 0.05 0.7745 0.1755
-2788.4731470400247 0.05 0.7951999999999999 0.15480000000000005
-2761.803761107643 0.05 0.8158999999999998 0.1341000000000001
-2736.216177656717 0.05 0.8365999999999999 0.11340000000000006
-2709.139506776067 0.05 0.8573 0.0927
-2683.3673083517506 0.05 0.8779999999999999 0.07200000000000006
-2656.690276204274 0.05 0.8986999999999998 0.05130000000000012
-2629.772076769236 0.05 0.9193999999999999 0.03060000000000007
-3484.223878770197 0.0707 0.05 0.8793
-3475.8086292916014 0.0707 0.0707 0.8586
-3466.534051920597 0.0707 0.0914 0.8379
-3458.1702695571776 0.0707 0.11209999999999999 0.8172
-3449.735502295365 0.0707 0.13279999999999997 0.7965
-3438.9567288080743 0.0707 0.15349999999999997 0.7758
-3429.4797661799957 0.0707 0.17419999999999997 0.7551000000000001
-3417.5973318381893 0.0707 0.19489999999999996 0.7344
-3406.4956063155423 0.0707 0.21559999999999996 0.7137
-3394.0204919519024 0.0707 0.23629999999999995 0.6930000000000001
-3380.100780022256 0.0707 0.25699999999999995 0.6723000000000001
-3368.567836617248 0.0707 0.27769999999999995 0.6516000000000001
-3356.388022942755 0.0707 0.29839999999999994 0.6309
-3344.3081675640656 0.0707 0.31909999999999994 0.6102000000000001
-3328.9141776457122 0.0707 0.33979999999999994 0.5895000000000001
-3314.114834148187 0.0707 0.36049999999999993 0.5688000000000001
-3299.333323518973 0.0707 0.38119999999999993 0.5481
-3282.210379049555 0.0707 0.4018999999999999 0.5274000000000001
-3265.99996791355 0.0707 0.4225999999999999 0.5067000000000002
-3248.5941771613834 0.0707 0.4432999999999999 0.4860000000000001
-3229.1461677850452 0.0707 0.4639999999999999 0.4653000000000001
-3211.1222003904372 0.0707 0.4846999999999999 0.4446000000000001
-3193.008082628369 0.0707 0.5054 0.42390000000000005
-3173.532513129652 0.0707 0.5260999999999999 0.4032000000000001
-3152.919884820121 0.0707 0.5468 0.38250000000000006
-3128.923065687651 0.0707 0.5674999999999999 0.3618000000000001
-3106.4686767916546 0.0707 0.5882 0.34110000000000007
-3085.0981144501034 0.0707 0.6089 0.3204
-3064.0546185184426 0.0707 0.6295999999999999 0.2997000000000001
-3041.007620220125 0.0707 0.6502999999999999 0.27900000000000014
-3015.5285677184083 0.0707 0.6709999999999999 0.2583000000000001
-2992.5895505566655 0.0707 0.6917 0.23760000000000003
-2966.4982586959563 0.0707 0.7123999999999999 0.2169000000000001
-2942.0400527235806 0.0707 0.7330999999999999 0.19620000000000015
-2916.846706176332 0.0707 0.7537999999999999 0.1755000000000001
-2888.4485531386867 0.0707 0.7745 0.15480000000000005
-2862.888889571298 0.0707 0.7951999999999999 0.1341000000000001
-2837.5982088853466 0.0707 0.8158999999999998 0.11340000000000017
-2809.1746505464207 0.0707 0.8365999999999999 0.09270000000000012
-2784.3220116063535 0.0707 0.8573 0.07200000000000006
-2758.825393686919 0.0707 0.8779999999999999 0.05130000000000012
-2730.751914863781 0.0707 0.8986999999999998 0.030600000000000183
-3574.1032893702836 0.0914 0.05 0.8585999999999999
-3565.5816827977587 0.0914 0.0707 0.8379
-3555.8581953243083 0.0914 0.0914 0.8171999999999999
-3547.729224502524 0.0914 0.11209999999999999 0.7965
-3537.7069612259525 0.0914 0.13279999999999997 0.7758
-3528.033685179415 0.0914 0.15349999999999997 0.7551
-3517.092316087548 0.0914 0.17419999999999997 0.7343999999999999
-3504.400097947543 0.0914 0.19489999999999996 0.7137
-3493.4055646326483 0.0914 0.21559999999999996 0.6930000000000001
-3478.420257684876 0.0914 0.23629999999999995 0.6723
-3467.164885545125 0.0914 0.25699999999999995 0.6516
-3455.7094491469547 0.0914 0.27769999999999995 0.6309
-3442.794961993499 0.0914 0.29839999999999994 0.6102000000000001
-3428.8759328216574 0.0914 0.31909999999999994 0.5895
-3413.7496643341487 0.0914 0.33979999999999994 0.5688
-3399.1581689226923 0.0914 0.36049999999999993 0.5481
-3383.553063353187 0.0914 0.38119999999999993 0.5274000000000001
-3365.6670508638936 0.0914 0.4018999999999999 0.5067
-3350.01807719011 0.0914 0.4225999999999999 0.48600000000000004
-3330.602254110644 0.0914 0.4432999999999999 0.46530000000000005
