-6013.178971242515 0.6709999999999999 0.05 0.2790000000000001
-5998.203072829264 0.6709999999999999 0.0707 0.2583000000000001
-5980.235321672483 0.6709999999999999 0.0914 0.2376000000000001
-5962.747045572275 0.6709999999999999 0.11209999999999999 0.2169000000000001
-5944.656941573593 0.6709999999999999 0.13279999999999997 0.1962000000000001
-5924.2997916651175 0.6709999999999999 0.15349999999999997 0.1755000000000001
-5903.287952276176 0.6709999999999999 0.17419999999999997 0.1548000000000001
-5881.211006985462 0.6709999999999999 0.19489999999999996 0.1341000000000001
-5858.961742862048 0.6709999999999999 0.21559999999999996 0.11340000000000011
-5836.38925309431 0.6709999999999999 0.23629999999999995 0.09270000000000012
-5811.364144489215 0.6709999999999999 0.25699999999999995 0.07200000000000012
-5786.085440421777 0.6709999999999999 0.27769999999999995 0.05130000000000012
-5759.856421127795 0.6709999999999999 0.29839999999999994 0.030600000000000127
-6098.657454538758 0.6917 0.05 0.25830000000000003
-6083.9784297997685 0.6917 0.0707 0.23760000000000003
-6063.753351370543 0.6917 0.0914 0.21690000000000004
-6048.8496405512105 0.6917 0.11209999999999999 0.19620000000000004
-6027.173859452563 0.6917 0.13279999999999997 0.17550000000000004
-6007.309069134342 0.6917 0.15349999999999997 0.15480000000000005
-5987.427464125731 0.6917 0.17419999999999997 0.13410000000000005
-5963.253836314631 0.6917 0.19489999999999996 0.11340000000000006
-5943.315393052957 0.6917 0.21559999999999996 0.09270000000000006
-5916.649858554948 0.6917 0.23629999999999995 0.07200000000000006
-5892.077196604716 0.6917 0.25699999999999995 0.05130000000000007
-5867.119473646092 0.6917 0.27769999999999995 0.03060000000000007
-6185.020600317086 0.7123999999999999 0.05 0.2376000000000001
-6167.8184280617415 0.7123999999999999 0.0707 0.2169000000000001
-6149.973116603571 0.7123999999999999 0.0914 0.1962000000000001
-6132.220273083131 0.7123999999999999 0.11209999999999999 0.1755000000000001
-6110.614943623944 0.7123999999999999 0.13279999999999997 0.1548000000000001
-6090.409317337711 0.7123999999999999 0.15349999999999997 0.1341000000000001
-6068.809367297191 0.7123999999999999 0.17419999999999997 0.11340000000000011
-6046.558647667887 0.7123999999999999 0.19489999999999996 0.09270000000000012
-6024.312780984952 0.7123999999999999 0.21559999999999996 0.07200000000000012
-5996.386529412445 0.7123999999999999 0.23629999999999995 0.05130000000000012
-5973.377670821227 0.7123999999999999 0.25699999999999995 0.030600000000000127
