-3922.702518600904 0.17419999999999997 0.05 0.7758
-3912.4646364788186 0.17419999999999997 0.0707 0.7551000000000001
-3904.881885057935 0.17419999999999997 0.0914 0.7344
-3890.5535307976834 0.17419999999999997 0.11209999999999999 0.7137000000000001
-3879.680353518524 0.17419999999999997 0.13279999999999997 0.6930000000000001
-3868.3814619618693 0.17419999999999997 0.15349999999999997 0.6723000000000001
-3855.946271186247 0.17419999999999997 0.17419999999999997 0.6516000000000002
-3842.666897943512 0.17419999999999997 0.19489999999999996 0.6309000000000001
-3830.8823587740776 0.17419999999999997 0.21559999999999996 0.6102000000000001
-3819.759899334466 0.17419999999999997 0.23629999999999995 0.5895000000000001
-3807.6355211881823 0.17419999999999997 0.25699999999999995 0.5688000000000002
-3794.124265298944 0.17419999999999997 0.27769999999999995 0.5481000000000001
-3781.27052351601 0.17419999999999997 0.29839999999999994 0.5274000000000001
-3763.8478010412996 0.17419999999999997 0.31909999999999994 0.5067000000000002
-3748.992219799762 0.17419999999999997 0.33979999999999994 0.48600000000000015
-3732.766529113407 0.17419999999999997 0.36049999999999993 0.46530000000000016
-3715.4460686482457 0.17419999999999997 0.38119999999999993 0.44460000000000016
-3695.9451940990225 0.17419999999999997 0.4018999999999999 0.42390000000000017
-3676.178162123266 0.17419999999999997 0.4225999999999999 0.40320000000000017
-3657.9240161871635 0.17419999999999997 0.4432999999999999 0.3825000000000002
-3637.1754000053947 0.17419999999999997 0.4639999999999999 0.3618000000000002
-3617.0327073350654 0.17419999999999997 0.4846999999999999 0.3411000000000002
-3594.510413402608 0.17419999999999997 0.5054 0.32040000000000013
-3573.906511754785 0.17419999999999997 0.5260999999999999 0.2997000000000002
-3551.3162500241483 0.17419999999999997 0.5468 0.27900000000000014
-3529.0825855222247 0.17419999999999997 0.5674999999999999 0.2583000000000002
-3504.77235276375 0.17419999999999997 0.5882 0.23760000000000014
-3482.6243847622673 0.17419999999999997 0.6089 0.2169000000000001
-3457.510054013107 0.17419999999999997 0.6295999999999999 0.19620000000000015
-3433.5880199698345 0.17419999999999997 0.6502999999999999 0.1755000000000002
-3407.672410832296 0.17419999999999997 0.6709999999999999 0.15480000000000016
-3380.871832233937 0.17419999999999997 0.6917 0.1341000000000001
-3355.3173394736896 0.17419999999999997 0.7123999999999999 0.11340000000000017
-3329.6144972845327 0.17419999999999997 0.7330999999999999 0.09270000000000023
-3304.229349925363 0.17419999999999997 0.7537999999999999 0.07200000000000017
-3278.6855413043013 0.17419999999999997 0.7745 0.05130000000000012
-3252.4662418131657 0.17419999999999997 0.7951999999999999 0.030600000000000183
-4012.0414182520585 0.19489999999999996 0.05 0.7551
-4001.995629418875 0.19489999999999996 0.0707 0.7344
-3990.1036183513315 0.19489999999999996 0.0914 0.7137
-3977.7619378038 0.19489999999999996 0.11209999999999999 0.6930000000000001
-3967.005561345184 0.19489999999999996 0.13279999999999997 0.6723000000000001
-3954.120379976511 0.19489999999999996 0.15349999999999997 0.6516000000000001
-3943.606523857685 0.19489999999999996 0.17419999999999997 0.6309
-3931.0926745182387 0.19489999999999996 0.19489999999999996 0.6102000000000001
-3919.0070441896924 0.19489999999999996 0.21559999999999996 0.5895000000000001
-3906.108100025064 0.19489999999999996 0.23629999999999995 0.5688000000000001
-3895.8750646086746 0.19489999999999996 0.25699999999999995 0.5481
-3882.1698181215897 0.19489999999999996 0.27769999999999995 0.5274000000000001
-3866.707443764396 0.19489999999999996 0.29839999999999994 0.5067000000000002
-3850.248996557363 0.19489999999999996 0.31909999999999994 0.4860000000000001
-3832.736126065642 0.19489999999999996 0.33979999999999994 0.4653000000000001
-3816.33049532677 0.19489999999999996 0.36049999999999993 0.4446000000000001
-3798.273148422755 0.19489999999999996 0.38119999999999993 0.4239000000000001
-3779.9193377854244 0.19489999999999996 0.4018999999999999 0.4032000000000001
-3760.3561777668174 0.19489999999999996 0.4225999999999999 0.3825000000000001
-3739.068608682887 0.19489999999999996 0.4432999999999999 0.3618000000000001
-3721.0803004070863 0.19489999999999996 0.4639999999999999 0.3411000000000001
-3700.973712002974 0.19489999999999996 0.4846999999999999 0.32040000000000013
-3677.38137746164 0.19489999999999996 0.5054 0.2997000000000001
-3655.677603842021 0.19489999999999996 0.5260999999999999 0.27900000000000014
-3633.793581129894 0.19489999999999996 0.5468 0.2583000000000001
-3609.4805241161152 0.19489999999999996 0.5674999999999999 0.23760000000000014
-3586.738336655432 0.19489999999999996 0.5882 0.2169000000000001
-3563.60843922022 0.19489999999999996 0.6089 0.19620000000000004
-3538.1145748598155 0.19489999999999996 0.6295999999999999 0.1755000000000001
-3512.9313005307718 0.19489999999999996 0.6502999999999999 0.15480000000000016
-3487.469231127671 0.19489999999999996 0.6709999999999999 0.1341000000000001
-3461.060384551802 0.19489999999999996 0.6917 0.11340000000000006
-3436.3662866874765 0.19489999999999996 0.7123999999999999 0.09270000000000012
-3410.190836602429 0.19489999999999996 0.7330999999999999 0.07200000000000017
-3384.5967420384754 0.19489999999999996 0.7537999999999999 0.05130000000000012
-3358.8346077837177 0.19489999999999996 0.7745 0.03060000000000007
-4097.644611772674 0.21559999999999996 0.05 0.7343999999999999
-4086.0196409870377 0.21559999999999996 0.0707 0.7137
-4075.4729628632767 0.21559999999999996 0.0914 0.693
-4063.143142649002 0.21559999999999996 0.11209999999999999 0.6723
