-4445.75290909602 0.29839999999999994 0.05 0.6516
-4435.0908034203585 0.29839999999999994 0.0707 0.6309
-4426.06432867578 0.29839999999999994 0.0914 0.6102
-4414.751504659586 0.29839999999999994 0.11209999999999999 0.5895
-4403.544745210646 0.29839999999999994 0.13279999999999997 0.5688
-4389.364292319016 0.29839999999999994 0.15349999999999997 0.5481
-4379.143947989699 0.29839999999999994 0.17419999999999997 0.5274000000000001
-4365.822124795748 0.29839999999999994 0.19489999999999996 0.5067
-4352.679797801311 0.29839999999999994 0.21559999999999996 0.48600000000000004
-4338.166133942181 0.29839999999999994 0.23629999999999995 0.46530000000000005
-4319.239538761223 0.29839999999999994 0.25699999999999995 0.44460000000000005
-4303.448125311712 0.29839999999999994 0.27769999999999995 0.42390000000000005
-4285.922628886023 0.29839999999999994 0.29839999999999994 0.40320000000000006
-4267.291179163747 0.29839999999999994 0.31909999999999994 0.38250000000000006
-4245.749044058319 0.29839999999999994 0.33979999999999994 0.36180000000000007
-4227.17897179491 0.29839999999999994 0.36049999999999993 0.34110000000000007
-4207.863271478906 0.29839999999999994 0.38119999999999993 0.3204000000000001
-4182.642056603914 0.29839999999999994 0.4018999999999999 0.2997000000000001
-4166.554230261924 0.29839999999999994 0.4225999999999999 0.2790000000000001
-4142.455930168415 0.29839999999999994 0.4432999999999999 0.2583000000000001
-4122.651866529109 0.29839999999999994 0.4639999999999999 0.2376000000000001
-4101.416456383984 0.29839999999999994 0.4846999999999999 0.2169000000000001
-4078.6730362119606 0.29839999999999994 0.5054 0.19620000000000004
-4056.0211853336073 0.29839999999999994 0.5260999999999999 0.1755000000000001
-4030.79852129596 0.29839999999999994 0.5468 0.15480000000000005
-4005.458789001839 0.29839999999999994 0.5674999999999999 0.1341000000000001
-3980.1358918766755 0.29839999999999994 0.5882 0.11340000000000006
-3955.246706352348 0.29839999999999994 0.6089 0.0927
-3930.0095166590713 0.29839999999999994 0.6295999999999999 0.07200000000000006
-3904.7770098802225 0.29839999999999994 0.6502999999999999 0.05130000000000012
-3879.9868885306187 0.29839999999999994 0.6709999999999999 0.03060000000000007
-4531.484935276476 0.31909999999999994 0.05 0.6309
-4523.10050121576 0.31909999999999994 0.0707 0.6102000000000001
-4511.981033707196 0.31909999999999994 0.0914 0.5895
-4501.116079665768 0.31909999999999994 0.11209999999999999 0.5688000000000001
-4486.845540550886 0.31909999999999994 0.13279999999999997 0.5481
-4477.1278600953765 0.31909999999999994 0.15349999999999997 0.5274000000000001
-4462.787345584998 0.31909999999999994 0.17419999999999997 0.5067000000000002
-4450.576229355428 0.31909999999999994 0.19489999999999996 0.4860000000000001
-4435.327298399946 0.31909999999999994 0.21559999999999996 0.4653000000000001
-4419.681548665674 0.31909999999999994 0.23629999999999995 0.4446000000000001
-4404.426602829171 0.31909999999999994 0.25699999999999995 0.4239000000000001
-4386.245784593343 0.31909999999999994 0.27769999999999995 0.4032000000000001
-4368.236693497239 0.31909999999999994 0.29839999999999994 0.3825000000000001
-4350.294277948966 0.31909999999999994 0.31909999999999994 0.3618000000000001
-4328.360712170481 0.31909999999999994 0.33979999999999994 0.3411000000000001
-4309.859462070246 0.31909999999999994 0.36049999999999993 0.32040000000000013
-4287.832997077615 0.31909999999999994 0.38119999999999993 0.29970000000000013
-4266.436827191672 0.31909999999999994 0.4018999999999999 0.27900000000000014
-4246.402608169165 0.31909999999999994 0.4225999999999999 0.25830000000000014
-4223.46500402616 0.31909999999999994 0.4432999999999999 0.23760000000000014
-4202.926775041318 0.31909999999999994 0.4639999999999999 0.21690000000000015
-4180.405201958808 0.31909999999999994 0.4846999999999999 0.19620000000000015
-4157.282125873452 0.31909999999999994 0.5054 0.1755000000000001
-4133.065259012009 0.31909999999999994 0.5260999999999999 0.15480000000000016
-4108.0990890703315 0.31909999999999994 0.5468 0.1341000000000001
-4082.3473297354144 0.31909999999999994 0.5674999999999999 0.11340000000000017
-4057.031178389166 0.31909999999999994 0.5882 0.09270000000000012
-4032.5674109292445 0.31909999999999994 0.6089 0.07200000000000006
-4007.4859234900096 0.31909999999999994 0.6295999999999999 0.05130000000000012
-3982.275911629936 0.31909999999999994 0.6502999999999999 0.030600000000000183
-4620.442817558613 0.33979999999999994 0.05 0.6102000000000001
-4609.988034890177 0.33979999999999994 0.0707 0.5895000000000001
-4601.166609339398 0.33979999999999994 0.0914 0.5688000000000001
-4588.059207551899 0.33979999999999994 0.11209999999999999 0.5481000000000001
-4576.924623940995 0.33979999999999994 0.13279999999999997 0.5274000000000001
-4564.220401787168 0.33979999999999994 0.15349999999999997 0.5067000000000002
-4551.710152567499 0.33979999999999994 0.17419999999999997 0.48600000000000015
-4537.212578353894 0.33979999999999994 0.19489999999999996 0.46530000000000016
-4522.958121493505 0.33979999999999994 0.21559999999999996 0.44460000000000016
-4507.508274311192 0.33979999999999994 0.23629999999999995 0.42390000000000017
-4491.313669440742 0.33979999999999994 0.25699999999999995 0.40320000000000017
-4471.859779661473 0.33979999999999994 0.27769999999999995 0.3825000000000002
-4453.182428645463 0.33979999999999994 0.29839999999999994 0.3618000000000002
-4434.378182807691 0.33979999999999994 0.31909999999999994 0.3411000000000002
-4410.876158408098 0.33979999999999994 0.33979999999999994 0.3204000000000002
-4391.726743420862 0.33979999999999994 0.36049999999999993 0.2997000000000002
