-4441.121409891244 0.29839999999999994 0.05 0.6516
-4428.0856414864 0.29839999999999994 0.0707 0.6309
-4416.558830103801 0.29839999999999994 0.0914 0.6102
-4397.804518063339 0.29839999999999994 0.11209999999999999 0.5895
-4382.117751543479 0.29839999999999994 0.13279999999999997 0.5688
-4371.824981570716 0.29839999999999994 0.15349999999999997 0.5481
-4353.747549231529 0.29839999999999994 0.17419999999999997 0.5274000000000001
-4340.427841459055 0.29839999999999994 0.19489999999999996 0.5067
-4324.0502405036505 0.29839999999999994 0.21559999999999996 0.48600000000000004
-4305.657064817933 0.29839999999999994 0.23629999999999995 0.46530000000000005
-4292.763082993692 0.29839999999999994 0.25699999999999995 0.44460000000000005
-4275.55312683767 0.29839999999999994 0.27769999999999995 0.42390000000000005
-4257.417699371913 0.29839999999999994 0.29839999999999994 0.40320000000000006
-4241.388039409431 0.29839999999999994 0.31909999999999994 0.38250000000000006
-4223.2805087064235 0.29839999999999994 0.33979999999999994 0.36180000000000007
-4205.962694332001 0.29839999999999994 0.36049999999999993 0.34110000000000007
-4187.110496074206 0.29839999999999994 0.38119999999999993 0.3204000000000001
-4167.924722227395 0.29839999999999994 0.4018999999999999 0.2997000000000001
-4148.615526775723 0.29839999999999994 0.4225999999999999 0.2790000000000001
-4128.375099315533 0.29839999999999994 0.4432999999999999 0.2583000000000001
-4108.816863094131 0.29839999999999994 0.4639999999999999 0.2376000000000001
-4090.128069407945 0.29839999999999994 0.4846999999999999 0.2169000000000001
-4070.3371185260257 0.29839999999999994 0.5054 0.19620000000000004
-4050.6405727079323 0.29839999999999994 0.5260999999999999 0.1755000000000001
-4028.0698172565917 0.29839999999999994 0.5468 0.15480000000000005
-4007.107988453386 0.29839999999999994 0.5674999999999999 0.1341000000000001
-3984.0715174443735 0.29839999999999994 0.5882 0.11340000000000006
-3961.3664433627587 0.29839999999999994 0.6089 0.0927
-3938.624483308808 0.29839999999999994 0.6295999999999999 0.07200000000000006
-3915.706840915237 0.29839999999999994 0.6502999999999999 0.05130000000000012
-3892.566432243768 0.29839999999999994 0.6709999999999999 0.03060000000000007
-4527.759620590797 0.31909999999999994 0.05 0.6309
-4509.060774770733 0.31909999999999994 0.0707 0.6102000000000001
-4497.913053279508 0.31909999999999994 0.0914 0.5895
-4488.3271798957485 0.31909999999999994 0.11209999999999999 0.5688000000000001
-4473.434360563099 0.31909999999999994 0.13279999999999997 0.5481
-4457.051310170673 0.31909999999999994 0.15349999999999997 0.5274000000000001
-4440.853794836628 0.31909999999999994 0.17419999999999997 0.5067000000000002
-4426.022008518241 0.31909999999999994 0.19489999999999996 0.4860000000000001
-4409.737133895634 0.31909999999999994 0.21559999999999996 0.4653000000000001
-4393.6142633000645 0.31909999999999994 0.23629999999999995 0.4446000000000001
-4374.812456004876 0.31909999999999994 0.25699999999999995 0.4239000000000001
-4360.637249462527 0.31909999999999994 0.27769999999999995 0.4032000000000001
-4343.278544258042 0.31909999999999994 0.29839999999999994 0.3825000000000001
-4325.492006227646 0.31909999999999994 0.31909999999999994 0.3618000000000001
-4307.610221060202 0.31909999999999994 0.33979999999999994 0.3411000000000001
-4288.907751367428 0.31909999999999994 0.36049999999999993 0.32040000000000013
-4271.37652559106 0.31909999999999994 0.38119999999999993 0.29970000000000013
-4252.088323406053 0.31909999999999994 0.4018999999999999 0.27900000000000014
-4232.294357562451 0.31909999999999994 0.4225999999999999 0.25830000000000014
-4212.463701489271 0.31909999999999994 0.4432999999999999 0.23760000000000014
-4192.560160464185 0.31909999999999994 0.4639999999999999 0.21690000000000015
-4173.304836743449 0.31909999999999994 0.4846999999999999 0.19620000000000015
-4154.204329676396 0.31909999999999994 0.5054 0.1755000000000001
-4131.936419836632 0.31909999999999994 0.5260999999999999 0.15480000000000016
-4109.715718010997 0.31909999999999994 0.5468 0.1341000000000001
-4087.638765425224 0.31909999999999994 0.5674999999999999 0.11340000000000017
-4064.976586993888 0.31909999999999994 0.5882 0.09270000000000012
-4042.4448244508176 0.31909999999999994 0.6089 0.07200000000000006
-4019.634029217868 0.31909999999999994 0.6295999999999999 0.05130000000000012
-3996.653619731694 0.31909999999999994 0.6502999999999999 0.030600000000000183
-4615.940289284836 0.33979999999999994 0.05 0.6102000000000001
-4603.021405853132 0.33979999999999994 0.0707 0.5895000000000001
-4591.550041275744 0.33979999999999994 0.0914 0.5688000000000001
-4576.715515506132 0.33979999999999994 0.11209999999999999 0.5481000000000001
-4561.351406387839 0.33979999999999994 0.13279999999999997 0.5274000000000001
-4546.0058176814 0.33979999999999994 0.15349999999999997 0.5067000000000002
-4530.248557890421 0.33979999999999994 0.17419999999999997 0.48600000000000015
-4513.569573207786 0.33979999999999994 0.19489999999999996 0.46530000000000016
-4496.9817787373695 0.33979999999999994 0.21559999999999996 0.44460000000000016
-4479.6512175376265 0.33979999999999994 0.23629999999999995 0.42390000000000017
-4462.998340666462 0.33979999999999994 0.25699999999999995 0.40320000000000017
-4447.957284987298 0.33979999999999994 0.27769999999999995 0.3825000000000002
-4430.872547799554 0.33979999999999994 0.29839999999999994 0.3618000000000002
-4413.805110519216 0.33979999999999994 0.31909999999999994 0.3411000000000002
-4392.686175287485 0.33979999999999994 0.33979999999999994 0.3204000000000002
-4376.481680203056 0.33979999999999994 0.36049999999999993 0.2997000000000002
-4357.239090975656 0.33979999999999994 0.38119999999999993 0.2790000000000002
-4338.477801980086 0.33979999999999994 0.4018999999999999 0.2583000000000002
-4318.841811471836 0.33979999999999994 0.4225999999999999 0.2376000000000002
-4299.721692004464 0.33979999999999994 0.4432999999999999 0.2169000000000002
-4279.8927066595425 0.33979999999999994 0.4639999999999999 0.1962000000000002
-4259.8712813586935 0.33979999999999994 0.4846999999999999 0.1755000000000002
-4238.967808609278 0.33979999999999994 0.5054 0.15480000000000016
-4217.362294580083 0.33979999999999994 0.5260999999999999 0.13410000000000022
-4194.613561848313 0.33979999999999994 0.5468 0.11340000000000017
-4171.99748195679 0.33979999999999994 0.5674999999999999 0.09270000000000023
-4149.395366236617 0.33979999999999994 0.5882 0.07200000000000017
-4126.742539538201 0.33979999999999994 0.6089 0.05130000000000012
-4102.654195813376 0.33979999999999994 0.6295999999999999 0.030600000000000183
