-6526.5322012973575 0.7951999999999999 0.05 0.1548000000000001
-6514.613842297174 0.7951999999999999 0.0707 0.1341000000000001
-6495.949573589321 0.7951999999999999 0.0914 0.1134000000000001
-6479.559610325282 0.7951999999999999 0.11209999999999999 0.0927000000000001
-6458.117306623223 0.7951999999999999 0.13279999999999997 0.07200000000000012
-6439.566950783562 0.7951999999999999 0.15349999999999997 0.05130000000000012
-6419.308476481178 0.7951999999999999 0.17419999999999997 0.030600000000000127
-6615.77906476047 0.8158999999999998 0.05 0.13410000000000016
-6601.002998630089 0.8158999999999998 0.0707 0.11340000000000015
-6582.330628128043 0.8158999999999998 0.0914 0.09270000000000016
-6564.067269297981 0.8158999999999998 0.11209999999999999 0.07200000000000016
-6542.65463988426 0.8158999999999998 0.13279999999999997 0.05130000000000018
-6522.96958196184 0.8158999999999998 0.15349999999999997 0.030600000000000183
-6702.428101790899 0.8365999999999999 0.05 0.1134000000000001
-6687.690677036666 0.8365999999999999 0.0707 0.0927000000000001
-6667.432191312601 0.8365999999999999 0.0914 0.0720000000000001
-6649.004171231517 0.8365999999999999 0.11209999999999999 0.05130000000000011
-6627.211853616244 0.8365999999999999 0.13279999999999997 0.030600000000000127
