-5478.1300039372045 0.5468 0.05 0.40320000000000006
-5463.757258272078 0.5468 0.0707 0.38250000000000006
-5447.474120295587 0.5468 0.0914 0.36180000000000007
-5435.82481657048 0.5468 0.11209999999999999 0.34110000000000007
-5419.135682712992 0.5468 0.13279999999999997 0.3204000000000001
-5407.311376711843 0.5468 0.15349999999999997 0.2997000000000001
-5393.090925473155 0.5468 0.17419999999999997 0.2790000000000001
-5375.759747849679 0.5468 0.19489999999999996 0.2583000000000001
-5361.854750376074 0.5468 0.21559999999999996 0.2376000000000001
-5342.502473967409 0.5468 0.23629999999999995 0.2169000000000001
-5326.773722042979 0.5468 0.25699999999999995 0.1962000000000001
-5308.668448545963 0.5468 0.27769999999999995 0.1755000000000001
-5286.9650519084325 0.5468 0.29839999999999994 0.1548000000000001
-5268.838293396844 0.5468 0.31909999999999994 0.1341000000000001
-5245.616459183627 0.5468 0.33979999999999994 0.11340000000000011
-5225.998067828412 0.5468 0.36049999999999993 0.09270000000000012
-5202.77229278247 0.5468 0.38119999999999993 0.07200000000000012
-5175.557213682379 0.5468 0.4018999999999999 0.05130000000000012
-5153.2482530709485 0.5468 0.4225999999999999 0.030600000000000127
-5564.460939727797 0.5674999999999999 0.05 0.3825000000000001
-5551.526640114685 0.5674999999999999 0.0707 0.3618000000000001
-5536.786387501356 0.5674999999999999 0.0914 0.3411000000000001
-5522.171083641744 0.5674999999999999 0.11209999999999999 0.32040000000000013
-5508.021093471936 0.5674999999999999 0.13279999999999997 0.29970000000000013
-5493.969444601032 0.5674999999999999 0.15349999999999997 0.27900000000000014
-5479.318022068081 0.5674999999999999 0.17419999999999997 0.25830000000000014
-5463.618904786595 0.5674999999999999 0.19489999999999996 0.23760000000000014
-5446.981717735508 0.5674999999999999 0.21559999999999996 0.21690000000000015
-5429.419406169119 0.5674999999999999 0.23629999999999995 0.19620000000000015
-5411.180824271074 0.5674999999999999 0.25699999999999995 0.17550000000000016
-5392.211708012882 0.5674999999999999 0.27769999999999995 0.15480000000000016
-5372.198533274254 0.5674999999999999 0.29839999999999994 0.13410000000000016
-5351.309454907327 0.5674999999999999 0.31909999999999994 0.11340000000000017
-5329.735779777733 0.5674999999999999 0.33979999999999994 0.09270000000000017
-5306.365730164123 0.5674999999999999 0.36049999999999993 0.07200000000000017
-5282.410295962317 0.5674999999999999 0.38119999999999993 0.05130000000000018
-5257.138425556414 0.5674999999999999 0.4018999999999999 0.030600000000000183
-5652.369044479014 0.5882 0.05 0.36180000000000007
-5640.134234601825 0.5882 0.0707 0.34110000000000007
-5622.871242207592 0.5882 0.0914 0.3204000000000001
-5611.079000012515 0.5882 0.11209999999999999 0.2997000000000001
-5594.521121825981 0.5882 0.13279999999999997 0.2790000000000001
-5580.164302755236 0.5882 0.15349999999999997 0.2583000000000001
-5567.0576219799 0.5882 0.17419999999999997 0.2376000000000001
-5549.253914197727 0.5882 0.19489999999999996 0.2169000000000001
-5534.387869658427 0.5882 0.21559999999999996 0.1962000000000001
-5513.875765604513 0.5882 0.23629999999999995 0.1755000000000001
-5495.372199894674 0.5882 0.25699999999999995 0.1548000000000001
-5477.675236541663 0.5882 0.27769999999999995 0.1341000000000001
-5455.033884691545 0.5882 0.29839999999999994 0.11340000000000011
-5435.476403341659 0.5882 0.31909999999999994 0.09270000000000012
-5410.905300028928 0.5882 0.33979999999999994 0.07200000000000012
-5386.432796307595 0.5882 0.36049999999999993 0.05130000000000012
-5363.804382508843 0.5882 0.38119999999999993 0.030600000000000127
