-3903.084023353101 0.17419999999999997 0.05 0.7758
-3889.3803585153414 0.17419999999999997 0.0707 0.7551000000000001
-3874.678109320224 0.17419999999999997 0.0914 0.7344
-3861.300149932896 0.17419999999999997 0.11209999999999999 0.7137000000000001
-3846.6366088467785 0.17419999999999997 0.13279999999999997 0.6930000000000001
-3832.982264584708 0.17419999999999997 0.15349999999999997 0.6723000000000001
-3819.2033108945893 0.17419999999999997 0.17419999999999997 0.6516000000000002
-3805.2586519223714 0.17419999999999997 0.19489999999999996 0.6309000000000001
-3791.3228844018336 0.17419999999999997 0.21559999999999996 0.6102000000000001
-3777.463551809128 0.17419999999999997 0.23629999999999995 0.5895000000000001
-3762.86076000198 0.17419999999999997 0.25699999999999995 0.5688000000000002
-3749.70079920999 0.17419999999999997 0.27769999999999995 0.5481000000000001
-3735.247907571138 0.17419999999999997 0.29839999999999994 0.5274000000000001
-3721.043049869378 0.17419999999999997 0.31909999999999994 0.5067000000000002
-3705.9386109584198 0.17419999999999997 0.33979999999999994 0.48600000000000015
-3691.1865758964673 0.17419999999999997 0.36049999999999993 0.46530000000000016
-3675.7772742492593 0.17419999999999997 0.38119999999999993 0.44460000000000016
-3660.2925990474573 0.17419999999999997 0.4018999999999999 0.42390000000000017
-3643.0770256022192 0.17419999999999997 0.4225999999999999 0.40320000000000017
-3626.385144603415 0.17419999999999997 0.4432999999999999 0.3825000000000002
-3608.6264568896027 0.17419999999999997 0.4639999999999999 0.3618000000000002
-3589.4311767537533 0.17419999999999997 0.4846999999999999 0.3411000000000002
-3571.389755683 0.17419999999999997 0.5054 0.32040000000000013
-3552.5095244080912 0.17419999999999997 0.5260999999999999 0.2997000000000002
-3532.948133272678 0.17419999999999997 0.5468 0.27900000000000014
-3512.511736349448 0.17419999999999997 0.5674999999999999 0.2583000000000002
-3491.815817142652 0.17419999999999997 0.5882 0.23760000000000014
-3469.866702840268 0.17419999999999997 0.6089 0.2169000000000001
-3447.1374411051834 0.17419999999999997 0.6295999999999999 0.19620000000000015
-3425.141123867648 0.17419999999999997 0.6502999999999999 0.1755000000000002
-3400.8855152810993 0.17419999999999997 0.6709999999999999 0.15480000000000016
-3376.9011050353206 0.17419999999999997 0.6917 0.1341000000000001
-3353.0916502034534 0.17419999999999997 0.7123999999999999 0.11340000000000017
-3328.1717159538584 0.17419999999999997 0.7330999999999999 0.09270000000000023
-3303.750951023168 0.17419999999999997 0.7537999999999999 0.07200000000000017
-3278.1575749354547 0.17419999999999997 0.7745 0.05130000000000012
-3253.521588651103 0.17419999999999997 0.7951999999999999 0.030600000000000183
-3991.6972658472337 0.19489999999999996 0.05 0.7551
-3977.96149803891 0.19489999999999996 0.0707 0.7344
-3964.162768097092 0.19489999999999996 0.0914 0.7137
-3950.0014946763295 0.19489999999999996 0.11209999999999999 0.6930000000000001
-3935.2139849260566 0.19489999999999996 0.13279999999999997 0.6723000000000001
-3922.4413522279588 0.19489999999999996 0.15349999999999997 0.6516000000000001
-3907.8124449305433 0.19489999999999996 0.17419999999999997 0.6309
-3893.7659740270637 0.19489999999999996 0.19489999999999996 0.6102000000000001
-3880.1354169503616 0.19489999999999996 0.21559999999999996 0.5895000000000001
-3865.974196199373 0.19489999999999996 0.23629999999999995 0.5688000000000001
-3851.5937289554904 0.19489999999999996 0.25699999999999995 0.5481
-3838.201663778035 0.19489999999999996 0.27769999999999995 0.5274000000000001
-3823.4508130371282 0.19489999999999996 0.29839999999999994 0.5067000000000002
-3808.6874105286424 0.19489999999999996 0.31909999999999994 0.4860000000000001
-3794.6363957712683 0.19489999999999996 0.33979999999999994 0.4653000000000001
-3779.1568387651923 0.19489999999999996 0.36049999999999993 0.4446000000000001
-3763.5479501545947 0.19489999999999996 0.38119999999999993 0.4239000000000001
-3747.459250155735 0.19489999999999996 0.4018999999999999 0.4032000000000001
-3730.2290414103554 0.19489999999999996 0.4225999999999999 0.3825000000000001
-3713.154825064957 0.19489999999999996 0.4432999999999999 0.3618000000000001
-3695.539449725645 0.19489999999999996 0.4639999999999999 0.3411000000000001
-3676.9936555304985 0.19489999999999996 0.4846999999999999 0.32040000000000013
-3657.8910382329827 0.19489999999999996 0.5054 0.2997000000000001
-3636.859127728072 0.19489999999999996 0.5260999999999999 0.27900000000000014
-3617.4401866065855 0.19489999999999996 0.5468 0.2583000000000001
-3596.766696924695 0.19489999999999996 0.5674999999999999 0.23760000000000014
-3575.232367756224 0.19489999999999996 0.5882 0.2169000000000001
-3552.896922122246 0.19489999999999996 0.6089 0.19620000000000004
-3530.790930772503 0.19489999999999996 0.6295999999999999 0.1755000000000001
-3508.309282865496 0.19489999999999996 0.6502999999999999 0.15480000000000016
-3482.663199944402 0.19489999999999996 0.6709999999999999 0.1341000000000001
-3459.719496293547 0.19489999999999996 0.6917 0.11340000000000006
-3433.951951210752 0.19489999999999996 0.7123999999999999 0.09270000000000012
-3409.681263720413 0.19489999999999996 0.7330999999999999 0.07200000000000017
-3385.1767543946717 0.19489999999999996 0.7537999999999999 0.05130000000000012
-3359.4522175989646 0.19489999999999996 0.7745 0.03060000000000007
-4078.1986286694487 0.21559999999999996 0.05 0.7343999999999999
-4063.814858808124 0.21559999999999996 0.0707 0.7137
-4049.5537495863 0.21559999999999996 0.0914 0.693
-4036.5900559279694 0.21559999999999996 0.11209999999999999 0.6723
-4021.875103686982 0.21559999999999996 0.13279999999999997 0.6516
-4008.5151702558255 0.21559999999999996 0.15349999999999997 0.6309
-3994.5297267568635 0.21559999999999996 0.17419999999999997 0.6102000000000001
-3980.398546598314 0.21559999999999996 0.19489999999999996 0.5895
-3966.1241407701455 0.21559999999999996 0.21559999999999996 0.5688
-3952.2100789312185 0.21559999999999996 0.23629999999999995 0.5481
-3938.2171759828047 0.21559999999999996 0.25699999999999995 0.5274000000000001
-3924.491254216918 0.21559999999999996 0.27769999999999995 0.5067
-3909.4832549016423 0.21559999999999996 0.29839999999999994 0.48600000000000004
-3895.4963472940926 0.21559999999999996 0.31909999999999994 0.46530000000000005
-3880.016187261712 0.21559999999999996 0.33979999999999994 0.44460000000000005
-3865.001340002503 0.21559999999999996 0.36049999999999993 0.42390000000000005
-3848.331029805659 0.21559999999999996 0.38119999999999993 0.40320000000000006
-3832.3341578817526 0.21559999999999996 0.4018999999999999 0.38250000000000006
-3814.84181098659 0.21559999999999996 0.4225999999999999 0.36180000000000007
-3796.765398229392 0.21559999999999996 0.4432999999999999 0.34110000000000007
-3779.006398279756 0.21559999999999996 0.4639999999999999 0.3204000000000001
-3760.6887178482616 0.21559999999999996 0.4846999999999999 0.2997000000000001
-3739.872142564142 0.21559999999999996 0.5054 0.279
-3720.555296608527 0.21559999999999996 0.5260999999999999 0.2583000000000001
-3699.5072325326723 0.21559999999999996 0.5468 0.23760000000000003
-3678.922378744019 0.21559999999999996 0.5674999999999999 0.2169000000000001
-3657.282514563244 0.21559999999999996 0.5882 0.19620000000000004
-3634.7540893352675 0.21559999999999996 0.6089 0.1755
-3610.4095716898064 0.21559999999999996 0.6295999999999999 0.15480000000000005
-3587.1704518363094 0.21559999999999996 0.6502999999999999 0.1341000000000001
-3563.944400184273 0.21559999999999996 0.6709999999999999 0.11340000000000006
-3537.0062075603128 0.21559999999999996 0.6917 0.0927
-3513.2512190267084 0.21559999999999996 0.7123999999999999 0.07200000000000006
-3489.483384097062 0.21559999999999996 0.7330999999999999 0.05130000000000012
-3464.1342262910503 0.21559999999999996 0.7537999999999999 0.03060000000000007
