-3380.0576617980464 0.05 0.05 0.8999999999999999
-3365.9113296922355 0.05 0.0707 0.8793
-3351.7375278288173 0.05 0.0914 0.8585999999999999
-3338.1527091839575 0.05 0.11209999999999999 0.8379
-3323.8906454205344 0.05 0.13279999999999997 0.8171999999999999
-3310.175974622946 0.05 0.15349999999999997 0.7965
-3296.3836486246546 0.05 0.17419999999999997 0.7758
-3282.4243555119633 0.05 0.19489999999999996 0.7551
-3268.5659080557652 0.05 0.21559999999999996 0.7343999999999999
-3254.3031440562445 0.05 0.23629999999999995 0.7137
-3240.75947496141 0.05 0.25699999999999995 0.6930000000000001
-3226.904811208544 0.05 0.27769999999999995 0.6723
-3212.956631738292 0.05 0.29839999999999994 0.6516
-3199.1875061813685 0.05 0.31909999999999994 0.6309
-3184.9743444303954 0.05 0.33979999999999994 0.6102000000000001
-3170.8939565756023 0.05 0.36049999999999993 0.5895
-3156.657930184863 0.05 0.38119999999999993 0.5688
-3142.181178780814 0.05 0.4018999999999999 0.5481
-3127.9814756113187 0.05 0.4225999999999999 0.5274000000000001
-3112.1185345765325 0.05 0.4432999999999999 0.5067
-3096.696470656721 0.05 0.4639999999999999 0.48600000000000004
-3080.4482350937296 0.05 0.4846999999999999 0.46530000000000005
-3063.9921800701745 0.05 0.5054 0.4446
-3046.866120481551 0.05 0.5260999999999999 0.42390000000000005
-3029.0863501485264 0.05 0.5468 0.4032
-3010.088368912169 0.05 0.5674999999999999 0.38250000000000006
-2992.3586523368326 0.05 0.5882 0.3618
-2972.4772409256093 0.05 0.6089 0.34109999999999996
-2952.8444073527594 0.05 0.6295999999999999 0.3204
-2932.1188851745815 0.05 0.6502999999999999 0.2997000000000001
-2912.1812152516395 0.05 0.6709999999999999 0.279
-2891.5615351553333 0.05 0.6917 0.2583
-2868.578940697032 0.05 0.7123999999999999 0.23760000000000003
-2845.9486546962717 0.05 0.7330999999999999 0.2169000000000001
-2823.0379258462017 0.05 0.7537999999999999 0.19620000000000004
-2799.666840649345 0.05 0.7745 0.1755
-2775.6288408124246 0.05 0.7951999999999999 0.15480000000000005
-2750.6300740352654 0.05 0.8158999999999998 0.1341000000000001
-2726.0920167026047 0.05 0.8365999999999999 0.11340000000000006
-2700.92259687395 0.05 0.8573 0.0927
-2676.375044225938 0.05 0.8779999999999999 0.07200000000000006
-2651.8663906216134 0.05 0.8986999999999998 0.05130000000000012
-2626.742756515204 0.05 0.9193999999999999 0.03060000000000007
-3466.164402979599 0.0707 0.05 0.8793
-3452.619126354031 0.0707 0.0707 0.8586
-3438.524099640927 0.0707 0.0914 0.8379
-3424.582506319932 0.0707 0.11209999999999999 0.8172
-3410.4410562474663 0.0707 0.13279999999999997 0.7965
-3396.5595144420254 0.0707 0.15349999999999997 0.7758
-3382.9981938873125 0.0707 0.17419999999999997 0.7551000000000001
-3368.780270960319 0.0707 0.19489999999999996 0.7344
-3354.9381983495173 0.0707 0.21559999999999996 0.7137
-3340.806169923252 0.0707 0.23629999999999995 0.6930000000000001
-3326.9581116610543 0.0707 0.25699999999999995 0.6723000000000001
-3313.347467823674 0.0707 0.27769999999999995 0.6516000000000001
-3299.417577240869 0.0707 0.29839999999999994 0.6309
-3285.5810021170846 0.0707 0.31909999999999994 0.6102000000000001
-3271.2404830575933 0.0707 0.33979999999999994 0.5895000000000001
-3257.3738239646427 0.0707 0.36049999999999993 0.5688000000000001
-3243.1916270141915 0.0707 0.38119999999999993 0.5481
-3228.738890577903 0.0707 0.4018999999999999 0.5274000000000001
-3213.461683736174 0.0707 0.4225999999999999 0.5067000000000002
-3198.2074261961457 0.0707 0.4432999999999999 0.4860000000000001
-3181.664986313464 0.0707 0.4639999999999999 0.4653000000000001
-3165.007450998637 0.0707 0.4846999999999999 0.4446000000000001
-3148.5915235110097 0.0707 0.5054 0.42390000000000005
-3130.135706417095 0.0707 0.5260999999999999 0.4032000000000001
-3112.647847195482 0.0707 0.5468 0.38250000000000006
-3093.43595906274 0.0707 0.5674999999999999 0.3618000000000001
-3074.910968954372 0.0707 0.5882 0.34110000000000007
-3055.5677867255235 0.0707 0.6089 0.3204
-3034.991910894915 0.0707 0.6295999999999999 0.2997000000000001
-3014.3092058298544 0.0707 0.6502999999999999 0.27900000000000014
-2993.380174131139 0.0707 0.6709999999999999 0.2583000000000001
-2972.0757496145548 0.0707 0.6917 0.23760000000000003
-2949.2622415977507 0.0707 0.7123999999999999 0.2169000000000001
-2926.366409603436 0.0707 0.7330999999999999 0.19620000000000015
-2903.0338814422025 0.0707 0.7537999999999999 0.1755000000000001
-2878.965519134777 0.0707 0.7745 0.15480000000000005
-2853.814752746903 0.0707 0.7951999999999999 0.1341000000000001
-2829.4339406247354 0.0707 0.8158999999999998 0.11340000000000017
-2803.5130260077744 0.0707 0.8365999999999999 0.09270000000000012
-2779.861631950659 0.0707 0.8573 0.07200000000000006
-2755.2790525690525 0.0707 0.8779999999999999 0.05130000000000012
-2730.0187256144823 0.0707 0.8986999999999998 0.030600000000000183
-3555.022037857505 0.0914 0.05 0.8585999999999999
-3540.9867978508055 0.0914 0.0707 0.8379
-3526.957794310826 0.0914 0.0914 0.8171999999999999
-3513.170123880545 0.0914 0.11209999999999999 0.7965
-3498.877152209807 0.0914 0.13279999999999997 0.7758
-3485.167607169533 0.0914 0.15349999999999997 0.7551
-3471.231224393243 0.0914 0.17419999999999997 0.7343999999999999
-3457.346920922803 0.0914 0.19489999999999996 0.7137
-3443.7092447343794 0.0914 0.21559999999999996 0.6930000000000001
-3429.4291558667446 0.0914 0.23629999999999995 0.6723
-3415.796349202761 0.0914 0.25699999999999995 0.6516
-3401.9563525027884 0.0914 0.27769999999999995 0.6309
-3387.686145800845 0.0914 0.29839999999999994 0.6102000000000001
-3373.9959277641033 0.0914 0.31909999999999994 0.5895
-3359.825413946539 0.0914 0.33979999999999994 0.5688
-3345.4275422332607 0.0914 0.36049999999999993 0.5481
-3331.351989957641 0.0914 0.38119999999999993 0.5274000000000001
-3316.0924710370236 0.0914 0.4018999999999999 0.5067
-3301.383265451644 0.0914 0.4225999999999999 0.48600000000000004
-3285.143500097195 0.0914 0.4432999999999999 0.46530000000000005
-3268.79488038163 0.0914 0.4639999999999999 0.44460000000000005
-3252.11716217368 0.0914 0.4846999999999999 0.42390000000000005
-3234.1926764828722 0.0914 0.5054 0.4032
-3216.969076067289 0.0914 0.5260999999999999 0.38250000000000006
-3197.9944750187115 0.0914 0.5468 0.3618
-3179.171319619107 0.0914 0.5674999999999999 0.34110000000000007
-3160.0407939415495 0.0914 0.5882 0.3204
-3139.795263501213 0.0914 0.6089 0.29969999999999997
-3119.7696901141267 0.0914 0.6295999999999999 0.279
-3098.836945721314 0.0914 0.6502999999999999 0.2583000000000001
-3076.917774383081 0.0914 0.6709999999999999 0.23760000000000003
-3055.3435356826767 0.0914 0.6917 0.21689999999999998
-3032.231545159885 0.0914 0.7123999999999999 0.19620000000000004
-3008.798709777569 0.0914 0.7330999999999999 0.1755000000000001
-2985.063187387169 0.0914 0.7537999999999999 0.15480000000000005
-2959.8880343701326 0.0914 0.7745 0.1341
-2935.351729931808 0.0914 0.7951999999999999 0.11340000000000006
-2909.306501166415 0.0914 0.8158999999999998 0.09270000000000012
-2885.826341792965 0.0914 0.8365999999999999 0.07200000000000006
-2861.3036515537797 0.0914 0.8573 0.05130000000000001
-2836.1181574716506 0.0914 0.8779999999999999 0.03060000000000007
