-3641.1859446314247 0.11209999999999999 0.05 0.8379
-3627.531173275229 0.11209999999999999 0.0707 0.8172
-3613.3411164960644 0.11209999999999999 0.0914 0.7965
-3599.504615619847 0.11209999999999999 0.11209999999999999 0.7758
-3585.9286051906547 0.11209999999999999 0.13279999999999997 0.7551000000000001
-3571.5772946858947 0.11209999999999999 0.15349999999999997 0.7344
-3558.160502936312 0.11209999999999999 0.17419999999999997 0.7137
-3543.869259758925 0.11209999999999999 0.19489999999999996 0.6930000000000001
-3529.6455538113773 0.11209999999999999 0.21559999999999996 0.6723000000000001
-3516.0429555286855 0.11209999999999999 0.23629999999999995 0.6516000000000001
-3502.015724738242 0.11209999999999999 0.25699999999999995 0.6309
-3488.5356567936333 0.11209999999999999 0.27769999999999995 0.6102000000000001
-3474.071140927456 0.11209999999999999 0.29839999999999994 0.5895000000000001
-3460.305825935402 0.11209999999999999 0.31909999999999994 0.5688000000000001
-3445.845636667139 0.11209999999999999 0.33979999999999994 0.5481
-3431.6090253212133 0.11209999999999999 0.36049999999999993 0.5274000000000001
-3416.714795904895 0.11209999999999999 0.38119999999999993 0.5067000000000002
-3401.508946922354 0.11209999999999999 0.4018999999999999 0.4860000000000001
-3386.5110002914303 0.11209999999999999 0.4225999999999999 0.4653000000000001
-3370.193104323647 0.11209999999999999 0.4432999999999999 0.4446000000000001
-3353.387692116886 0.11209999999999999 0.4639999999999999 0.4239000000000001
-3335.698097938027 0.11209999999999999 0.4846999999999999 0.4032000000000001
-3318.5552097315413 0.11209999999999999 0.5054 0.38250000000000006
-3299.8702837189894 0.11209999999999999 0.5260999999999999 0.3618000000000001
-3281.213532826875 0.11209999999999999 0.5468 0.34110000000000007
-3261.92683137213 0.11209999999999999 0.5674999999999999 0.32040000000000013
-3242.1728056993416 0.11209999999999999 0.5882 0.2997000000000001
-3222.307285050043 0.11209999999999999 0.6089 0.279
-3201.4936943348257 0.11209999999999999 0.6295999999999999 0.2583000000000001
-3179.82680048738 0.11209999999999999 0.6502999999999999 0.23760000000000014
-3157.7727543497645 0.11209999999999999 0.6709999999999999 0.2169000000000001
-3135.1918795122474 0.11209999999999999 0.6917 0.19620000000000004
-3111.8927125830064 0.11209999999999999 0.7123999999999999 0.1755000000000001
-3088.114361498897 0.11209999999999999 0.7330999999999999 0.15480000000000016
-3063.20385643006 0.11209999999999999 0.7537999999999999 0.1341000000000001
-3038.972393401592 0.11209999999999999 0.7745 0.11340000000000006
-3013.1152717337513 0.11209999999999999 0.7951999999999999 0.09270000000000012
-2989.2763547641102 0.11209999999999999 0.8158999999999998 0.07200000000000017
-2964.614495095867 0.11209999999999999 0.8365999999999999 0.05130000000000012
-2939.5333847680345 0.11209999999999999 0.8573 0.03060000000000007
-3729.7305163277674 0.13279999999999997 0.05 0.8171999999999999
-3715.9617424314374 0.13279999999999997 0.0707 0.7965
-3702.072991926642 0.13279999999999997 0.0914 0.7757999999999999
-3688.140585554432 0.13279999999999997 0.11209999999999999 0.7551
-3674.1031798617996 0.13279999999999997 0.13279999999999997 0.7343999999999999
-3660.173624170593 0.13279999999999997 0.15349999999999997 0.7137
-3646.983637658331 0.13279999999999997 0.17419999999999997 0.6930000000000001
-3632.3327920057714 0.13279999999999997 0.19489999999999996 0.6723
-3618.7794038783854 0.13279999999999997 0.21559999999999996 0.6516
-3604.1210731267997 0.13279999999999997 0.23629999999999995 0.6309
-3590.658721362654 0.13279999999999997 0.25699999999999995 0.6102000000000001
-3576.912935035418 0.13279999999999997 0.27769999999999995 0.5895
-3562.7404654635006 0.13279999999999997 0.29839999999999994 0.5688
-3548.7098649885565 0.13279999999999997 0.31909999999999994 0.5481
-3534.1247368339664 0.13279999999999997 0.33979999999999994 0.5274000000000001
-3519.6525391652344 0.13279999999999997 0.36049999999999993 0.5067
-3504.8385769174492 0.13279999999999997 0.38119999999999993 0.48600000000000004
-3488.980201142439 0.13279999999999997 0.4018999999999999 0.46530000000000005
-3472.521317484183 0.13279999999999997 0.4225999999999999 0.44460000000000005
-3458.111284476713 0.13279999999999997 0.4432999999999999 0.42390000000000005
-3439.636821646379 0.13279999999999997 0.4639999999999999 0.40320000000000006
-3422.226129210119 0.13279999999999997 0.4846999999999999 0.38250000000000006
-3404.5883122745126 0.13279999999999997 0.5054 0.3618
-3385.887795149165 0.13279999999999997 0.5260999999999999 0.34110000000000007
-3367.04752077835 0.13279999999999997 0.5468 0.3204
-3347.5554326275574 0.13279999999999997 0.5674999999999999 0.2997000000000001
-3327.145063403998 0.13279999999999997 0.5882 0.279
-3307.2513085610685 0.13279999999999997 0.6089 0.2583
-3285.2542463774907 0.13279999999999997 0.6295999999999999 0.23760000000000003
-3264.3231649458166 0.13279999999999997 0.6502999999999999 0.2169000000000001
-3240.38796080647 0.13279999999999997 0.6709999999999999 0.19620000000000004
-3218.0599774942234 0.13279999999999997 0.6917 0.1755
-3194.06650313863 0.13279999999999997 0.7123999999999999 0.15480000000000005
-3169.5036350491914 0.13279999999999997 0.7330999999999999 0.1341000000000001
-3144.8410864782477 0.13279999999999997 0.7537999999999999 0.11340000000000006
-3119.784475680702 0.13279999999999997 0.7745 0.0927
-3095.2439230689074 0.13279999999999997 0.7951999999999999 0.07200000000000006
-3071.009767349659 0.13279999999999997 0.8158999999999998 0.05130000000000012
-3045.785155755728 0.13279999999999997 0.8365999999999999 0.03060000000000007
-3816.438299851072 0.15349999999999997 0.05 0.7965
-3802.732342614143 0.15349999999999997 0.0707 0.7758
-3788.7837965989347 0.15349999999999997 0.0914 0.7551
-3774.708366659825 0.15349999999999997 0.11209999999999999 0.7344
-3760.78205665875 0.15349999999999997 0.13279999999999997 0.7137
-3746.5555158750944 0.15349999999999997 0.15349999999999997 0.6930000000000001
-3732.9271894238486 0.15349999999999997 0.17419999999999997 0.6723000000000001
-3718.842391347289 0.15349999999999997 0.19489999999999996 0.6516000000000001
-3705.1837326709356 0.15349999999999997 0.21559999999999996 0.6309
-3690.8187173205683 0.15349999999999997 0.23629999999999995 0.6102000000000001
-3677.222366565006 0.15349999999999997 0.25699999999999995 0.5895000000000001
-3663.3572850917417 0.15349999999999997 0.27769999999999995 0.5688000000000001
-3649.017443980017 0.15349999999999997 0.29839999999999994 0.5481
-3634.873970988876 0.15349999999999997 0.31909999999999994 0.5274000000000001
-3619.8942010735927 0.15349999999999997 0.33979999999999994 0.5067000000000002
-3605.8251697639694 0.15349999999999997 0.36049999999999993 0.4860000000000001
-3589.9691005505338 0.15349999999999997 0.38119999999999993 0.4653000000000001
-3574.306746979422 0.15349999999999997 0.4018999999999999 0.4446000000000001
-3559.1126320125313 0.15349999999999997 0.4225999999999999 0.4239000000000001
-3541.5886179587656 0.15349999999999997 0.4432999999999999 0.4032000000000001
-3524.2754367223424 0.15349999999999997 0.4639999999999999 0.3825000000000001
-3506.2451513865913 0.15349999999999997 0.4846999999999999 0.3618000000000001
-3487.817934689796 0.15349999999999997 0.5054 0.34110000000000007
-3469.474888854787 0.15349999999999997 0.5260999999999999 0.32040000000000013
-3449.7486137831315 0.15349999999999997 0.5468 0.2997000000000001
-3430.2176057501633 0.15349999999999997 0.5674999999999999 0.27900000000000014
-3409.794376007115 0.15349999999999997 0.5882 0.2583000000000001
-3388.5722649768295 0.15349999999999997 0.6089 0.23760000000000003
-3366.356202151468 0.15349999999999997 0.6295999999999999 0.2169000000000001
-3344.0036324674065 0.15349999999999997 0.6502999999999999 0.19620000000000015
-3321.1009756170756 0.15349999999999997 0.6709999999999999 0.1755000000000001
-3297.3661912910197 0.15349999999999997 0.6917 0.15480000000000005
-3273.006721818796 0.15349999999999997 0.7123999999999999 0.1341000000000001
-3248.2750668659705 0.15349999999999997 0.7330999999999999 0.11340000000000017
-3223.557208883295 0.15349999999999997 0.7537999999999999 0.09270000000000012
-3198.9513930360145 0.15349999999999997 0.7745 0.07200000000000006
-3174.251885886131 0.15349999999999997 0.7951999999999999 0.05130000000000012
-3149.2179213341497 0.15349999999999997 0.8158999999999998 0.030600000000000183
