-3517.517867779482 0.11209999999999999 0.05 0.8379
-3691.6176893015936 0.11209999999999999 0.0707 0.8172
-3572.206847144419 0.11209999999999999 0.0914 0.7965
-3574.2779609982526 0.11209999999999999 0.11209999999999999 0.7758
-3709.1866731397463 0.11209999999999999 0.13279999999999997 0.7551000000000001
-3707.786677482138 0.11209999999999999 0.15349999999999997 0.7344
-3712.102376460941 0.11209999999999999 0.17419999999999997 0.7137
-3713.0525264146263 0.11209999999999999 0.19489999999999996 0.6930000000000001
-3714.9856028227155 0.11209999999999999 0.21559999999999996 0.6723000000000001
-3711.6162405300197 0.11209999999999999 0.23629999999999995 0.6516000000000001
-3697.705148492428 0.11209999999999999 0.25699999999999995 0.6309
-3671.7718242818614 0.11209999999999999 0.27769999999999995 0.6102000000000001
-3644.951380807672 0.11209999999999999 0.29839999999999994 0.5895000000000001
-3618.979240405771 0.11209999999999999 0.31909999999999994 0.5688000000000001
-3596.5118090165133 0.11209999999999999 0.33979999999999994 0.5481
-3574.995482252725 0.11209999999999999 0.36049999999999993 0.5274000000000001
-3550.0414439650503 0.11209999999999999 0.38119999999999993 0.5067000000000002
-3525.7523426713087 0.11209999999999999 0.4018999999999999 0.4860000000000001
-3494.615684566949 0.11209999999999999 0.4225999999999999 0.4653000000000001
-3468.8544389305184 0.11209999999999999 0.4432999999999999 0.4446000000000001
-3441.64895104244 0.11209999999999999 0.4639999999999999 0.4239000000000001
-3419.108629685098 0.11209999999999999 0.4846999999999999 0.4032000000000001
-3388.597865524045 0.11209999999999999 0.5054 0.38250000000000006
-3364.2076755564954 0.11209999999999999 0.5260999999999999 0.3618000000000001
-3337.9088105125925 0.11209999999999999 0.5468 0.34110000000000007
-3308.498620162687 0.11209999999999999 0.5674999999999999 0.32040000000000013
-3285.0125856609034 0.11209999999999999 0.5882 0.2997000000000001
-3252.8703647089797 0.11209999999999999 0.6089 0.279
-3225.8706340755502 0.11209999999999999 0.6295999999999999 0.2583000000000001
-3198.822547451777 0.11209999999999999 0.6502999999999999 0.23760000000000014
-3177.7633294097227 0.11209999999999999 0.6709999999999999 0.2169000000000001
-3145.471940367314 0.11209999999999999 0.6917 0.19620000000000004
-3120.438611148012 0.11209999999999999 0.7123999999999999 0.1755000000000001
-3091.6722044945996 0.11209999999999999 0.7330999999999999 0.15480000000000016
-3061.8672961157927 0.11209999999999999 0.7537999999999999 0.1341000000000001
-3039.2085417814515 0.11209999999999999 0.7745 0.11340000000000006
-3010.6944700493646 0.11209999999999999 0.7951999999999999 0.09270000000000012
-2980.8114588359217 0.11209999999999999 0.8158999999999998 0.07200000000000017
-2955.3358861100437 0.11209999999999999 0.8365999999999999 0.05130000000000012
-2923.568185881769 0.11209999999999999 0.8573 0.03060000000000007
-3747.2697975353235 0.13279999999999997 0.05 0.8171999999999999
-3579.166876579286 0.13279999999999997 0.0707 0.7965
-3770.317167746524 0.13279999999999997 0.0914 0.7757999999999999
-3766.037981175701 0.13279999999999997 0.11209999999999999 0.7551
-3777.8094730969324 0.13279999999999997 0.13279999999999997 0.7343999999999999
-3780.5969109883004 0.13279999999999997 0.15349999999999997 0.7137
-3785.6197098985044 0.13279999999999997 0.17419999999999997 0.6930000000000001
-3772.308401160623 0.13279999999999997 0.19489999999999996 0.6723
-3787.2072215922335 0.13279999999999997 0.21559999999999996 0.6516
-3781.97184403597 0.13279999999999997 0.23629999999999995 0.6309
-3765.6090720583484 0.13279999999999997 0.25699999999999995 0.6102000000000001
-3741.529481478628 0.13279999999999997 0.27769999999999995 0.5895
-3709.7324894119574 0.13279999999999997 0.29839999999999994 0.5688
-3688.6609474940537 0.13279999999999997 0.31909999999999994 0.5481
-3661.247530139031 0.13279999999999997 0.33979999999999994 0.5274000000000001
-3637.8069989095466 0.13279999999999997 0.36049999999999993 0.5067
-3616.183353156053 0.13279999999999997 0.38119999999999993 0.48600000000000004
-3587.7432506179052 0.13279999999999997 0.4018999999999999 0.46530000000000005
-3557.0507365061 0.13279999999999997 0.4225999999999999 0.44460000000000005
-3539.2049559503 0.13279999999999997 0.4432999999999999 0.42390000000000005
-3507.507476667025 0.13279999999999997 0.4639999999999999 0.40320000000000006
-3487.305218321299 0.13279999999999997 0.4846999999999999 0.38250000000000006
-3456.811849566562 0.13279999999999997 0.5054 0.3618
-3432.7517731950616 0.13279999999999997 0.5260999999999999 0.34110000000000007
-3406.4249540807123 0.13279999999999997 0.5468 0.3204
-3377.9318215184685 0.13279999999999997 0.5674999999999999 0.2997000000000001
-3352.265954000615 0.13279999999999997 0.5882 0.279
-3323.372005140868 0.13279999999999997 0.6089 0.2583
-3298.0624321760033 0.13279999999999997 0.6295999999999999 0.23760000000000003
-3272.822702556414 0.13279999999999997 0.6502999999999999 0.2169000000000001
-3238.9279269979274 0.13279999999999997 0.6709999999999999 0.19620000000000004
-3215.6182915538006 0.13279999999999997 0.6917 0.1755
-3190.2984038865015 0.13279999999999997 0.7123999999999999 0.15480000000000005
-3158.5171726754165 0.13279999999999997 0.7330999999999999 0.1341000000000001
-3128.0934449563642 0.13279999999999997 0.7537999999999999 0.11340000000000006
-3101.9414049498473 0.13279999999999997 0.7745 0.0927
-3076.491092176245 0.13279999999999997 0.7951999999999999 0.07200000000000006
-3043.4511460150384 0.13279999999999997 0.8158999999999998 0.05130000000000012
-3019.1537419431265 0.13279999999999997 0.8365999999999999 0.03060000000000007
-3804.9355943988503 0.15349999999999997 0.05 0.7965
-3810.882795523626 0.15349999999999997 0.0707 0.7758
-3857.242269029715 0.15349999999999997 0.0914 0.7551
-3863.5009961068104 0.15349999999999997 0.11209999999999999 0.7344
-3867.880419232974 0.15349999999999997 0.13279999999999997 0.7137
-3868.921536416942 0.15349999999999997 0.15349999999999997 0.6930000000000001
-3868.1236343120213 0.15349999999999997 0.17419999999999997 0.6723000000000001
-3874.5011314184267 0.15349999999999997 0.19489999999999996 0.6516000000000001
-3870.997097878986 0.15349999999999997 0.21559999999999996 0.6309
-3862.740413390629 0.15349999999999997 0.23629999999999995 0.6102000000000001
-3841.168653339196 0.15349999999999997 0.25699999999999995 0.5895000000000001
-3817.1997975189315 0.15349999999999997 0.27769999999999995 0.5688000000000001
-3792.1322662944467 0.15349999999999997 0.29839999999999994 0.5481
-3768.391256098306 0.15349999999999997 0.31909999999999994 0.5274000000000001
-3741.322380452341 0.15349999999999997 0.33979999999999994 0.5067000000000002
-3716.6125107286953 0.15349999999999997 0.36049999999999993 0.4860000000000001
-3690.507681920872 0.15349999999999997 0.38119999999999993 0.4653000000000001
-3664.7244291015877 0.15349999999999997 0.4018999999999999 0.4446000000000001
-3640.645832073392 0.15349999999999997 0.4225999999999999 0.4239000000000001
-3612.527473634593 0.15349999999999997 0.4432999999999999 0.4032000000000001
-3582.723995040523 0.15349999999999997 0.4639999999999999 0.3825000000000001
-3555.33614865723 0.15349999999999997 0.4846999999999999 0.3618000000000001
-3541.077039081895 0.15349999999999997 0.5054 0.34110000000000007
-3508.5957642098033 0.15349999999999997 0.5260999999999999 0.32040000000000013
-3478.9883162040323 0.15349999999999997 0.5468 0.2997000000000001
-3453.326808900688 0.15349999999999997 0.5674999999999999 0.27900000000000014
-3426.770461677851 0.15349999999999997 0.5882 0.2583000000000001
-3404.8377217425846 0.15349999999999997 0.6089 0.23760000000000003
-3375.673675329709 0.15349999999999997 0.6295999999999999 0.2169000000000001
-3343.1490421055564 0.15349999999999997 0.6502999999999999 0.19620000000000015
-3315.3648408640965 0.15349999999999997 0.6709999999999999 0.1755000000000001
-3287.773807029061 0.15349999999999997 0.6917 0.15480000000000005
-3262.6979056548225 0.15349999999999997 0.7123999999999999 0.1341000000000001
-3236.9078138061323 0.15349999999999997 0.7330999999999999 0.11340000000000017
-3207.9037593858206 0.15349999999999997 0.7537999999999999 0.09270000000000012
-3178.8389669828916 0.15349999999999997 0.7745 0.07200000000000006
-3150.6779262204923 0.15349999999999997 0.7951999999999999 0.05130000000000012
-3121.596451252125 0.15349999999999997 0.8158999999999998 0.030600000000000183
