-6256.758506059115 0.7330999999999999 0.05 0.21690000000000015
-6247.720604324934 0.7330999999999999 0.0707 0.19620000000000015
-6226.42398505791 0.7330999999999999 0.0914 0.17550000000000016
-6204.169348131245 0.7330999999999999 0.11209999999999999 0.15480000000000016
-6176.968748323573 0.7330999999999999 0.13279999999999997 0.13410000000000016
-6147.6034092117825 0.7330999999999999 0.15349999999999997 0.11340000000000017
-6123.297197927849 0.7330999999999999 0.17419999999999997 0.09270000000000017
-6098.313428174601 0.7330999999999999 0.19489999999999996 0.07200000000000017
-6076.155605335103 0.7330999999999999 0.21559999999999996 0.05130000000000018
-6051.255044641509 0.7330999999999999 0.23629999999999995 0.030600000000000183
-6342.257803087151 0.7537999999999999 0.05 0.1962000000000001
-6331.718787339584 0.7537999999999999 0.0707 0.1755000000000001
-6313.986311669246 0.7537999999999999 0.0914 0.1548000000000001
-6287.07846490266 0.7537999999999999 0.11209999999999999 0.1341000000000001
-6259.799931526893 0.7537999999999999 0.13279999999999997 0.11340000000000011
-6237.121430513339 0.7537999999999999 0.15349999999999997 0.09270000000000012
-6215.758305705185 0.7537999999999999 0.17419999999999997 0.07200000000000012
-6182.408245325147 0.7537999999999999 0.19489999999999996 0.05130000000000012
-6157.537232571466 0.7537999999999999 0.21559999999999996 0.030600000000000127
-6436.885831715586 0.7745 0.05 0.17550000000000004
-6423.762445790451 0.7745 0.0707 0.15480000000000005
-6394.88447875142 0.7745 0.0914 0.13410000000000005
-6370.954324244298 0.7745 0.11209999999999999 0.11340000000000004
-6343.718273220937 0.7745 0.13279999999999997 0.09270000000000006
-6323.511413496762 0.7745 0.15349999999999997 0.07200000000000006
-6295.796567552651 0.7745 0.17419999999999997 0.05130000000000007
-6273.695045347069 0.7745 0.19489999999999996 0.03060000000000007
