-6001.044080303737 0.6709999999999999 0.05 0.2790000000000001
-5992.625175487584 0.6709999999999999 0.0707 0.2583000000000001
-5979.781660153781 0.6709999999999999 0.0914 0.2376000000000001
-5954.859797950345 0.6709999999999999 0.11209999999999999 0.2169000000000001
-5935.63613691381 0.6709999999999999 0.13279999999999997 0.1962000000000001
-5907.340882022343 0.6709999999999999 0.15349999999999997 0.1755000000000001
-5881.82438309396 0.6709999999999999 0.17419999999999997 0.1548000000000001
-5858.321353805345 0.6709999999999999 0.19489999999999996 0.1341000000000001
-5830.411193846714 0.6709999999999999 0.21559999999999996 0.11340000000000011
-5805.770951092983 0.6709999999999999 0.23629999999999995 0.09270000000000012
-5788.182458010333 0.6709999999999999 0.25699999999999995 0.07200000000000012
-5757.001077970129 0.6709999999999999 0.27769999999999995 0.05130000000000012
-5724.204651459457 0.6709999999999999 0.29839999999999994 0.030600000000000127
-6079.675895679465 0.6917 0.05 0.25830000000000003
-6075.2352484494695 0.6917 0.0707 0.23760000000000003
-6062.241142252857 0.6917 0.0914 0.21690000000000004
-6040.912402694032 0.6917 0.11209999999999999 0.19620000000000004
-6016.001341055462 0.6917 0.13279999999999997 0.17550000000000004
-5993.173680179522 0.6917 0.15349999999999997 0.15480000000000005
-5968.983952250812 0.6917 0.17419999999999997 0.13410000000000005
-5940.843281074102 0.6917 0.19489999999999996 0.11340000000000006
-5918.962080506311 0.6917 0.21559999999999996 0.09270000000000006
-5894.674430217537 0.6917 0.23629999999999995 0.07200000000000006
-5861.068256309756 0.6917 0.25699999999999995 0.05130000000000007
-5841.604033032533 0.6917 0.27769999999999995 0.03060000000000007
-6181.421754421783 0.7123999999999999 0.05 0.2376000000000001
-6172.2867361719855 0.7123999999999999 0.0707 0.2169000000000001
-6153.532270539648 0.7123999999999999 0.0914 0.1962000000000001
-6131.9951976789425 0.7123999999999999 0.11209999999999999 0.1755000000000001
-6099.152095479797 0.7123999999999999 0.13279999999999997 0.1548000000000001
-6075.094283336301 0.7123999999999999 0.15349999999999997 0.1341000000000001
-6049.820541655041 0.7123999999999999 0.17419999999999997 0.11340000000000011
-6032.6255293137965 0.7123999999999999 0.19489999999999996 0.09270000000000012
-6010.11629154554 0.7123999999999999 0.21559999999999996 0.07200000000000012
-5966.065566436431 0.7123999999999999 0.23629999999999995 0.05130000000000012
-5938.293812416238 0.7123999999999999 0.25699999999999995 0.030600000000000127
