-3939.903777209715 0.17419999999999997 0.05 0.7758
-3947.4629055579644 0.17419999999999997 0.0707 0.7551000000000001
-3946.1246861404034 0.17419999999999997 0.0914 0.7344
-3951.9182064611346 0.17419999999999997 0.11209999999999999 0.7137000000000001
-3955.0896462347628 0.17419999999999997 0.13279999999999997 0.6930000000000001
-3955.727005136561 0.17419999999999997 0.15349999999999997 0.6723000000000001
-3957.286012886283 0.17419999999999997 0.17419999999999997 0.6516000000000002
-3957.0115770192087 0.17419999999999997 0.19489999999999996 0.6309000000000001
-3955.421498279032 0.17419999999999997 0.21559999999999996 0.6102000000000001
-3946.0123145487523 0.17419999999999997 0.23629999999999995 0.5895000000000001
-3922.022061367819 0.17419999999999997 0.25699999999999995 0.5688000000000002
-3894.350116613886 0.17419999999999997 0.27769999999999995 0.5481000000000001
-3868.201849872036 0.17419999999999997 0.29839999999999994 0.5274000000000001
-3845.996026005214 0.17419999999999997 0.31909999999999994 0.5067000000000002
-3819.127212899183 0.17419999999999997 0.33979999999999994 0.48600000000000015
-3794.0513274830996 0.17419999999999997 0.36049999999999993 0.46530000000000016
-3765.472455594965 0.17419999999999997 0.38119999999999993 0.44460000000000016
-3738.1978671701568 0.17419999999999997 0.4018999999999999 0.42390000000000017
-3716.6511387374094 0.17419999999999997 0.4225999999999999 0.40320000000000017
-3693.68014393183 0.17419999999999997 0.4432999999999999 0.3825000000000002
-3663.5989686954867 0.17419999999999997 0.4639999999999999 0.3618000000000002
-3638.0600883943102 0.17419999999999997 0.4846999999999999 0.3411000000000002
-3613.120073788571 0.17419999999999997 0.5054 0.32040000000000013
-3581.435984678039 0.17419999999999997 0.5260999999999999 0.2997000000000002
-3554.766720204835 0.17419999999999997 0.5468 0.27900000000000014
-3530.4561173478323 0.17419999999999997 0.5674999999999999 0.2583000000000002
-3501.0673714931277 0.17419999999999997 0.5882 0.23760000000000014
-3474.891396790849 0.17419999999999997 0.6089 0.2169000000000001
-3451.2428961173187 0.17419999999999997 0.6295999999999999 0.19620000000000015
-3424.2434760560136 0.17419999999999997 0.6502999999999999 0.1755000000000002
-3392.006484476646 0.17419999999999997 0.6709999999999999 0.15480000000000016
-3365.6461591800576 0.17419999999999997 0.6917 0.1341000000000001
-3337.9548884649366 0.17419999999999997 0.7123999999999999 0.11340000000000017
-3306.680669385243 0.17419999999999997 0.7330999999999999 0.09270000000000023
-3284.745162574063 0.17419999999999997 0.7537999999999999 0.07200000000000017
-3252.845176523107 0.17419999999999997 0.7745 0.05130000000000012
-3224.4300769247807 0.17419999999999997 0.7951999999999999 0.030600000000000183
-4009.390751023642 0.19489999999999996 0.05 0.7551
-4021.3871460170517 0.19489999999999996 0.0707 0.7344
-4026.5395206260423 0.19489999999999996 0.0914 0.7137
-4024.2492742007416 0.19489999999999996 0.11209999999999999 0.6930000000000001
-4030.4646116673757 0.19489999999999996 0.13279999999999997 0.6723000000000001
-4036.0284383305398 0.19489999999999996 0.15349999999999997 0.6516000000000001
-4038.019233581813 0.19489999999999996 0.17419999999999997 0.6309
-4033.485960106824 0.19489999999999996 0.19489999999999996 0.6102000000000001
-4014.309609687156 0.19489999999999996 0.21559999999999996 0.5895000000000001
-4017.9375204869175 0.19489999999999996 0.23629999999999995 0.5688000000000001
-3993.663310528576 0.19489999999999996 0.25699999999999995 0.5481
-3963.6941829201664 0.19489999999999996 0.27769999999999995 0.5274000000000001
-3938.6325222806868 0.19489999999999996 0.29839999999999994 0.5067000000000002
-3914.4720385628175 0.19489999999999996 0.31909999999999994 0.4860000000000001
-3888.6158401159446 0.19489999999999996 0.33979999999999994 0.4653000000000001
-3865.49299155403 0.19489999999999996 0.36049999999999993 0.4446000000000001
-3840.604752007768 0.19489999999999996 0.38119999999999993 0.4239000000000001
-3813.2341730626736 0.19489999999999996 0.4018999999999999 0.4032000000000001
-3785.9831302230486 0.19489999999999996 0.4225999999999999 0.3825000000000001
-3766.3208695945136 0.19489999999999996 0.4432999999999999 0.3618000000000001
-3736.26828557448 0.19489999999999996 0.4639999999999999 0.3411000000000001
-3710.4041365331573 0.19489999999999996 0.4846999999999999 0.32040000000000013
-3686.500501866481 0.19489999999999996 0.5054 0.2997000000000001
-3648.846556551162 0.19489999999999996 0.5260999999999999 0.27900000000000014
-3634.712573919771 0.19489999999999996 0.5468 0.2583000000000001
-3602.10571291802 0.19489999999999996 0.5674999999999999 0.23760000000000014
-3573.608875762093 0.19489999999999996 0.5882 0.2169000000000001
-3549.030871392362 0.19489999999999996 0.6089 0.19620000000000004
-3515.5488143615457 0.19489999999999996 0.6295999999999999 0.1755000000000001
-3492.462567127279 0.19489999999999996 0.6502999999999999 0.15480000000000016
-3462.16281569033 0.19489999999999996 0.6709999999999999 0.1341000000000001
-3438.6093592709867 0.19489999999999996 0.6917 0.11340000000000006
-3407.0764065642925 0.19489999999999996 0.7123999999999999 0.09270000000000012
-3381.246593516729 0.19489999999999996 0.7330999999999999 0.07200000000000017
-3347.2169741751454 0.19489999999999996 0.7537999999999999 0.05130000000000012
-3330.6939628061405 0.19489999999999996 0.7745 0.03060000000000007
-4111.836309030792 0.21559999999999996 0.05 0.7343999999999999
-4108.202292202726 0.21559999999999996 0.0707 0.7137
-4122.882452920454 0.21559999999999996 0.0914 0.693
-4116.894895441807 0.21559999999999996 0.11209999999999999 0.6723
-4119.013065775339 0.21559999999999996 0.13279999999999997 0.6516
-4118.859499844131 0.21559999999999996 0.15349999999999997 0.6309
-4116.7012100312295 0.21559999999999996 0.17419999999999997 0.6102000000000001
-4114.05357978331 0.21559999999999996 0.19489999999999996 0.5895
-4110.978903634481 0.21559999999999996 0.21559999999999996 0.5688
-4089.28062701768 0.21559999999999996 0.23629999999999995 0.5481
-4065.177078535144 0.21559999999999996 0.25699999999999995 0.5274000000000001
-4041.3328881196903 0.21559999999999996 0.27769999999999995 0.5067
-4017.3501305476043 0.21559999999999996 0.29839999999999994 0.48600000000000004
-3988.3163686488947 0.21559999999999996 0.31909999999999994 0.46530000000000005
-3973.6739652695965 0.21559999999999996 0.33979999999999994 0.44460000000000005
-3937.7304555222954 0.21559999999999996 0.36049999999999993 0.42390000000000005
-3914.915789635721 0.21559999999999996 0.38119999999999993 0.40320000000000006
-3887.1690626067193 0.21559999999999996 0.4018999999999999 0.38250000000000006
-3860.9840072884313 0.21559999999999996 0.4225999999999999 0.36180000000000007
-3837.5003728444385 0.21559999999999996 0.4432999999999999 0.34110000000000007
-3815.52486089942 0.21559999999999996 0.4639999999999999 0.3204000000000001
-3781.746149489779 0.21559999999999996 0.4846999999999999 0.2997000000000001
-3761.533626786641 0.21559999999999996 0.5054 0.279
-3729.7366574038474 0.21559999999999996 0.5260999999999999 0.2583000000000001
-3709.9733118396944 0.21559999999999996 0.5468 0.23760000000000003
-3671.4405899696576 0.21559999999999996 0.5674999999999999 0.2169000000000001
-3645.4125741774005 0.21559999999999996 0.5882 0.19620000000000004
-3617.231035932974 0.21559999999999996 0.6089 0.1755
-3598.0688970344745 0.21559999999999996 0.6295999999999999 0.15480000000000005
-3567.5959222070587 0.21559999999999996 0.6502999999999999 0.1341000000000001
-3541.470784274807 0.21559999999999996 0.6709999999999999 0.11340000000000006
-3497.880251201267 0.21559999999999996 0.6917 0.0927
-3485.9940874866884 0.21559999999999996 0.7123999999999999 0.07200000000000006
-3455.7710271495407 0.21559999999999996 0.7330999999999999 0.05130000000000012
-3428.2107805590317 0.21559999999999996 0.7537999999999999 0.03060000000000007
