-6515.092426225322 0.7951999999999999 0.05 0.1548000000000001
-6496.834089084789 0.7951999999999999 0.0707 0.1341000000000001
-6473.345127636289 0.7951999999999999 0.0914 0.1134000000000001
-6446.413852051322 0.7951999999999999 0.11209999999999999 0.0927000000000001
-6426.527350644416 0.7951999999999999 0.13279999999999997 0.07200000000000012
-6396.19062582142 0.7951999999999999 0.15349999999999997 0.05130000000000012
-6374.523702728905 0.7951999999999999 0.17419999999999997 0.030600000000000127
-6608.639809357391 0.8158999999999998 0.05 0.13410000000000016
-6581.912166347213 0.8158999999999998 0.0707 0.11340000000000015
-6562.314393778016 0.8158999999999998 0.0914 0.09270000000000016
-6536.8071178037535 0.8158999999999998 0.11209999999999999 0.07200000000000016
-6506.544448481217 0.8158999999999998 0.13279999999999997 0.05130000000000018
-6482.720184305502 0.8158999999999998 0.15349999999999997 0.030600000000000183
-6692.04802504795 0.8365999999999999 0.05 0.1134000000000001
-6672.041972444838 0.8365999999999999 0.0707 0.0927000000000001
-6643.420407114009 0.8365999999999999 0.0914 0.0720000000000001
-6619.111630384946 0.8365999999999999 0.11209999999999999 0.05130000000000011
-6590.710799511368 0.8365999999999999 0.13279999999999997 0.030600000000000127
