-3389.454039588334 0.05 0.05 0.8999999999999999
-3377.6505203952033 0.05 0.0707 0.8793
-3364.8831232192933 0.05 0.0914 0.8585999999999999
-3352.72459535414 0.05 0.11209999999999999 0.8379
-3339.9326638170796 0.05 0.13279999999999997 0.8171999999999999
-3327.7691723566722 0.05 0.15349999999999997 0.7965
-3315.4882464186917 0.05 0.17419999999999997 0.7758
-3303.406717500889 0.05 0.19489999999999996 0.7551
-3288.080297887305 0.05 0.21559999999999996 0.7343999999999999
-3271.963385568004 0.05 0.23629999999999995 0.7137
-3256.1553706776513 0.05 0.25699999999999995 0.6930000000000001
-3241.0740701904147 0.05 0.27769999999999995 0.6723
-3224.1126660627783 0.05 0.29839999999999994 0.6516
-3209.810644245522 0.05 0.31909999999999994 0.6309
-3193.989565281624 0.05 0.33979999999999994 0.6102000000000001
-3178.384930302707 0.05 0.36049999999999993 0.5895
-3161.274012287226 0.05 0.38119999999999993 0.5688
-3146.3206772499034 0.05 0.4018999999999999 0.5481
-3130.8815140230627 0.05 0.4225999999999999 0.5274000000000001
-3115.8241743425597 0.05 0.4432999999999999 0.5067
-3097.7880856241522 0.05 0.4639999999999999 0.48600000000000004
-3078.372087024817 0.05 0.4846999999999999 0.46530000000000005
-3060.1641149775373 0.05 0.5054 0.4446
-3038.984893307913 0.05 0.5260999999999999 0.42390000000000005
-3022.17756395417 0.05 0.5468 0.4032
-3002.8053513395103 0.05 0.5674999999999999 0.38250000000000006
-2983.6670595591454 0.05 0.5882 0.3618
-2964.2610138231203 0.05 0.6089 0.34109999999999996
-2944.2876010445416 0.05 0.6295999999999999 0.3204
-2925.282625206749 0.05 0.6502999999999999 0.2997000000000001
-2905.8930738638364 0.05 0.6709999999999999 0.279
-2885.6420954136915 0.05 0.6917 0.2583
-2864.25546524842 0.05 0.7123999999999999 0.23760000000000003
-2842.495564015154 0.05 0.7330999999999999 0.2169000000000001
-2820.129493451182 0.05 0.7537999999999999 0.19620000000000004
-2796.4738096292 0.05 0.7745 0.1755
-2771.6028733860735 0.05 0.7951999999999999 0.15480000000000005
-2748.788053965264 0.05 0.8158999999999998 0.1341000000000001
-2725.668244900939 0.05 0.8365999999999999 0.11340000000000006
-2700.9821432740086 0.05 0.8573 0.0927
-2677.3945583618756 0.05 0.8779999999999999 0.07200000000000006
-2654.1990996130826 0.05 0.8986999999999998 0.05130000000000012
-2629.527406212209 0.05 0.9193999999999999 0.03060000000000007
-3477.0758273806737 0.0707 0.05 0.8793
-3465.250338658159 0.0707 0.0707 0.8586
-3452.9666367321597 0.0707 0.0914 0.8379
-3440.7487874548106 0.0707 0.11209999999999999 0.8172
-3428.249498676646 0.0707 0.13279999999999997 0.7965
-3415.7752839991817 0.0707 0.15349999999999997 0.7758
-3401.693056191837 0.0707 0.17419999999999997 0.7551000000000001
-3388.5397088673053 0.0707 0.19489999999999996 0.7344
-3371.8900639866183 0.0707 0.21559999999999996 0.7137
-3357.1693535571408 0.0707 0.23629999999999995 0.6930000000000001
-3340.579200023585 0.0707 0.25699999999999995 0.6723000000000001
-3324.641677011915 0.0707 0.27769999999999995 0.6516000000000001
-3307.098728680302 0.0707 0.29839999999999994 0.6309
-3293.8582424402016 0.0707 0.31909999999999994 0.6102000000000001
-3278.2010232100893 0.0707 0.33979999999999994 0.5895000000000001
-3262.626420677605 0.0707 0.36049999999999993 0.5688000000000001
-3247.5315909327815 0.0707 0.38119999999999993 0.5481
-3231.122902239909 0.0707 0.4018999999999999 0.5274000000000001
-3214.045606960138 0.0707 0.4225999999999999 0.5067000000000002
-3196.1664744231457 0.0707 0.4432999999999999 0.4860000000000001
-3179.077225948256 0.0707 0.4639999999999999 0.4653000000000001
-3161.992697844973 0.0707 0.4846999999999999 0.4446000000000001
-3144.192870011985 0.0707 0.5054 0.42390000000000005
-3124.7624868785338 0.0707 0.5260999999999999 0.4032000000000001
-3105.8407828990275 0.0707 0.5468 0.38250000000000006
-3085.45730045428 0.0707 0.5674999999999999 0.3618000000000001
-3067.276028246143 0.0707 0.5882 0.34110000000000007
-3046.7777428771697 0.0707 0.6089 0.3204
-3028.472002985051 0.0707 0.6295999999999999 0.2997000000000001
-3009.112139700748 0.0707 0.6502999999999999 0.27900000000000014
-2988.2582444466034 0.0707 0.6709999999999999 0.2583000000000001
-2967.2618413280093 0.0707 0.6917 0.23760000000000003
-2945.416261210801 0.0707 0.7123999999999999 0.2169000000000001
-2923.329196280599 0.0707 0.7330999999999999 0.19620000000000015
-2899.8269992201363 0.0707 0.7537999999999999 0.1755000000000001
-2876.535267338287 0.0707 0.7745 0.15480000000000005
-2851.0625689058984 0.0707 0.7951999999999999 0.1341000000000001
-2828.560969608703 0.0707 0.8158999999999998 0.11340000000000017
-2804.4777422067073 0.0707 0.8365999999999999 0.09270000000000012
-2780.7285062835167 0.0707 0.8573 0.07200000000000006
-2757.166105249166 0.0707 0.8779999999999999 0.05130000000000012
-2733.0225423047805 0.0707 0.8986999999999998 0.030600000000000183
-3566.884884542237 0.0914 0.05 0.8585999999999999
-3555.0950143709447 0.0914 0.0707 0.8379
-3542.82102288838 0.0914 0.0914 0.8171999999999999
-3531.0035256893298 0.0914 0.11209999999999999 0.7965
-3518.372030686908 0.0914 0.13279999999999997 0.7758
-3506.8903626362553 0.0914 0.15349999999999997 0.7551
-3491.6189313277637 0.0914 0.17419999999999997 0.7343999999999999
-3474.0241232720737 0.0914 0.19489999999999996 0.7137
-3458.621350266144 0.0914 0.21559999999999996 0.6930000000000001
-3442.6340848656446 0.0914 0.23629999999999995 0.6723
-3427.8209450095646 0.0914 0.25699999999999995 0.6516
-3412.3581909721747 0.0914 0.27769999999999995 0.6309
-3396.7256797164205 0.0914 0.29839999999999994 0.6102000000000001
-3381.0025388462395 0.0914 0.31909999999999994 0.5895
-3365.544382200395 0.0914 0.33979999999999994 0.5688
-3349.779642638325 0.0914 0.36049999999999993 0.5481
-3333.1881542341152 0.0914 0.38119999999999993 0.5274000000000001
-3319.2484077641043 0.0914 0.4018999999999999 0.5067
-3302.128487903629 0.0914 0.4225999999999999 0.48600000000000004
-3279.8203079641467 0.0914 0.4432999999999999 0.46530000000000005
-3267.6362803544603 0.0914 0.4639999999999999 0.44460000000000005
-3248.990098565223 0.0914 0.4846999999999999 0.42390000000000005
-3225.744303525503 0.0914 0.5054 0.4032
-3210.299233277354 0.0914 0.5260999999999999 0.38250000000000006
-3191.187982932007 0.0914 0.5468 0.3618
-3171.2989591761648 0.0914 0.5674999999999999 0.34110000000000007
-3152.536361959003 0.0914 0.5882 0.3204
-3131.0487239020445 0.0914 0.6089 0.29969999999999997
-3113.8538392472033 0.0914 0.6295999999999999 0.279
-3092.752127053604 0.0914 0.6502999999999999 0.2583000000000001
-3074.9696717882093 0.0914 0.6709999999999999 0.23760000000000003
-3053.4505538488943 0.0914 0.6917 0.21689999999999998
-3030.342707188083 0.0914 0.7123999999999999 0.19620000000000004
-3006.7977909980677 0.0914 0.7330999999999999 0.1755000000000001
-2982.3912800718535 0.0914 0.7537999999999999 0.15480000000000005
-2959.036399392248 0.0914 0.7745 0.1341
-2935.649320860757 0.0914 0.7951999999999999 0.11340000000000006
-2911.430213566503 0.0914 0.8158999999999998 0.09270000000000012
-2887.7131681090896 0.0914 0.8365999999999999 0.07200000000000006
-2864.488488490967 0.0914 0.8573 0.05130000000000001
-2839.97162142788 0.0914 0.8779999999999999 0.03060000000000007
