-4439.093022751783 0.29839999999999994 0.05 0.6516
-4427.222566748033 0.29839999999999994 0.0707 0.6309
-4416.004903489788 0.29839999999999994 0.0914 0.6102
-4400.582371974887 0.29839999999999994 0.11209999999999999 0.5895
-4385.460854392147 0.29839999999999994 0.13279999999999997 0.5688
-4371.417537640872 0.29839999999999994 0.15349999999999997 0.5481
-4355.852878529562 0.29839999999999994 0.17419999999999997 0.5274000000000001
-4341.106345295779 0.29839999999999994 0.19489999999999996 0.5067
-4325.365962694997 0.29839999999999994 0.21559999999999996 0.48600000000000004
-4306.875893091277 0.29839999999999994 0.23629999999999995 0.46530000000000005
-4294.195741355964 0.29839999999999994 0.25699999999999995 0.44460000000000005
-4278.833307215843 0.29839999999999994 0.27769999999999995 0.42390000000000005
-4260.50352856379 0.29839999999999994 0.29839999999999994 0.40320000000000006
-4246.173163106064 0.29839999999999994 0.31909999999999994 0.38250000000000006
-4226.94174927813 0.29839999999999994 0.33979999999999994 0.36180000000000007
-4209.732515253858 0.29839999999999994 0.36049999999999993 0.34110000000000007
-4191.522249744546 0.29839999999999994 0.38119999999999993 0.3204000000000001
-4171.633330109811 0.29839999999999994 0.4018999999999999 0.2997000000000001
-4152.749249741222 0.29839999999999994 0.4225999999999999 0.2790000000000001
-4133.914035689445 0.29839999999999994 0.4432999999999999 0.2583000000000001
-4113.924268861759 0.29839999999999994 0.4639999999999999 0.2376000000000001
-4095.048079771134 0.29839999999999994 0.4846999999999999 0.2169000000000001
-4075.543330642165 0.29839999999999994 0.5054 0.19620000000000004
-4056.803822982915 0.29839999999999994 0.5260999999999999 0.1755000000000001
-4034.8203714478136 0.29839999999999994 0.5468 0.15480000000000005
-4010.883210433902 0.29839999999999994 0.5674999999999999 0.1341000000000001
-3987.2219418340346 0.29839999999999994 0.5882 0.11340000000000006
-3963.004593450798 0.29839999999999994 0.6089 0.0927
-3939.841552827683 0.29839999999999994 0.6295999999999999 0.07200000000000006
-3916.2795434262734 0.29839999999999994 0.6502999999999999 0.05130000000000012
-3891.8062042875936 0.29839999999999994 0.6709999999999999 0.03060000000000007
-4524.883721932667 0.31909999999999994 0.05 0.6309
-4516.328519764543 0.31909999999999994 0.0707 0.6102000000000001
-4500.962520875751 0.31909999999999994 0.0914 0.5895
-4488.192825653201 0.31909999999999994 0.11209999999999999 0.5688000000000001
-4471.405832401369 0.31909999999999994 0.13279999999999997 0.5481
-4457.951615885276 0.31909999999999994 0.15349999999999997 0.5274000000000001
-4442.609974541191 0.31909999999999994 0.17419999999999997 0.5067000000000002
-4426.326923060372 0.31909999999999994 0.19489999999999996 0.4860000000000001
-4411.420130549635 0.31909999999999994 0.21559999999999996 0.4653000000000001
-4395.2397703345105 0.31909999999999994 0.23629999999999995 0.4446000000000001
-4379.647513948595 0.31909999999999994 0.25699999999999995 0.4239000000000001
-4361.330744968433 0.31909999999999994 0.27769999999999995 0.4032000000000001
-4347.281921484395 0.31909999999999994 0.29839999999999994 0.3825000000000001
-4330.766184948716 0.31909999999999994 0.31909999999999994 0.3618000000000001
-4312.663772592748 0.31909999999999994 0.33979999999999994 0.3411000000000001
-4294.966534747547 0.31909999999999994 0.36049999999999993 0.32040000000000013
-4275.491985421317 0.31909999999999994 0.38119999999999993 0.29970000000000013
-4256.410172710484 0.31909999999999994 0.4018999999999999 0.27900000000000014
-4236.418751689766 0.31909999999999994 0.4225999999999999 0.25830000000000014
-4216.889427206494 0.31909999999999994 0.4432999999999999 0.23760000000000014
-4197.905921261247 0.31909999999999994 0.4639999999999999 0.21690000000000015
-4178.128811678375 0.31909999999999994 0.4846999999999999 0.19620000000000015
-4159.727334921828 0.31909999999999994 0.5054 0.1755000000000001
-4138.1976183353245 0.31909999999999994 0.5260999999999999 0.15480000000000016
-4114.694875711124 0.31909999999999994 0.5468 0.1341000000000001
-4090.980516058166 0.31909999999999994 0.5674999999999999 0.11340000000000017
-4066.940281314584 0.31909999999999994 0.5882 0.09270000000000012
-4043.3443908613976 0.31909999999999994 0.6089 0.07200000000000006
-4019.8511903713616 0.31909999999999994 0.6295999999999999 0.05130000000000012
-3995.5026556263037 0.31909999999999994 0.6502999999999999 0.030600000000000183
-4618.323738870825 0.33979999999999994 0.05 0.6102000000000001
-4602.890622456718 0.33979999999999994 0.0707 0.5895000000000001
-4590.565094942045 0.33979999999999994 0.0914 0.5688000000000001
-4575.734187116308 0.33979999999999994 0.11209999999999999 0.5481000000000001
-4558.95522043303 0.33979999999999994 0.13279999999999997 0.5274000000000001
-4544.804137419024 0.33979999999999994 0.15349999999999997 0.5067000000000002
-4530.566057039466 0.33979999999999994 0.17419999999999997 0.48600000000000015
-4514.604354631815 0.33979999999999994 0.19489999999999996 0.46530000000000016
-4499.214621029857 0.33979999999999994 0.21559999999999996 0.44460000000000016
-4483.41594556581 0.33979999999999994 0.23629999999999995 0.42390000000000017
-4465.223186890678 0.33979999999999994 0.25699999999999995 0.40320000000000017
-4449.226826060807 0.33979999999999994 0.27769999999999995 0.3825000000000002
-4434.652812745468 0.33979999999999994 0.29839999999999994 0.3618000000000002
-4416.326495806642 0.33979999999999994 0.31909999999999994 0.3411000000000002
-4396.6006922592305 0.33979999999999994 0.33979999999999994 0.3204000000000002
-4380.175295724936 0.33979999999999994 0.36049999999999993 0.2997000000000002
-4361.9704353237685 0.33979999999999994 0.38119999999999993 0.2790000000000002
-4342.576599872049 0.33979999999999994 0.4018999999999999 0.2583000000000002
-4323.1307895982245 0.33979999999999994 0.4225999999999999 0.2376000000000002
-4303.30639677517 0.33979999999999994 0.4432999999999999 0.2169000000000002
-4284.041812523591 0.33979999999999994 0.4639999999999999 0.1962000000000002
-4266.384215711188 0.33979999999999994 0.4846999999999999 0.1755000000000002
-4243.079822974481 0.33979999999999994 0.5054 0.15480000000000016
-4221.442824067815 0.33979999999999994 0.5260999999999999 0.13410000000000022
-4197.798711925211 0.33979999999999994 0.5468 0.11340000000000017
-4173.975938195869 0.33979999999999994 0.5674999999999999 0.09270000000000023
-4150.415339339249 0.33979999999999994 0.5882 0.07200000000000017
-4126.345277821909 0.33979999999999994 0.6089 0.05130000000000012
-4102.100444513779 0.33979999999999994 0.6295999999999999 0.030600000000000183
