-3654.743286593976 0.11209999999999999 0.05 0.8379
-3642.7725496330645 0.11209999999999999 0.0707 0.8172
-3630.6696538313336 0.11209999999999999 0.0914 0.7965
-3618.581770263689 0.11209999999999999 0.11209999999999999 0.7758
-3607.551453409579 0.11209999999999999 0.13279999999999997 0.7551000000000001
-3591.8931859424993 0.11209999999999999 0.15349999999999997 0.7344
-3574.740026780219 0.11209999999999999 0.17419999999999997 0.7137
-3558.5137635084234 0.11209999999999999 0.19489999999999996 0.6930000000000001
-3544.3529156496097 0.11209999999999999 0.21559999999999996 0.6723000000000001
-3528.3807269082145 0.11209999999999999 0.23629999999999995 0.6516000000000001
-3512.8740406104844 0.11209999999999999 0.25699999999999995 0.6309
-3497.5405493308026 0.11209999999999999 0.27769999999999995 0.6102000000000001
-3481.3930641912702 0.11209999999999999 0.29839999999999994 0.5895000000000001
-3466.2791743972793 0.11209999999999999 0.31909999999999994 0.5688000000000001
-3450.311329623854 0.11209999999999999 0.33979999999999994 0.5481
-3434.864759251935 0.11209999999999999 0.36049999999999993 0.5274000000000001
-3420.1699030972954 0.11209999999999999 0.38119999999999993 0.5067000000000002
-3399.353691006552 0.11209999999999999 0.4018999999999999 0.4860000000000001
-3386.674764669527 0.11209999999999999 0.4225999999999999 0.4653000000000001
-3369.154693963708 0.11209999999999999 0.4432999999999999 0.4446000000000001
-3347.527735021688 0.11209999999999999 0.4639999999999999 0.4239000000000001
-3329.893836863685 0.11209999999999999 0.4846999999999999 0.4032000000000001
-3313.2689792523142 0.11209999999999999 0.5054 0.38250000000000006
-3294.099478197905 0.11209999999999999 0.5260999999999999 0.3618000000000001
-3273.792996145093 0.11209999999999999 0.5468 0.34110000000000007
-3255.4869260248192 0.11209999999999999 0.5674999999999999 0.32040000000000013
-3234.913543327035 0.11209999999999999 0.5882 0.2997000000000001
-3215.864353079347 0.11209999999999999 0.6089 0.279
-3198.3248315967376 0.11209999999999999 0.6295999999999999 0.2583000000000001
-3177.9079434745718 0.11209999999999999 0.6502999999999999 0.23760000000000014
-3157.5111359252187 0.11209999999999999 0.6709999999999999 0.2169000000000001
-3132.608531483053 0.11209999999999999 0.6917 0.19620000000000004
-3111.0399830248343 0.11209999999999999 0.7123999999999999 0.1755000000000001
-3087.4276238628963 0.11209999999999999 0.7330999999999999 0.15480000000000016
-3063.1446518487187 0.11209999999999999 0.7537999999999999 0.1341000000000001
-3039.460893596214 0.11209999999999999 0.7745 0.11340000000000006
-3015.447628715591 0.11209999999999999 0.7951999999999999 0.09270000000000012
-2991.8428599927474 0.11209999999999999 0.8158999999999998 0.07200000000000017
-2968.087496219429 0.11209999999999999 0.8365999999999999 0.05130000000000012
-2944.155617301034 0.11209999999999999 0.8573 0.03060000000000007
-3744.4493190043595 0.13279999999999997 0.05 0.8171999999999999
-3732.504044803121 0.13279999999999997 0.0707 0.7965
-3720.2766113182533 0.13279999999999997 0.0914 0.7757999999999999
-3709.598018069979 0.13279999999999997 0.11209999999999999 0.7551
-3691.3338785318083 0.13279999999999997 0.13279999999999997 0.7343999999999999
-3676.7983218885834 0.13279999999999997 0.15349999999999997 0.7137
-3660.808017126914 0.13279999999999997 0.17419999999999997 0.6930000000000001
-3645.600932999438 0.13279999999999997 0.19489999999999996 0.6723
-3631.2746146798045 0.13279999999999997 0.21559999999999996 0.6516
-3614.169819711803 0.13279999999999997 0.23629999999999995 0.6309
-3600.274671729342 0.13279999999999997 0.25699999999999995 0.6102000000000001
-3584.7713262544207 0.13279999999999997 0.27769999999999995 0.5895
-3568.832974271961 0.13279999999999997 0.29839999999999994 0.5688
-3553.304671016098 0.13279999999999997 0.31909999999999994 0.5481
-3537.321525685313 0.13279999999999997 0.33979999999999994 0.5274000000000001
-3522.7554112637795 0.13279999999999997 0.36049999999999993 0.5067
-3502.733765281156 0.13279999999999997 0.38119999999999993 0.48600000000000004
-3490.774415454782 0.13279999999999997 0.4018999999999999 0.46530000000000005
-3471.338239133603 0.13279999999999997 0.4225999999999999 0.44460000000000005
-3456.287570621525 0.13279999999999997 0.4432999999999999 0.42390000000000005
-3435.482039444189 0.13279999999999997 0.4639999999999999 0.40320000000000006
-3417.9103337536635 0.13279999999999997 0.4846999999999999 0.38250000000000006
-3398.741807650645 0.13279999999999997 0.5054 0.3618
-3376.9385305079227 0.13279999999999997 0.5260999999999999 0.34110000000000007
-3360.021828741744 0.13279999999999997 0.5468 0.3204
-3340.32101209527 0.13279999999999997 0.5674999999999999 0.2997000000000001
-3320.475774129368 0.13279999999999997 0.5882 0.279
-3301.4732776521496 0.13279999999999997 0.6089 0.2583
-3280.1150325088806 0.13279999999999997 0.6295999999999999 0.23760000000000003
-3261.3868876502106 0.13279999999999997 0.6502999999999999 0.2169000000000001
-3240.7201274295135 0.13279999999999997 0.6709999999999999 0.19620000000000004
-3216.1771248466753 0.13279999999999997 0.6917 0.1755
-3192.7601449819995 0.13279999999999997 0.7123999999999999 0.15480000000000005
-3168.590315207459 0.13279999999999997 0.7330999999999999 0.1341000000000001
-3146.088681019114 0.13279999999999997 0.7537999999999999 0.11340000000000006
-3121.9324080846113 0.13279999999999997 0.7745 0.0927
-3098.3276517906884 0.13279999999999997 0.7951999999999999 0.07200000000000006
-3074.803417733875 0.13279999999999997 0.8158999999999998 0.05130000000000012
-3050.6130023644114 0.13279999999999997 0.8365999999999999 0.03060000000000007
-3832.0441713207083 0.15349999999999997 0.05 0.7965
-3818.59983506092 0.15349999999999997 0.0707 0.7758
-3809.191164920768 0.15349999999999997 0.0914 0.7551
-3791.6814823103496 0.15349999999999997 0.11209999999999999 0.7344
-3776.276445362202 0.15349999999999997 0.13279999999999997 0.7137
-3761.608249383613 0.15349999999999997 0.15349999999999997 0.6930000000000001
-3747.7357548317564 0.15349999999999997 0.17419999999999997 0.6723000000000001
-3730.451505223722 0.15349999999999997 0.19489999999999996 0.6516000000000001
-3716.467200140894 0.15349999999999997 0.21559999999999996 0.6309
-3700.595106425907 0.15349999999999997 0.23629999999999995 0.6102000000000001
-3685.3786064614656 0.15349999999999997 0.25699999999999995 0.5895000000000001
-3669.7762738441693 0.15349999999999997 0.27769999999999995 0.5688000000000001
-3653.881737705916 0.15349999999999997 0.29839999999999994 0.5481
-3637.355533546345 0.15349999999999997 0.31909999999999994 0.5274000000000001
-3623.351888951861 0.15349999999999997 0.33979999999999994 0.5067000000000002
-3607.325075710811 0.15349999999999997 0.36049999999999993 0.4860000000000001
-3594.409548806186 0.15349999999999997 0.38119999999999993 0.4653000000000001
-3577.4507868918495 0.15349999999999997 0.4018999999999999 0.4446000000000001
-3556.134023657626 0.15349999999999997 0.4225999999999999 0.4239000000000001
-3538.422743108184 0.15349999999999997 0.4432999999999999 0.4032000000000001
-3520.6382829555464 0.15349999999999997 0.4639999999999999 0.3825000000000001
-3501.57194368468 0.15349999999999997 0.4846999999999999 0.3618000000000001
-3480.915142469977 0.15349999999999997 0.5054 0.34110000000000007
-3462.076628263485 0.15349999999999997 0.5260999999999999 0.32040000000000013
-3442.9756854257075 0.15349999999999997 0.5468 0.2997000000000001
-3423.999468667783 0.15349999999999997 0.5674999999999999 0.27900000000000014
-3404.6009354913404 0.15349999999999997 0.5882 0.2583000000000001
-3385.4121279958995 0.15349999999999997 0.6089 0.23760000000000003
-3365.6759735220685 0.15349999999999997 0.6295999999999999 0.2169000000000001
-3343.373609231569 0.15349999999999997 0.6502999999999999 0.19620000000000015
-3322.1283704810257 0.15349999999999997 0.6709999999999999 0.1755000000000001
-3297.169399466256 0.15349999999999997 0.6917 0.15480000000000005
-3274.459592233948 0.15349999999999997 0.7123999999999999 0.1341000000000001
-3250.8679328021935 0.15349999999999997 0.7330999999999999 0.11340000000000017
-3226.6266896011243 0.15349999999999997 0.7537999999999999 0.09270000000000012
-3202.8082791741485 0.15349999999999997 0.7745 0.07200000000000006
-3179.4694320043614 0.15349999999999997 0.7951999999999999 0.05130000000000012
-3155.1648793507425 0.15349999999999997 0.8158999999999998 0.030600000000000183
