-6525.4337226295975 0.7951999999999999 0.05 0.1548000000000001
-6511.104961149391 0.7951999999999999 0.0707 0.1341000000000001
-6492.934025335495 0.7951999999999999 0.0914 0.1134000000000001
-6477.574593932238 0.7951999999999999 0.11209999999999999 0.0927000000000001
-6456.679829567116 0.7951999999999999 0.13279999999999997 0.07200000000000012
-6437.776059982063 0.7951999999999999 0.15349999999999997 0.05130000000000012
-6417.2024079989815 0.7951999999999999 0.17419999999999997 0.030600000000000127
-6613.156082331636 0.8158999999999998 0.05 0.13410000000000016
-6596.706764553096 0.8158999999999998 0.0707 0.11340000000000015
-6580.118414923305 0.8158999999999998 0.0914 0.09270000000000016
-6562.118026616961 0.8158999999999998 0.11209999999999999 0.07200000000000016
-6540.620291488958 0.8158999999999998 0.13279999999999997 0.05130000000000018
-6520.630595544143 0.8158999999999998 0.15349999999999997 0.030600000000000183
-6698.877697411345 0.8365999999999999 0.05 0.1134000000000001
-6684.419517594332 0.8365999999999999 0.0707 0.0927000000000001
-6664.764252582307 0.8365999999999999 0.0914 0.0720000000000001
-6646.539010716204 0.8365999999999999 0.11209999999999999 0.05130000000000011
-6624.548582757622 0.8365999999999999 0.13279999999999997 0.030600000000000127
