-3908.065492872391 0.17419999999999997 0.05 0.7758
-3893.614019977364 0.17419999999999997 0.0707 0.7551000000000001
-3878.9090222923783 0.17419999999999997 0.0914 0.7344
-3863.477131749563 0.17419999999999997 0.11209999999999999 0.7137000000000001
-3848.988557836497 0.17419999999999997 0.13279999999999997 0.6930000000000001
-3834.1767816103948 0.17419999999999997 0.15349999999999997 0.6723000000000001
-3819.3800904102836 0.17419999999999997 0.17419999999999997 0.6516000000000002
-3803.2294035468512 0.17419999999999997 0.19489999999999996 0.6309000000000001
-3788.1066754776457 0.17419999999999997 0.21559999999999996 0.6102000000000001
-3771.5106936075513 0.17419999999999997 0.23629999999999995 0.5895000000000001
-3755.8995152696493 0.17419999999999997 0.25699999999999995 0.5688000000000002
-3739.6362546860346 0.17419999999999997 0.27769999999999995 0.5481000000000001
-3722.9663388109157 0.17419999999999997 0.29839999999999994 0.5274000000000001
-3707.0966501339494 0.17419999999999997 0.31909999999999994 0.5067000000000002
-3691.0579360170263 0.17419999999999997 0.33979999999999994 0.48600000000000015
-3674.4061849307677 0.17419999999999997 0.36049999999999993 0.46530000000000016
-3657.6105483081797 0.17419999999999997 0.38119999999999993 0.44460000000000016
-3640.826931964793 0.17419999999999997 0.4018999999999999 0.42390000000000017
-3621.400774765042 0.17419999999999997 0.4225999999999999 0.40320000000000017
-3604.2039290348607 0.17419999999999997 0.4432999999999999 0.3825000000000002
-3585.0915233922633 0.17419999999999997 0.4639999999999999 0.3618000000000002
-3567.094389852522 0.17419999999999997 0.4846999999999999 0.3411000000000002
-3548.4135770742832 0.17419999999999997 0.5054 0.32040000000000013
-3529.227237369511 0.17419999999999997 0.5260999999999999 0.2997000000000002
-3510.712089479567 0.17419999999999997 0.5468 0.27900000000000014
-3491.004014237824 0.17419999999999997 0.5674999999999999 0.2583000000000002
-3472.401082047112 0.17419999999999997 0.5882 0.23760000000000014
-3452.8424455156724 0.17419999999999997 0.6089 0.2169000000000001
-3434.2221255161994 0.17419999999999997 0.6295999999999999 0.19620000000000015
-3412.1351092347686 0.17419999999999997 0.6502999999999999 0.1755000000000002
-3391.770348100293 0.17419999999999997 0.6709999999999999 0.15480000000000016
-3370.4363825686937 0.17419999999999997 0.6917 0.1341000000000001
-3348.722158859732 0.17419999999999997 0.7123999999999999 0.11340000000000017
-3326.792227263336 0.17419999999999997 0.7330999999999999 0.09270000000000023
-3306.514486967537 0.17419999999999997 0.7537999999999999 0.07200000000000017
-3284.7705216359245 0.17419999999999997 0.7745 0.05130000000000012
-3263.4360282791436 0.17419999999999997 0.7951999999999999 0.030600000000000183
-3997.0669988928457 0.19489999999999996 0.05 0.7551
-3981.1431562780617 0.19489999999999996 0.0707 0.7344
-3965.5306572723002 0.19489999999999996 0.0914 0.7137
-3951.514651833025 0.19489999999999996 0.11209999999999999 0.6930000000000001
-3936.4024049048785 0.19489999999999996 0.13279999999999997 0.6723000000000001
-3922.081233402756 0.19489999999999996 0.15349999999999997 0.6516000000000001
-3907.857835679808 0.19489999999999996 0.17419999999999997 0.6309
-3891.204155618711 0.19489999999999996 0.19489999999999996 0.6102000000000001
-3875.7010329467576 0.19489999999999996 0.21559999999999996 0.5895000000000001
-3859.8730199968527 0.19489999999999996 0.23629999999999995 0.5688000000000001
-3843.623222984064 0.19489999999999996 0.25699999999999995 0.5481
-3827.6725885098094 0.19489999999999996 0.27769999999999995 0.5274000000000001
-3810.773780646449 0.19489999999999996 0.29839999999999994 0.5067000000000002
-3794.7804745764365 0.19489999999999996 0.31909999999999994 0.4860000000000001
-3777.724280148245 0.19489999999999996 0.33979999999999994 0.4653000000000001
-3761.126472273253 0.19489999999999996 0.36049999999999993 0.4446000000000001
-3743.76519606211 0.19489999999999996 0.38119999999999993 0.4239000000000001
-3726.2727893750894 0.19489999999999996 0.4018999999999999 0.4032000000000001
-3708.6181777948323 0.19489999999999996 0.4225999999999999 0.3825000000000001
-3690.9598644536504 0.19489999999999996 0.4432999999999999 0.3618000000000001
-3671.4641223701024 0.19489999999999996 0.4639999999999999 0.3411000000000001
-3653.309009254703 0.19489999999999996 0.4846999999999999 0.32040000000000013
-3634.56090381031 0.19489999999999996 0.5054 0.2997000000000001
-3616.1737696300315 0.19489999999999996 0.5260999999999999 0.27900000000000014
-3597.3393079628318 0.19489999999999996 0.5468 0.2583000000000001
-3577.850676005416 0.19489999999999996 0.5674999999999999 0.23760000000000014
-3559.04324728148 0.19489999999999996 0.5882 0.2169000000000001
-3539.148329668961 0.19489999999999996 0.6089 0.19620000000000004
-3518.519223399359 0.19489999999999996 0.6295999999999999 0.1755000000000001
-3498.1468948748975 0.19489999999999996 0.6502999999999999 0.15480000000000016
-3475.762095044285 0.19489999999999996 0.6709999999999999 0.1341000000000001
-3455.5728117249696 0.19489999999999996 0.6917 0.11340000000000006
-3433.5280298928355 0.19489999999999996 0.7123999999999999 0.09270000000000012
-3412.8818881725356 0.19489999999999996 0.7330999999999999 0.07200000000000017
-3391.552738666453 0.19489999999999996 0.7537999999999999 0.05130000000000012
-3369.2578172265785 0.19489999999999996 0.7745 0.03060000000000007
-4082.063038074397 0.21559999999999996 0.05 0.7343999999999999
-4067.6184987678125 0.21559999999999996 0.0707 0.7137
-4052.7231898417454 0.21559999999999996 0.0914 0.693
-4038.143570149498 0.21559999999999996 0.11209999999999999 0.6723
-4022.439020528415 0.21559999999999996 0.13279999999999997 0.6516
-4007.6202063944484 0.21559999999999996 0.15349999999999997 0.6309
-3992.7852294949744 0.21559999999999996 0.17419999999999997 0.6102000000000001
-3977.1923941896644 0.21559999999999996 0.19489999999999996 0.5895
-3962.0129745146332 0.21559999999999996 0.21559999999999996 0.5688
-3945.7454697400376 0.21559999999999996 0.23629999999999995 0.5481
-3929.0802610017267 0.21559999999999996 0.25699999999999995 0.5274000000000001
-3913.265128651244 0.21559999999999996 0.27769999999999995 0.5067
-3896.498017467056 0.21559999999999996 0.29839999999999994 0.48600000000000004
-3880.1235303139283 0.21559999999999996 0.31909999999999994 0.46530000000000005
-3864.0261546510565 0.21559999999999996 0.33979999999999994 0.44460000000000005
-3846.6705500173184 0.21559999999999996 0.36049999999999993 0.42390000000000005
-3829.721489924283 0.21559999999999996 0.38119999999999993 0.40320000000000006
-3811.554303988647 0.21559999999999996 0.4018999999999999 0.38250000000000006
-3793.7474102255233 0.21559999999999996 0.4225999999999999 0.36180000000000007
-3774.90803360978 0.21559999999999996 0.4432999999999999 0.34110000000000007
-3756.5347568867646 0.21559999999999996 0.4639999999999999 0.3204000000000001
-3738.0938559686506 0.21559999999999996 0.4846999999999999 0.2997000000000001
-3718.8711136208863 0.21559999999999996 0.5054 0.279
-3700.532893656781 0.21559999999999996 0.5260999999999999 0.2583000000000001
-3681.4780913158615 0.21559999999999996 0.5468 0.23760000000000003
-3661.933176529421 0.21559999999999996 0.5674999999999999 0.2169000000000001
-3642.58216036029 0.21559999999999996 0.5882 0.19620000000000004
-3621.703567962207 0.21559999999999996 0.6089 0.1755
-3601.565672529949 0.21559999999999996 0.6295999999999999 0.15480000000000005
-3580.184697732913 0.21559999999999996 0.6502999999999999 0.1341000000000001
-3559.3466953109164 0.21559999999999996 0.6709999999999999 0.11340000000000006
-3537.9160727806243 0.21559999999999996 0.6917 0.0927
-3516.2906611918393 0.21559999999999996 0.7123999999999999 0.07200000000000006
-3495.272139055939 0.21559999999999996 0.7330999999999999 0.05130000000000012
-3473.2315949419212 0.21559999999999996 0.7537999999999999 0.03060000000000007
