-3647.4854312305474 0.11209999999999999 0.05 0.8379
-3633.511679900622 0.11209999999999999 0.0707 0.8172
-3618.990545978036 0.11209999999999999 0.0914 0.7965
-3603.985963330851 0.11209999999999999 0.11209999999999999 0.7758
-3590.2017836516015 0.11209999999999999 0.13279999999999997 0.7551000000000001
-3574.3885153209358 0.11209999999999999 0.15349999999999997 0.7344
-3559.9617971963617 0.11209999999999999 0.17419999999999997 0.7137
-3544.016781367348 0.11209999999999999 0.19489999999999996 0.6930000000000001
-3529.239658884369 0.11209999999999999 0.21559999999999996 0.6723000000000001
-3513.571468509019 0.11209999999999999 0.23629999999999995 0.6516000000000001
-3497.5722970495617 0.11209999999999999 0.25699999999999995 0.6309
-3481.024088325967 0.11209999999999999 0.27769999999999995 0.6102000000000001
-3464.880443827046 0.11209999999999999 0.29839999999999994 0.5895000000000001
-3448.362192069582 0.11209999999999999 0.31909999999999994 0.5688000000000001
-3432.0996815103836 0.11209999999999999 0.33979999999999994 0.5481
-3415.8837543009877 0.11209999999999999 0.36049999999999993 0.5274000000000001
-3399.5033375209564 0.11209999999999999 0.38119999999999993 0.5067000000000002
-3382.1170439897196 0.11209999999999999 0.4018999999999999 0.4860000000000001
-3364.8756380231052 0.11209999999999999 0.4225999999999999 0.4653000000000001
-3347.666023814619 0.11209999999999999 0.4432999999999999 0.4446000000000001
-3330.048251314878 0.11209999999999999 0.4639999999999999 0.4239000000000001
-3311.418793211743 0.11209999999999999 0.4846999999999999 0.4032000000000001
-3293.1843391503908 0.11209999999999999 0.5054 0.38250000000000006
-3275.098704474813 0.11209999999999999 0.5260999999999999 0.3618000000000001
-3255.8862838206983 0.11209999999999999 0.5468 0.34110000000000007
-3237.7362185345582 0.11209999999999999 0.5674999999999999 0.32040000000000013
-3218.043014260741 0.11209999999999999 0.5882 0.2997000000000001
-3199.5386786113827 0.11209999999999999 0.6089 0.279
-3181.718131003722 0.11209999999999999 0.6295999999999999 0.2583000000000001
-3161.256411136984 0.11209999999999999 0.6502999999999999 0.23760000000000014
-3141.9593295071722 0.11209999999999999 0.6709999999999999 0.2169000000000001
-3120.621880074154 0.11209999999999999 0.6917 0.19620000000000004
-3100.170362282567 0.11209999999999999 0.7123999999999999 0.1755000000000001
-3078.761549737454 0.11209999999999999 0.7330999999999999 0.15480000000000016
-3057.4768837360925 0.11209999999999999 0.7537999999999999 0.1341000000000001
-3036.3576401766786 0.11209999999999999 0.7745 0.11340000000000006
-3014.3999656450665 0.11209999999999999 0.7951999999999999 0.09270000000000012
-2993.166228295841 0.11209999999999999 0.8158999999999998 0.07200000000000017
-2971.871032168599 0.11209999999999999 0.8365999999999999 0.05130000000000012
-2950.164281602502 0.11209999999999999 0.8573 0.03060000000000007
-3735.9452140866592 0.13279999999999997 0.05 0.8171999999999999
-3721.998435316625 0.13279999999999997 0.0707 0.7965
-3707.7311653367433 0.13279999999999997 0.0914 0.7757999999999999
-3693.1505507360866 0.13279999999999997 0.11209999999999999 0.7551
-3677.3347027589703 0.13279999999999997 0.13279999999999997 0.7343999999999999
-3662.6705032187256 0.13279999999999997 0.15349999999999997 0.7137
-3647.4240619219813 0.13279999999999997 0.17419999999999997 0.6930000000000001
-3631.5900161085847 0.13279999999999997 0.19489999999999996 0.6723
-3617.203984193025 0.13279999999999997 0.21559999999999996 0.6516
-3600.109049149256 0.13279999999999997 0.23629999999999995 0.6309
-3584.729775632784 0.13279999999999997 0.25699999999999995 0.6102000000000001
-3569.2079217270066 0.13279999999999997 0.27769999999999995 0.5895
-3552.0778934244645 0.13279999999999997 0.29839999999999994 0.5688
-3535.993396761966 0.13279999999999997 0.31909999999999994 0.5481
-3519.6416485615964 0.13279999999999997 0.33979999999999994 0.5274000000000001
-3503.1036580685623 0.13279999999999997 0.36049999999999993 0.5067
-3486.2602597517084 0.13279999999999997 0.38119999999999993 0.48600000000000004
-3469.453374487174 0.13279999999999997 0.4018999999999999 0.46530000000000005
-3452.070051228483 0.13279999999999997 0.4225999999999999 0.44460000000000005
-3434.265453178559 0.13279999999999997 0.4432999999999999 0.42390000000000005
-3416.675593429035 0.13279999999999997 0.4639999999999999 0.40320000000000006
-3397.7302856254555 0.13279999999999997 0.4846999999999999 0.38250000000000006
-3379.933927238122 0.13279999999999997 0.5054 0.3618
-3361.2152481349904 0.13279999999999997 0.5260999999999999 0.34110000000000007
-3342.6924778042235 0.13279999999999997 0.5468 0.3204
-3323.9638335661084 0.13279999999999997 0.5674999999999999 0.2997000000000001
-3305.3422147157476 0.13279999999999997 0.5882 0.279
-3286.1786234606516 0.13279999999999997 0.6089 0.2583
-3266.770509440554 0.13279999999999997 0.6295999999999999 0.23760000000000003
-3246.652860859974 0.13279999999999997 0.6502999999999999 0.2169000000000001
-3226.8015557309245 0.13279999999999997 0.6709999999999999 0.19620000000000004
-3205.584040807498 0.13279999999999997 0.6917 0.1755
-3184.902423765599 0.13279999999999997 0.7123999999999999 0.15480000000000005
-3163.2714018456177 0.13279999999999997 0.7330999999999999 0.1341000000000001
-3142.1831507839233 0.13279999999999997 0.7537999999999999 0.11340000000000006
-3120.2094976025783 0.13279999999999997 0.7745 0.0927
-3098.9994428291175 0.13279999999999997 0.7951999999999999 0.07200000000000006
-3077.75022881439 0.13279999999999997 0.8158999999999998 0.05130000000000012
-3055.990438577177 0.13279999999999997 0.8365999999999999 0.03060000000000007
-3822.3307714764974 0.15349999999999997 0.05 0.7965
-3808.0329878577463 0.15349999999999997 0.0707 0.7758
-3792.916442947457 0.15349999999999997 0.0914 0.7551
-3778.1728049858666 0.15349999999999997 0.11209999999999999 0.7344
-3763.153847927975 0.15349999999999997 0.13279999999999997 0.7137
-3748.166119681489 0.15349999999999997 0.15349999999999997 0.6930000000000001
-3733.7418205981858 0.15349999999999997 0.17419999999999997 0.6723000000000001
-3717.95423586836 0.15349999999999997 0.19489999999999996 0.6516000000000001
-3701.7819851013387 0.15349999999999997 0.21559999999999996 0.6309
-3686.607139075666 0.15349999999999997 0.23629999999999995 0.6102000000000001
-3670.4721494127643 0.15349999999999997 0.25699999999999995 0.5895000000000001
-3654.5283960845068 0.15349999999999997 0.27769999999999995 0.5688000000000001
-3638.1134844929884 0.15349999999999997 0.29839999999999994 0.5481
-3621.7964996633577 0.15349999999999997 0.31909999999999994 0.5274000000000001
-3604.926795956496 0.15349999999999997 0.33979999999999994 0.5067000000000002
-3588.418170785088 0.15349999999999997 0.36049999999999993 0.4860000000000001
-3572.270203849096 0.15349999999999997 0.38119999999999993 0.4653000000000001
-3554.4548992654845 0.15349999999999997 0.4018999999999999 0.4446000000000001
-3537.5510808140943 0.15349999999999997 0.4225999999999999 0.4239000000000001
-3518.4271315121896 0.15349999999999997 0.4432999999999999 0.4032000000000001
-3500.758741742894 0.15349999999999997 0.4639999999999999 0.3825000000000001
-3482.763653782127 0.15349999999999997 0.4846999999999999 0.3618000000000001
-3463.622914155625 0.15349999999999997 0.5054 0.34110000000000007
-3445.197229445574 0.15349999999999997 0.5260999999999999 0.32040000000000013
-3426.466256023095 0.15349999999999997 0.5468 0.2997000000000001
-3407.754267321886 0.15349999999999997 0.5674999999999999 0.27900000000000014
-3388.958113165098 0.15349999999999997 0.5882 0.2583000000000001
-3369.4634014781564 0.15349999999999997 0.6089 0.23760000000000003
-3351.4782608310934 0.15349999999999997 0.6295999999999999 0.2169000000000001
-3329.740972806028 0.15349999999999997 0.6502999999999999 0.19620000000000015
-3308.9161937178806 0.15349999999999997 0.6709999999999999 0.1755000000000001
-3288.1885345798873 0.15349999999999997 0.6917 0.15480000000000005
-3266.7047061252097 0.15349999999999997 0.7123999999999999 0.1341000000000001
-3245.3140966940127 0.15349999999999997 0.7330999999999999 0.11340000000000017
-3223.445917902264 0.15349999999999997 0.7537999999999999 0.09270000000000012
-3202.255047719487 0.15349999999999997 0.7745 0.07200000000000006
-3181.4675343334065 0.15349999999999997 0.7951999999999999 0.05130000000000012
-3159.6637928060527 0.15349999999999997 0.8158999999999998 0.030600000000000183
