-4950.846688301374 0.4225999999999999 0.05 0.5274000000000001
-4937.255645377472 0.4225999999999999 0.0707 0.5067000000000002
-4922.469305682282 0.4225999999999999 0.0914 0.48600000000000015
-4908.631395307384 0.4225999999999999 0.11209999999999999 0.46530000000000016
-4892.397545185997 0.4225999999999999 0.13279999999999997 0.44460000000000016
-4877.1518314067835 0.4225999999999999 0.15349999999999997 0.42390000000000017
-4863.144751748424 0.4225999999999999 0.17419999999999997 0.40320000000000017
-4844.810798691391 0.4225999999999999 0.19489999999999996 0.3825000000000002
-4828.608239358056 0.4225999999999999 0.21559999999999996 0.3618000000000002
-4811.970213410153 0.4225999999999999 0.23629999999999995 0.3411000000000002
-4795.709457626882 0.4225999999999999 0.25699999999999995 0.3204000000000002
-4780.471652229583 0.4225999999999999 0.27769999999999995 0.2997000000000002
-4760.636807421282 0.4225999999999999 0.29839999999999994 0.2790000000000002
-4742.275899333931 0.4225999999999999 0.31909999999999994 0.2583000000000002
-4723.859580984952 0.4225999999999999 0.33979999999999994 0.2376000000000002
-4705.7280312811 0.4225999999999999 0.36049999999999993 0.2169000000000002
-4688.868170404099 0.4225999999999999 0.38119999999999993 0.1962000000000002
-4668.635423564735 0.4225999999999999 0.4018999999999999 0.1755000000000002
-4649.237378789471 0.4225999999999999 0.4225999999999999 0.15480000000000022
-4629.377492901084 0.4225999999999999 0.4432999999999999 0.13410000000000022
-4608.229065854398 0.4225999999999999 0.4639999999999999 0.11340000000000022
-4587.081054372112 0.4225999999999999 0.4846999999999999 0.09270000000000023
-4565.793278695205 0.4225999999999999 0.5054 0.07200000000000017
-4544.724799529619 0.4225999999999999 0.5260999999999999 0.051300000000000234
-4522.825036774703 0.4225999999999999 0.5468 0.030600000000000183
-5039.523736570777 0.4432999999999999 0.05 0.5067
-5025.332808101587 0.4432999999999999 0.0707 0.4860000000000001
-5010.588848921477 0.4432999999999999 0.0914 0.4653000000000001
-4996.0959533375235 0.4432999999999999 0.11209999999999999 0.4446000000000001
-4979.16552840554 0.4432999999999999 0.13279999999999997 0.4239000000000001
-4965.071206474936 0.4432999999999999 0.15349999999999997 0.4032000000000001
-4949.2380440456955 0.4432999999999999 0.17419999999999997 0.3825000000000001
-4930.836790549749 0.4432999999999999 0.19489999999999996 0.3618000000000001
-4916.967096280466 0.4432999999999999 0.21559999999999996 0.3411000000000001
-4898.590131787864 0.4432999999999999 0.23629999999999995 0.32040000000000013
-4883.337715642801 0.4432999999999999 0.25699999999999995 0.29970000000000013
-4866.234000615087 0.4432999999999999 0.27769999999999995 0.27900000000000014
-4845.7275015387595 0.4432999999999999 0.29839999999999994 0.25830000000000014
-4829.421976532034 0.4432999999999999 0.31909999999999994 0.23760000000000014
-4808.957530927839 0.4432999999999999 0.33979999999999994 0.21690000000000015
-4792.239733643408 0.4432999999999999 0.36049999999999993 0.19620000000000015
-4773.4773768774285 0.4432999999999999 0.38119999999999993 0.17550000000000016
-4752.79301750751 0.4432999999999999 0.4018999999999999 0.15480000000000016
-4735.427894505966 0.4432999999999999 0.4225999999999999 0.13410000000000016
-4711.722862151481 0.4432999999999999 0.4432999999999999 0.11340000000000017
-4693.757718216511 0.4432999999999999 0.4639999999999999 0.09270000000000017
-4672.478195037655 0.4432999999999999 0.4846999999999999 0.07200000000000017
-4650.904868875353 0.4432999999999999 0.5054 0.05130000000000012
-4629.145786029331 0.4432999999999999 0.5260999999999999 0.030600000000000183
-5125.8096389347365 0.4639999999999999 0.05 0.48600000000000004
-5111.516802807338 0.4639999999999999 0.0707 0.46530000000000005
-5097.048939704975 0.4639999999999999 0.0914 0.44460000000000005
-5082.71099164349 0.4639999999999999 0.11209999999999999 0.42390000000000005
-5067.681406993191 0.4639999999999999 0.13279999999999997 0.40320000000000006
-5051.076202508508 0.4639999999999999 0.15349999999999997 0.38250000000000006
-5035.43668261467 0.4639999999999999 0.17419999999999997 0.36180000000000007
-5018.9348747858085 0.4639999999999999 0.19489999999999996 0.34110000000000007
-5002.945299740192 0.4639999999999999 0.21559999999999996 0.3204000000000001
-4985.925117399951 0.4639999999999999 0.23629999999999995 0.2997000000000001
-4968.5625451150445 0.4639999999999999 0.25699999999999995 0.2790000000000001
-4952.126229869396 0.4639999999999999 0.27769999999999995 0.2583000000000001
-4932.823751085293 0.4639999999999999 0.29839999999999994 0.2376000000000001
-4914.429352212509 0.4639999999999999 0.31909999999999994 0.2169000000000001
-4895.454101400009 0.4639999999999999 0.33979999999999994 0.1962000000000001
-4877.027840465657 0.4639999999999999 0.36049999999999993 0.1755000000000001
-4858.575693016885 0.4639999999999999 0.38119999999999993 0.1548000000000001
-4838.133798341642 0.4639999999999999 0.4018999999999999 0.1341000000000001
-4818.375031440886 0.4639999999999999 0.4225999999999999 0.11340000000000011
-4797.032554389291 0.4639999999999999 0.4432999999999999 0.09270000000000012
-4776.205269507082 0.4639999999999999 0.4639999999999999 0.07200000000000012
-4754.914520420565 0.4639999999999999 0.4846999999999999 0.05130000000000012
-4732.8484527333185 0.4639999999999999 0.5054 0.03060000000000007
