-4170.248561493906 0.23629999999999995 0.05 0.7137
-4155.125149549595 0.23629999999999995 0.0707 0.6930000000000001
-4141.517066513862 0.23629999999999995 0.0914 0.6723
-4126.787635120194 0.23629999999999995 0.11209999999999999 0.6516000000000001
-4111.06275905511 0.23629999999999995 0.13279999999999997 0.6309
-4095.870789366221 0.23629999999999995 0.15349999999999997 0.6102000000000001
-4081.233419200171 0.23629999999999995 0.17419999999999997 0.5895000000000001
-4065.069054935264 0.23629999999999995 0.19489999999999996 0.5688000000000001
-4049.3406800396697 0.23629999999999995 0.21559999999999996 0.5481
-4033.4809642837668 0.23629999999999995 0.23629999999999995 0.5274000000000001
-4016.925007097803 0.23629999999999995 0.25699999999999995 0.5067000000000002
-4001.1837732737536 0.23629999999999995 0.27769999999999995 0.4860000000000001
-3984.120328754734 0.23629999999999995 0.29839999999999994 0.4653000000000001
-3967.847126356323 0.23629999999999995 0.31909999999999994 0.4446000000000001
-3951.365454308009 0.23629999999999995 0.33979999999999994 0.4239000000000001
-3934.7743393573705 0.23629999999999995 0.36049999999999993 0.4032000000000001
-3916.9263926940844 0.23629999999999995 0.38119999999999993 0.3825000000000001
-3898.6455936921507 0.23629999999999995 0.4018999999999999 0.3618000000000001
-3880.596076537611 0.23629999999999995 0.4225999999999999 0.3411000000000001
-3862.773576186486 0.23629999999999995 0.4432999999999999 0.32040000000000013
-3843.9625176906225 0.23629999999999995 0.4639999999999999 0.29970000000000013
-3824.5816709996175 0.23629999999999995 0.4846999999999999 0.27900000000000014
-3805.6270746597875 0.23629999999999995 0.5054 0.2583000000000001
-3787.7574606279545 0.23629999999999995 0.5260999999999999 0.23760000000000014
-3768.391339504641 0.23629999999999995 0.5468 0.2169000000000001
-3750.3043087477854 0.23629999999999995 0.5674999999999999 0.19620000000000015
-3729.4197523160756 0.23629999999999995 0.5882 0.1755000000000001
-3707.429138958059 0.23629999999999995 0.6089 0.15480000000000005
-3687.3511929991237 0.23629999999999995 0.6295999999999999 0.1341000000000001
-3665.8034506942427 0.23629999999999995 0.6502999999999999 0.11340000000000017
-3644.7482142633125 0.23629999999999995 0.6709999999999999 0.09270000000000012
-3622.5915285894653 0.23629999999999995 0.6917 0.07200000000000006
-3601.2854625526047 0.23629999999999995 0.7123999999999999 0.05130000000000012
-3579.578202080227 0.23629999999999995 0.7330999999999999 0.030600000000000183
-4255.875654994368 0.25699999999999995 0.05 0.6930000000000001
-4241.728521843758 0.25699999999999995 0.0707 0.6723000000000001
-4227.045389443727 0.25699999999999995 0.0914 0.6516000000000001
-4211.565479513622 0.25699999999999995 0.11209999999999999 0.6309000000000001
-4196.571626706353 0.25699999999999995 0.13279999999999997 0.6102000000000001
-4181.764137885994 0.25699999999999995 0.15349999999999997 0.5895000000000001
-4166.789472029086 0.25699999999999995 0.17419999999999997 0.5688000000000002
-4150.715140982228 0.25699999999999995 0.19489999999999996 0.5481000000000001
-4135.279856695798 0.25699999999999995 0.21559999999999996 0.5274000000000001
-4118.708971702033 0.25699999999999995 0.23629999999999995 0.5067000000000002
-4102.873544240509 0.25699999999999995 0.25699999999999995 0.48600000000000015
-4086.8509637237203 0.25699999999999995 0.27769999999999995 0.46530000000000016
-4070.1395095142743 0.25699999999999995 0.29839999999999994 0.44460000000000016
-4053.5894416119936 0.25699999999999995 0.31909999999999994 0.42390000000000017
-4037.5121875904033 0.25699999999999995 0.33979999999999994 0.40320000000000017
-4018.5233132537396 0.25699999999999995 0.36049999999999993 0.3825000000000002
-4001.637417693523 0.25699999999999995 0.38119999999999993 0.3618000000000002
-3983.2744860308007 0.25699999999999995 0.4018999999999999 0.3411000000000002
-3965.2613119726407 0.25699999999999995 0.4225999999999999 0.3204000000000002
-3946.5145494659164 0.25699999999999995 0.4432999999999999 0.2997000000000002
-3928.1593646532638 0.25699999999999995 0.4639999999999999 0.2790000000000002
-3909.673102577126 0.25699999999999995 0.4846999999999999 0.2583000000000002
-3891.317893442934 0.25699999999999995 0.5054 0.23760000000000014
-3872.3659605613548 0.25699999999999995 0.5260999999999999 0.2169000000000002
-3852.2029661935117 0.25699999999999995 0.5468 0.19620000000000015
-3833.5890069902507 0.25699999999999995 0.5674999999999999 0.1755000000000002
-3812.572409125678 0.25699999999999995 0.5882 0.15480000000000016
-3790.757157004924 0.25699999999999995 0.6089 0.1341000000000001
-3770.0999994616 0.25699999999999995 0.6295999999999999 0.11340000000000017
-3748.391431596429 0.25699999999999995 0.6502999999999999 0.09270000000000023
-3726.747157009984 0.25699999999999995 0.6709999999999999 0.07200000000000017
-3705.8567290418277 0.25699999999999995 0.6917 0.05130000000000012
-3682.8743905705414 0.25699999999999995 0.7123999999999999 0.030600000000000183
-4341.8709708574 0.27769999999999995 0.05 0.6723
-4327.541795210188 0.27769999999999995 0.0707 0.6516000000000001
-4312.788786658651 0.27769999999999995 0.0914 0.6309
-4297.676547722887 0.27769999999999995 0.11209999999999999 0.6102000000000001
-4282.76059899153 0.27769999999999995 0.13279999999999997 0.5895000000000001
-4267.889623947668 0.27769999999999995 0.15349999999999997 0.5688000000000001
-4252.66298956746 0.27769999999999995 0.17419999999999997 0.5481
-4237.125789936357 0.27769999999999995 0.19489999999999996 0.5274000000000001
-4220.908809846794 0.27769999999999995 0.21559999999999996 0.5067000000000002
-4204.402261573406 0.27769999999999995 0.23629999999999995 0.4860000000000001
-4188.86605914402 0.27769999999999995 0.25699999999999995 0.4653000000000001
-4172.955782102103 0.27769999999999995 0.27769999999999995 0.4446000000000001
-4155.68834309878 0.27769999999999995 0.29839999999999994 0.4239000000000001
-4139.184172861728 0.27769999999999995 0.31909999999999994 0.4032000000000001
-4122.012413046093 0.27769999999999995 0.33979999999999994 0.3825000000000001
-4105.090708544016 0.27769999999999995 0.36049999999999993 0.3618000000000001
-4086.42788441181 0.27769999999999995 0.38119999999999993 0.3411000000000001
-4068.7600642422394 0.27769999999999995 0.4018999999999999 0.32040000000000013
-4050.0786579252094 0.27769999999999995 0.4225999999999999 0.29970000000000013
-4031.4155652192103 0.27769999999999995 0.4432999999999999 0.27900000000000014
-4012.740635000233 0.27769999999999995 0.4639999999999999 0.25830000000000014
-3994.151428661155 0.27769999999999995 0.4846999999999999 0.23760000000000014
-3975.729122095916 0.27769999999999995 0.5054 0.2169000000000001
-3955.9251255599283 0.27769999999999995 0.5260999999999999 0.19620000000000015
-3936.7488881764734 0.27769999999999995 0.5468 0.1755000000000001
-3916.6953399089816 0.27769999999999995 0.5674999999999999 0.15480000000000016
-3895.36059217102 0.27769999999999995 0.5882 0.1341000000000001
-3874.0938847673287 0.27769999999999995 0.6089 0.11340000000000006
-3852.0687566628294 0.27769999999999995 0.6295999999999999 0.09270000000000012
-3831.2312514179143 0.27769999999999995 0.6502999999999999 0.07200000000000017
-3809.6722150280257 0.27769999999999995 0.6709999999999999 0.05130000000000012
-3788.042660143783 0.27769999999999995 0.6917 0.03060000000000007
