-5212.131273760507 0.4846999999999999 0.05 0.4653000000000001
-5200.359160801824 0.4846999999999999 0.0707 0.4446000000000001
-5183.292620147122 0.4846999999999999 0.0914 0.4239000000000001
-5170.905115552685 0.4846999999999999 0.11209999999999999 0.4032000000000001
-5153.166484267247 0.4846999999999999 0.13279999999999997 0.3825000000000001
-5137.371468984558 0.4846999999999999 0.15349999999999997 0.3618000000000001
-5123.159396262812 0.4846999999999999 0.17419999999999997 0.3411000000000001
-5104.837339630776 0.4846999999999999 0.19489999999999996 0.32040000000000013
-5090.752863092674 0.4846999999999999 0.21559999999999996 0.29970000000000013
-5070.93975156192 0.4846999999999999 0.23629999999999995 0.27900000000000014
-5054.071718628196 0.4846999999999999 0.25699999999999995 0.25830000000000014
-5038.134246247826 0.4846999999999999 0.27769999999999995 0.23760000000000014
-5017.426743567349 0.4846999999999999 0.29839999999999994 0.21690000000000015
-5001.139328631549 0.4846999999999999 0.31909999999999994 0.19620000000000015
-4980.384039482326 0.4846999999999999 0.33979999999999994 0.17550000000000016
-4961.996045675834 0.4846999999999999 0.36049999999999993 0.15480000000000016
-4944.478477015441 0.4846999999999999 0.38119999999999993 0.13410000000000016
-4921.899946136542 0.4846999999999999 0.4018999999999999 0.11340000000000017
-4903.057565766885 0.4846999999999999 0.4225999999999999 0.09270000000000017
-4880.098029266853 0.4846999999999999 0.4432999999999999 0.07200000000000017
-4858.824400686898 0.4846999999999999 0.4639999999999999 0.05130000000000018
-4839.093310710698 0.4846999999999999 0.4846999999999999 0.030600000000000183
-5300.736509822622 0.5054 0.05 0.44460000000000005
-5286.388564244926 0.5054 0.0707 0.42390000000000005
-5272.366294726078 0.5054 0.0914 0.40320000000000006
-5257.216816233366 0.5054 0.11209999999999999 0.38250000000000006
-5238.613630582382 0.5054 0.13279999999999997 0.36180000000000007
-5225.0915280952795 0.5054 0.15349999999999997 0.34110000000000007
-5209.1489563604055 0.5054 0.17419999999999997 0.3204000000000001
-5192.589175447393 0.5054 0.19489999999999996 0.2997000000000001
-5176.285541965287 0.5054 0.21559999999999996 0.2790000000000001
-5156.96802086477 0.5054 0.23629999999999995 0.2583000000000001
-5141.226870308443 0.5054 0.25699999999999995 0.2376000000000001
-5123.032202084237 0.5054 0.27769999999999995 0.2169000000000001
-5104.512660140603 0.5054 0.29839999999999994 0.1962000000000001
-5085.565429022505 0.5054 0.31909999999999994 0.1755000000000001
-5065.307684165691 0.5054 0.33979999999999994 0.1548000000000001
-5047.921265063101 0.5054 0.36049999999999993 0.1341000000000001
-5028.319062454454 0.5054 0.38119999999999993 0.11340000000000011
-5007.367534748047 0.5054 0.4018999999999999 0.09270000000000012
-4985.971619622273 0.5054 0.4225999999999999 0.07200000000000012
-4962.552450696328 0.5054 0.4432999999999999 0.05130000000000012
-4943.299688724415 0.5054 0.4639999999999999 0.030600000000000127
-5387.307238504396 0.5260999999999999 0.05 0.4239000000000001
-5375.119420339372 0.5260999999999999 0.0707 0.4032000000000001
-5358.00425644838 0.5260999999999999 0.0914 0.3825000000000001
-5343.555088072758 0.5260999999999999 0.11209999999999999 0.3618000000000001
-5326.602413730333 0.5260999999999999 0.13279999999999997 0.3411000000000001
-5311.407568255926 0.5260999999999999 0.15349999999999997 0.32040000000000013
-5297.183950446944 0.5260999999999999 0.17419999999999997 0.29970000000000013
-5277.899274995785 0.5260999999999999 0.19489999999999996 0.27900000000000014
-5261.380778535302 0.5260999999999999 0.21559999999999996 0.25830000000000014
-5244.18315546569 0.5260999999999999 0.23629999999999995 0.23760000000000014
-5226.284400922924 0.5260999999999999 0.25699999999999995 0.21690000000000015
-5210.055259511308 0.5260999999999999 0.27769999999999995 0.19620000000000015
-5189.085521657971 0.5260999999999999 0.29839999999999994 0.17550000000000016
-5170.917134637622 0.5260999999999999 0.31909999999999994 0.15480000000000016
-5151.362465736259 0.5260999999999999 0.33979999999999994 0.13410000000000016
-5131.6004793830425 0.5260999999999999 0.36049999999999993 0.11340000000000017
-5113.202577203658 0.5260999999999999 0.38119999999999993 0.09270000000000017
-5090.209548679963 0.5260999999999999 0.4018999999999999 0.07200000000000017
-5068.991657617141 0.5260999999999999 0.4225999999999999 0.05130000000000018
-5046.875484287314 0.5260999999999999 0.4432999999999999 0.030600000000000183
