-6519.459124945733 0.7951999999999999 0.05 0.1548000000000001
-6505.187102623826 0.7951999999999999 0.0707 0.1341000000000001
-6486.241351391974 0.7951999999999999 0.0914 0.1134000000000001
-6470.394018614083 0.7951999999999999 0.11209999999999999 0.0927000000000001
-6449.4130357543145 0.7951999999999999 0.13279999999999997 0.07200000000000012
-6430.56972388922 0.7951999999999999 0.15349999999999997 0.05130000000000012
-6411.770142339284 0.7951999999999999 0.17419999999999997 0.030600000000000127
-6608.111584927575 0.8158999999999998 0.05 0.13410000000000016
-6591.593486699047 0.8158999999999998 0.0707 0.11340000000000015
-6573.530030048692 0.8158999999999998 0.0914 0.09270000000000016
-6555.143797474931 0.8158999999999998 0.11209999999999999 0.07200000000000016
-6534.455274324798 0.8158999999999998 0.13279999999999997 0.05130000000000018
-6515.813101018631 0.8158999999999998 0.15349999999999997 0.030600000000000183
-6693.695215390635 0.8365999999999999 0.05 0.1134000000000001
-6679.093425156973 0.8365999999999999 0.0707 0.0927000000000001
-6658.696379328623 0.8365999999999999 0.0914 0.0720000000000001
-6640.424506196081 0.8365999999999999 0.11209999999999999 0.05130000000000011
-6619.831270435906 0.8365999999999999 0.13279999999999997 0.030600000000000127
