-5217.460822182981 0.4846999999999999 0.05 0.4653000000000001
-5218.749949671098 0.4846999999999999 0.0707 0.4446000000000001
-5213.141774933647 0.4846999999999999 0.0914 0.4239000000000001
-5212.185368464101 0.4846999999999999 0.11209999999999999 0.4032000000000001
-5207.023725722729 0.4846999999999999 0.13279999999999997 0.3825000000000001
-5190.5895817489945 0.4846999999999999 0.15349999999999997 0.3618000000000001
-5165.119463551287 0.4846999999999999 0.17419999999999997 0.3411000000000001
-5144.379619805922 0.4846999999999999 0.19489999999999996 0.32040000000000013
-5121.986491649346 0.4846999999999999 0.21559999999999996 0.29970000000000013
-5095.772646303896 0.4846999999999999 0.23629999999999995 0.27900000000000014
-5070.719384930283 0.4846999999999999 0.25699999999999995 0.25830000000000014
-5048.497107161401 0.4846999999999999 0.27769999999999995 0.23760000000000014
-5013.892911151392 0.4846999999999999 0.29839999999999994 0.21690000000000015
-4995.185978612552 0.4846999999999999 0.31909999999999994 0.19620000000000015
-4965.599083355548 0.4846999999999999 0.33979999999999994 0.17550000000000016
-4937.638134433435 0.4846999999999999 0.36049999999999993 0.15480000000000016
-4909.830093464359 0.4846999999999999 0.38119999999999993 0.13410000000000016
-4883.550116775675 0.4846999999999999 0.4018999999999999 0.11340000000000017
-4862.182608895247 0.4846999999999999 0.4225999999999999 0.09270000000000017
-4830.120447877776 0.4846999999999999 0.4432999999999999 0.07200000000000017
-4807.181946030799 0.4846999999999999 0.4639999999999999 0.05130000000000018
-4773.500192102714 0.4846999999999999 0.4846999999999999 0.030600000000000183
-5306.711838077592 0.5054 0.05 0.44460000000000005
-5304.615279859574 0.5054 0.0707 0.42390000000000005
-5306.178690492834 0.5054 0.0914 0.40320000000000006
-5296.877680753626 0.5054 0.11209999999999999 0.38250000000000006
-5287.025490131147 0.5054 0.13279999999999997 0.36180000000000007
-5273.6249809707615 0.5054 0.15349999999999997 0.34110000000000007
-5238.200579875471 0.5054 0.17419999999999997 0.3204000000000001
-5220.90421489259 0.5054 0.19489999999999996 0.2997000000000001
-5196.310987524292 0.5054 0.21559999999999996 0.2790000000000001
-5165.41674067664 0.5054 0.23629999999999995 0.2583000000000001
-5147.431120582624 0.5054 0.25699999999999995 0.2376000000000001
-5116.461839106291 0.5054 0.27769999999999995 0.2169000000000001
-5095.535968952245 0.5054 0.29839999999999994 0.1962000000000001
-5070.072125234962 0.5054 0.31909999999999994 0.1755000000000001
-5043.153173682752 0.5054 0.33979999999999994 0.1548000000000001
-5012.494531155059 0.5054 0.36049999999999993 0.1341000000000001
-4993.0970346109625 0.5054 0.38119999999999993 0.11340000000000011
-4963.625946879788 0.5054 0.4018999999999999 0.09270000000000012
-4936.333392818098 0.5054 0.4225999999999999 0.07200000000000012
-4907.931019436279 0.5054 0.4432999999999999 0.05130000000000012
-4877.144161142076 0.5054 0.4639999999999999 0.030600000000000127
-5397.101667024214 0.5260999999999999 0.05 0.4239000000000001
-5396.729432884062 0.5260999999999999 0.0707 0.4032000000000001
-5397.988967451617 0.5260999999999999 0.0914 0.3825000000000001
-5388.813715086852 0.5260999999999999 0.11209999999999999 0.3618000000000001
-5383.838057192822 0.5260999999999999 0.13279999999999997 0.3411000000000001
-5354.564836756071 0.5260999999999999 0.15349999999999997 0.32040000000000013
-5331.809813479263 0.5260999999999999 0.17419999999999997 0.29970000000000013
-5300.593834231491 0.5260999999999999 0.19489999999999996 0.27900000000000014
-5277.1971885408675 0.5260999999999999 0.21559999999999996 0.25830000000000014
-5246.232304121151 0.5260999999999999 0.23629999999999995 0.23760000000000014
-5228.968862336072 0.5260999999999999 0.25699999999999995 0.21690000000000015
-5205.914714215685 0.5260999999999999 0.27769999999999995 0.19620000000000015
-5175.106643948681 0.5260999999999999 0.29839999999999994 0.17550000000000016
-5153.1656199910285 0.5260999999999999 0.31909999999999994 0.15480000000000016
-5124.29960350805 0.5260999999999999 0.33979999999999994 0.13410000000000016
-5080.020590462027 0.5260999999999999 0.36049999999999993 0.11340000000000017
-5070.730425225218 0.5260999999999999 0.38119999999999993 0.09270000000000017
-5049.745540755006 0.5260999999999999 0.4018999999999999 0.07200000000000017
-5010.107249225341 0.5260999999999999 0.4225999999999999 0.05130000000000018
-4990.436269195255 0.5260999999999999 0.4432999999999999 0.030600000000000183
