-6258.088411114949 0.7330999999999999 0.05 0.21690000000000015
-6248.816056275582 0.7330999999999999 0.0707 0.19620000000000015
-6225.426193804367 0.7330999999999999 0.0914 0.17550000000000016
-6197.890638830226 0.7330999999999999 0.11209999999999999 0.15480000000000016
-6175.080682976489 0.7330999999999999 0.13279999999999997 0.13410000000000016
-6154.954540000922 0.7330999999999999 0.15349999999999997 0.11340000000000017
-6125.491856954943 0.7330999999999999 0.17419999999999997 0.09270000000000017
-6097.464501547244 0.7330999999999999 0.19489999999999996 0.07200000000000017
-6074.833917273895 0.7330999999999999 0.21559999999999996 0.05130000000000018
-6044.241376836956 0.7330999999999999 0.23629999999999995 0.030600000000000183
-6340.13535522198 0.7537999999999999 0.05 0.1962000000000001
-6331.342415882838 0.7537999999999999 0.0707 0.1755000000000001
-6310.686820998773 0.7537999999999999 0.0914 0.1548000000000001
-6285.075217697698 0.7537999999999999 0.11209999999999999 0.1341000000000001
-6258.233505940041 0.7537999999999999 0.13279999999999997 0.11340000000000011
-6232.378333086573 0.7537999999999999 0.15349999999999997 0.09270000000000012
-6215.819625511257 0.7537999999999999 0.17419999999999997 0.07200000000000012
-6183.428459315402 0.7537999999999999 0.19489999999999996 0.05130000000000012
-6157.654494803152 0.7537999999999999 0.21559999999999996 0.030600000000000127
-6437.082292760458 0.7745 0.05 0.17550000000000004
-6424.585342159834 0.7745 0.0707 0.15480000000000005
-6401.560266458477 0.7745 0.0914 0.13410000000000005
-6371.228659241145 0.7745 0.11209999999999999 0.11340000000000004
-6344.439686335544 0.7745 0.13279999999999997 0.09270000000000006
-6321.708893343555 0.7745 0.15349999999999997 0.07200000000000006
-6298.09573379219 0.7745 0.17419999999999997 0.05130000000000007
-6269.034664154175 0.7745 0.19489999999999996 0.03060000000000007
