-6515.411022913858 0.7951999999999999 0.05 0.1548000000000001
-6498.771454447581 0.7951999999999999 0.0707 0.1341000000000001
-6469.496551124185 0.7951999999999999 0.0914 0.1134000000000001
-6445.9542828124095 0.7951999999999999 0.11209999999999999 0.0927000000000001
-6421.2958906029335 0.7951999999999999 0.13279999999999997 0.07200000000000012
-6390.661181164431 0.7951999999999999 0.15349999999999997 0.05130000000000012
-6369.032060357318 0.7951999999999999 0.17419999999999997 0.030600000000000127
-6607.1296112318805 0.8158999999999998 0.05 0.13410000000000016
-6587.227985197574 0.8158999999999998 0.0707 0.11340000000000015
-6558.2452681726445 0.8158999999999998 0.0914 0.09270000000000016
-6537.639014660328 0.8158999999999998 0.11209999999999999 0.07200000000000016
-6509.722242085135 0.8158999999999998 0.13279999999999997 0.05130000000000018
-6479.280036825966 0.8158999999999998 0.15349999999999997 0.030600000000000183
-6694.975500319271 0.8365999999999999 0.05 0.1134000000000001
-6674.025619998322 0.8365999999999999 0.0707 0.0927000000000001
-6644.271403590266 0.8365999999999999 0.0914 0.0720000000000001
-6615.915707021338 0.8365999999999999 0.11209999999999999 0.05130000000000011
-6594.687075327489 0.8365999999999999 0.13279999999999997 0.030600000000000127
