-3518.9952890292493 0.11209999999999999 0.05 0.8379
-3654.161381660978 0.11209999999999999 0.0707 0.8172
-3615.709480845372 0.11209999999999999 0.0914 0.7965
-3702.612998435087 0.11209999999999999 0.11209999999999999 0.7758
-3704.583563987572 0.11209999999999999 0.13279999999999997 0.7551000000000001
-3711.613255446387 0.11209999999999999 0.15349999999999997 0.7344
-3711.128455687457 0.11209999999999999 0.17419999999999997 0.7137
-3715.0110342201306 0.11209999999999999 0.19489999999999996 0.6930000000000001
-3716.190074749785 0.11209999999999999 0.21559999999999996 0.6723000000000001
-3711.378881837653 0.11209999999999999 0.23629999999999995 0.6516000000000001
-3698.6482200073215 0.11209999999999999 0.25699999999999995 0.6309
-3670.7077597455454 0.11209999999999999 0.27769999999999995 0.6102000000000001
-3643.496804042916 0.11209999999999999 0.29839999999999994 0.5895000000000001
-3624.394823201099 0.11209999999999999 0.31909999999999994 0.5688000000000001
-3597.1536195122308 0.11209999999999999 0.33979999999999994 0.5481
-3571.5414143404496 0.11209999999999999 0.36049999999999993 0.5274000000000001
-3545.329793486933 0.11209999999999999 0.38119999999999993 0.5067000000000002
-3517.5937591542197 0.11209999999999999 0.4018999999999999 0.4860000000000001
-3497.0888099769327 0.11209999999999999 0.4225999999999999 0.4653000000000001
-3470.7771809561445 0.11209999999999999 0.4432999999999999 0.4446000000000001
-3444.312220531667 0.11209999999999999 0.4639999999999999 0.4239000000000001
-3414.0548511052625 0.11209999999999999 0.4846999999999999 0.4032000000000001
-3391.34722116797 0.11209999999999999 0.5054 0.38250000000000006
-3362.0877980681653 0.11209999999999999 0.5260999999999999 0.3618000000000001
-3336.8049277439795 0.11209999999999999 0.5468 0.34110000000000007
-3314.2391738231768 0.11209999999999999 0.5674999999999999 0.32040000000000013
-3284.029339050891 0.11209999999999999 0.5882 0.2997000000000001
-3257.120451694252 0.11209999999999999 0.6089 0.279
-3230.8056345350547 0.11209999999999999 0.6295999999999999 0.2583000000000001
-3203.491930311039 0.11209999999999999 0.6502999999999999 0.23760000000000014
-3172.0864352566027 0.11209999999999999 0.6709999999999999 0.2169000000000001
-3146.0742857878645 0.11209999999999999 0.6917 0.19620000000000004
-3121.635444010877 0.11209999999999999 0.7123999999999999 0.1755000000000001
-3091.3758906256207 0.11209999999999999 0.7330999999999999 0.15480000000000016
-3063.932188041899 0.11209999999999999 0.7537999999999999 0.1341000000000001
-3037.298115469185 0.11209999999999999 0.7745 0.11340000000000006
-3009.8562040232923 0.11209999999999999 0.7951999999999999 0.09270000000000012
-2983.1909471670156 0.11209999999999999 0.8158999999999998 0.07200000000000017
-2953.763697963685 0.11209999999999999 0.8365999999999999 0.05130000000000012
-2924.3227123546644 0.11209999999999999 0.8573 0.03060000000000007
-3618.213725178206 0.13279999999999997 0.05 0.8171999999999999
-3755.3587797470605 0.13279999999999997 0.0707 0.7965
-3771.7360937572225 0.13279999999999997 0.0914 0.7757999999999999
-3777.935780790522 0.13279999999999997 0.11209999999999999 0.7551
-3781.998790395006 0.13279999999999997 0.13279999999999997 0.7343999999999999
-3784.2609785183 0.13279999999999997 0.15349999999999997 0.7137
-3786.311291734748 0.13279999999999997 0.17419999999999997 0.6930000000000001
-3788.240318879336 0.13279999999999997 0.19489999999999996 0.6723
-3785.4224857857057 0.13279999999999997 0.21559999999999996 0.6516
-3784.120301583534 0.13279999999999997 0.23629999999999995 0.6309
-3765.00671719239 0.13279999999999997 0.25699999999999995 0.6102000000000001
-3739.7922267469467 0.13279999999999997 0.27769999999999995 0.5895
-3714.720200452875 0.13279999999999997 0.29839999999999994 0.5688
-3687.6608325093684 0.13279999999999997 0.31909999999999994 0.5481
-3666.00762172041 0.13279999999999997 0.33979999999999994 0.5274000000000001
-3637.700321343573 0.13279999999999997 0.36049999999999993 0.5067
-3612.546062002155 0.13279999999999997 0.38119999999999993 0.48600000000000004
-3590.143171760595 0.13279999999999997 0.4018999999999999 0.46530000000000005
-3563.609738255817 0.13279999999999997 0.4225999999999999 0.44460000000000005
-3539.9817790740626 0.13279999999999997 0.4432999999999999 0.42390000000000005
-3507.3556023769324 0.13279999999999997 0.4639999999999999 0.40320000000000006
-3485.9398251072093 0.13279999999999997 0.4846999999999999 0.38250000000000006
-3456.704371646398 0.13279999999999997 0.5054 0.3618
-3433.324127756789 0.13279999999999997 0.5260999999999999 0.34110000000000007
-3405.614179801575 0.13279999999999997 0.5468 0.3204
-3378.1528605251624 0.13279999999999997 0.5674999999999999 0.2997000000000001
-3353.2653201109206 0.13279999999999997 0.5882 0.279
-3324.8088588866076 0.13279999999999997 0.6089 0.2583
-3296.8693173335632 0.13279999999999997 0.6295999999999999 0.23760000000000003
-3271.063489382467 0.13279999999999997 0.6502999999999999 0.2169000000000001
-3243.3149292484163 0.13279999999999997 0.6709999999999999 0.19620000000000004
-3217.1627555496943 0.13279999999999997 0.6917 0.1755
-3189.3056978696795 0.13279999999999997 0.7123999999999999 0.15480000000000005
-3161.0068315861336 0.13279999999999997 0.7330999999999999 0.1341000000000001
-3133.1210538364385 0.13279999999999997 0.7537999999999999 0.11340000000000006
-3104.3348659736134 0.13279999999999997 0.7745 0.0927
-3077.231793515711 0.13279999999999997 0.7951999999999999 0.07200000000000006
-3047.256058053664 0.13279999999999997 0.8158999999999998 0.05130000000000012
-3018.842628305381 0.13279999999999997 0.8365999999999999 0.03060000000000007
-3760.1454357610255 0.15349999999999997 0.05 0.7965
-3851.2872141351586 0.15349999999999997 0.0707 0.7758
-3855.5850826193855 0.15349999999999997 0.0914 0.7551
-3861.1942685800586 0.15349999999999997 0.11209999999999999 0.7344
-3864.4844903518183 0.15349999999999997 0.13279999999999997 0.7137
-3865.63910170232 0.15349999999999997 0.15349999999999997 0.6930000000000001
-3867.8268500256377 0.15349999999999997 0.17419999999999997 0.6723000000000001
-3868.9571288710563 0.15349999999999997 0.19489999999999996 0.6516000000000001
-3868.8156348516072 0.15349999999999997 0.21559999999999996 0.6309
-3865.269043906865 0.15349999999999997 0.23629999999999995 0.6102000000000001
-3841.9630057488434 0.15349999999999997 0.25699999999999995 0.5895000000000001
-3815.0280662271357 0.15349999999999997 0.27769999999999995 0.5688000000000001
-3795.9938114414813 0.15349999999999997 0.29839999999999994 0.5481
-3769.0545900352035 0.15349999999999997 0.31909999999999994 0.5274000000000001
-3740.5373850629 0.15349999999999997 0.33979999999999994 0.5067000000000002
-3718.4208412446824 0.15349999999999997 0.36049999999999993 0.4860000000000001
-3688.8696031640716 0.15349999999999997 0.38119999999999993 0.4653000000000001
-3665.607120475641 0.15349999999999997 0.4018999999999999 0.4446000000000001
-3640.3654579420395 0.15349999999999997 0.4225999999999999 0.4239000000000001
-3612.4905715158866 0.15349999999999997 0.4432999999999999 0.4032000000000001
-3588.240081958008 0.15349999999999997 0.4639999999999999 0.3825000000000001
-3559.3486311651986 0.15349999999999997 0.4846999999999999 0.3618000000000001
-3533.567860305282 0.15349999999999997 0.5054 0.34110000000000007
-3506.6607724959767 0.15349999999999997 0.5260999999999999 0.32040000000000013
-3482.7204721379053 0.15349999999999997 0.5468 0.2997000000000001
-3455.8392347368413 0.15349999999999997 0.5674999999999999 0.27900000000000014
-3429.452769376325 0.15349999999999997 0.5882 0.2583000000000001
-3397.0066581871447 0.15349999999999997 0.6089 0.23760000000000003
-3377.877653585616 0.15349999999999997 0.6295999999999999 0.2169000000000001
-3346.6416753677963 0.15349999999999997 0.6502999999999999 0.19620000000000015
-3319.334895899207 0.15349999999999997 0.6709999999999999 0.1755000000000001
-3292.646201814126 0.15349999999999997 0.6917 0.15480000000000005
-3261.782891555705 0.15349999999999997 0.7123999999999999 0.1341000000000001
-3233.8553387269694 0.15349999999999997 0.7330999999999999 0.11340000000000017
-3207.9236824549007 0.15349999999999997 0.7537999999999999 0.09270000000000012
-3181.4932574402915 0.15349999999999997 0.7745 0.07200000000000006
-3152.1065665627993 0.15349999999999997 0.7951999999999999 0.05130000000000012
-3118.259635338144 0.15349999999999997 0.8158999999999998 0.030600000000000183
