-4456.639426181374 0.29839999999999994 0.05 0.6516
-4450.394603598841 0.29839999999999994 0.0707 0.6309
-4456.988468637996 0.29839999999999994 0.0914 0.6102
-4454.252963177223 0.29839999999999994 0.11209999999999999 0.5895
-4456.901611205374 0.29839999999999994 0.13279999999999997 0.5688
-4454.504195450966 0.29839999999999994 0.15349999999999997 0.5481
-4450.572685734939 0.29839999999999994 0.17419999999999997 0.5274000000000001
-4446.661512109428 0.29839999999999994 0.19489999999999996 0.5067
-4426.008984444257 0.29839999999999994 0.21559999999999996 0.48600000000000004
-4394.700445679372 0.29839999999999994 0.23629999999999995 0.46530000000000005
-4376.904275878199 0.29839999999999994 0.25699999999999995 0.44460000000000005
-4348.63716927231 0.29839999999999994 0.27769999999999995 0.42390000000000005
-4322.875528993085 0.29839999999999994 0.29839999999999994 0.40320000000000006
-4297.4553760280305 0.29839999999999994 0.31909999999999994 0.38250000000000006
-4272.53349369779 0.29839999999999994 0.33979999999999994 0.36180000000000007
-4242.465710822543 0.29839999999999994 0.36049999999999993 0.34110000000000007
-4218.381220623668 0.29839999999999994 0.38119999999999993 0.3204000000000001
-4193.633902984518 0.29839999999999994 0.4018999999999999 0.2997000000000001
-4171.700256955274 0.29839999999999994 0.4225999999999999 0.2790000000000001
-4139.047770430312 0.29839999999999994 0.4432999999999999 0.2583000000000001
-4121.896189802931 0.29839999999999994 0.4639999999999999 0.2376000000000001
-4086.2365183086417 0.29839999999999994 0.4846999999999999 0.2169000000000001
-4047.971632771903 0.29839999999999994 0.5054 0.19620000000000004
-4034.979021530053 0.29839999999999994 0.5260999999999999 0.1755000000000001
-4009.084808534519 0.29839999999999994 0.5468 0.15480000000000005
-3981.9450188741525 0.29839999999999994 0.5674999999999999 0.1341000000000001
-3956.676275974942 0.29839999999999994 0.5882 0.11340000000000006
-3923.467227785208 0.29839999999999994 0.6089 0.0927
-3901.483598928107 0.29839999999999994 0.6295999999999999 0.07200000000000006
-3871.2220334145227 0.29839999999999994 0.6502999999999999 0.05130000000000012
-3840.003092809947 0.29839999999999994 0.6709999999999999 0.03060000000000007
-4519.914089168959 0.31909999999999994 0.05 0.6309
-4522.580950680766 0.31909999999999994 0.0707 0.6102000000000001
-4528.5183996652695 0.31909999999999994 0.0914 0.5895
-4527.113231144978 0.31909999999999994 0.11209999999999999 0.5688000000000001
-4528.729589453664 0.31909999999999994 0.13279999999999997 0.5481
-4525.166648766421 0.31909999999999994 0.15349999999999997 0.5274000000000001
-4526.190379139319 0.31909999999999994 0.17419999999999997 0.5067000000000002
-4520.330595985934 0.31909999999999994 0.19489999999999996 0.4860000000000001
-4494.2337889331575 0.31909999999999994 0.21559999999999996 0.4653000000000001
-4471.976747598802 0.31909999999999994 0.23629999999999995 0.4446000000000001
-4443.975276381324 0.31909999999999994 0.25699999999999995 0.4239000000000001
-4419.228006841959 0.31909999999999994 0.27769999999999995 0.4032000000000001
-4394.035337894566 0.31909999999999994 0.29839999999999994 0.3825000000000001
-4366.319299974464 0.31909999999999994 0.31909999999999994 0.3618000000000001
-4344.553309934214 0.31909999999999994 0.33979999999999994 0.3411000000000001
-4315.80460825132 0.31909999999999994 0.36049999999999993 0.32040000000000013
-4290.627523657092 0.31909999999999994 0.38119999999999993 0.29970000000000013
-4264.2027575204 0.31909999999999994 0.4018999999999999 0.27900000000000014
-4241.555302967826 0.31909999999999994 0.4225999999999999 0.25830000000000014
-4210.346730344463 0.31909999999999994 0.4432999999999999 0.23760000000000014
-4185.171020515674 0.31909999999999994 0.4639999999999999 0.21690000000000015
-4159.762160139547 0.31909999999999994 0.4846999999999999 0.19620000000000015
-4134.833399216247 0.31909999999999994 0.5054 0.1755000000000001
-4108.573194549403 0.31909999999999994 0.5260999999999999 0.15480000000000016
-4078.454398485995 0.31909999999999994 0.5468 0.1341000000000001
-4051.612190726699 0.31909999999999994 0.5674999999999999 0.11340000000000017
-4025.608123074739 0.31909999999999994 0.5882 0.09270000000000012
-4002.5358556739734 0.31909999999999994 0.6089 0.07200000000000006
-3968.335350808273 0.31909999999999994 0.6295999999999999 0.05130000000000012
-3941.8779145378376 0.31909999999999994 0.6502999999999999 0.030600000000000183
-4622.469644861868 0.33979999999999994 0.05 0.6102000000000001
-4622.927905912806 0.33979999999999994 0.0707 0.5895000000000001
-4623.704547775101 0.33979999999999994 0.0914 0.5688000000000001
-4625.695307464321 0.33979999999999994 0.11209999999999999 0.5481000000000001
-4617.175453961406 0.33979999999999994 0.13279999999999997 0.5274000000000001
-4621.461923607697 0.33979999999999994 0.15349999999999997 0.5067000000000002
-4615.551085673363 0.33979999999999994 0.17419999999999997 0.48600000000000015
-4597.95254851607 0.33979999999999994 0.19489999999999996 0.46530000000000016
-4571.913765907176 0.33979999999999994 0.21559999999999996 0.44460000000000016
-4548.124161119153 0.33979999999999994 0.23629999999999995 0.42390000000000017
-4522.8235022344625 0.33979999999999994 0.25699999999999995 0.40320000000000017
-4504.340822729388 0.33979999999999994 0.27769999999999995 0.3825000000000002
-4477.003082732713 0.33979999999999994 0.29839999999999994 0.3618000000000002
-4451.680858983769 0.33979999999999994 0.31909999999999994 0.3411000000000002
-4421.700938539356 0.33979999999999994 0.33979999999999994 0.3204000000000002
-4395.077714240398 0.33979999999999994 0.36049999999999993 0.2997000000000002
-4371.432570050999 0.33979999999999994 0.38119999999999993 0.2790000000000002
-4345.766790178041 0.33979999999999994 0.4018999999999999 0.2583000000000002
-4306.394712685867 0.33979999999999994 0.4225999999999999 0.2376000000000002
-4291.944945957967 0.33979999999999994 0.4432999999999999 0.2169000000000002
-4265.060210781239 0.33979999999999994 0.4639999999999999 0.1962000000000002
-4249.314923159528 0.33979999999999994 0.4846999999999999 0.1755000000000002
-4201.029615618341 0.33979999999999994 0.5054 0.15480000000000016
-4188.299021674633 0.33979999999999994 0.5260999999999999 0.13410000000000022
-4162.297481648677 0.33979999999999994 0.5468 0.11340000000000017
-4127.946212423293 0.33979999999999994 0.5674999999999999 0.09270000000000023
-4096.068589399085 0.33979999999999994 0.5882 0.07200000000000017
-4072.7446633605728 0.33979999999999994 0.6089 0.05130000000000012
-4051.66143886696 0.33979999999999994 0.6295999999999999 0.030600000000000183
