-5753.80869449682 0.6089 0.05 0.3411
-5741.871232584422 0.6089 0.0707 0.3204
-5728.093774644767 0.6089 0.0914 0.2997
-5719.660837001183 0.6089 0.11209999999999999 0.279
-5694.526727025969 0.6089 0.13279999999999997 0.25830000000000003
-5683.183737758552 0.6089 0.15349999999999997 0.23760000000000003
-5645.323890365042 0.6089 0.17419999999999997 0.21690000000000004
-5617.251343201916 0.6089 0.19489999999999996 0.19620000000000004
-5593.823847239363 0.6089 0.21559999999999996 0.17550000000000004
-5567.898559003671 0.6089 0.23629999999999995 0.15480000000000005
-5543.796013258816 0.6089 0.25699999999999995 0.13410000000000005
-5523.6130619963105 0.6089 0.27769999999999995 0.11340000000000006
-5491.148017020967 0.6089 0.29839999999999994 0.09270000000000006
-5470.529609573546 0.6089 0.31909999999999994 0.07200000000000006
-5440.972601151343 0.6089 0.33979999999999994 0.05130000000000007
-5407.480893288053 0.6089 0.36049999999999993 0.03060000000000007
-5823.305805771671 0.6295999999999999 0.05 0.3204000000000001
-5813.574696760526 0.6295999999999999 0.0707 0.2997000000000001
-5818.0941243412235 0.6295999999999999 0.0914 0.2790000000000001
-5796.590741682645 0.6295999999999999 0.11209999999999999 0.2583000000000001
-5771.395760064128 0.6295999999999999 0.13279999999999997 0.2376000000000001
-5745.689666569833 0.6295999999999999 0.15349999999999997 0.2169000000000001
-5729.618478366089 0.6295999999999999 0.17419999999999997 0.1962000000000001
-5705.25158174233 0.6295999999999999 0.19489999999999996 0.1755000000000001
-5671.54395667383 0.6295999999999999 0.21559999999999996 0.1548000000000001
-5647.386107149878 0.6295999999999999 0.23629999999999995 0.1341000000000001
-5636.373179113492 0.6295999999999999 0.25699999999999995 0.11340000000000011
-5599.8281074624665 0.6295999999999999 0.27769999999999995 0.09270000000000012
-5567.961926596297 0.6295999999999999 0.29839999999999994 0.07200000000000012
-5541.70742153058 0.6295999999999999 0.31909999999999994 0.05130000000000012
-5512.235603991304 0.6295999999999999 0.33979999999999994 0.030600000000000127
-5923.183563692839 0.6502999999999999 0.05 0.29970000000000013
-5915.23181472008 0.6502999999999999 0.0707 0.27900000000000014
-5909.235748638925 0.6502999999999999 0.0914 0.25830000000000014
-5892.500693616927 0.6502999999999999 0.11209999999999999 0.23760000000000014
-5866.6623756564695 0.6502999999999999 0.13279999999999997 0.21690000000000015
-5838.457756324579 0.6502999999999999 0.15349999999999997 0.19620000000000015
-5815.361555396827 0.6502999999999999 0.17419999999999997 0.17550000000000016
-5780.305272205003 0.6502999999999999 0.19489999999999996 0.15480000000000016
-5755.3595430027135 0.6502999999999999 0.21559999999999996 0.13410000000000016
-5727.271753166998 0.6502999999999999 0.23629999999999995 0.11340000000000017
-5708.573659476364 0.6502999999999999 0.25699999999999995 0.09270000000000017
-5682.8485074924665 0.6502999999999999 0.27769999999999995 0.07200000000000017
-5646.053472707084 0.6502999999999999 0.29839999999999994 0.05130000000000018
-5628.812482111637 0.6502999999999999 0.31909999999999994 0.030600000000000183
