-6255.276904277578 0.7330999999999999 0.05 0.21690000000000015
-6248.411874268079 0.7330999999999999 0.0707 0.19620000000000015
-6223.914040544415 0.7330999999999999 0.0914 0.17550000000000016
-6198.730071551215 0.7330999999999999 0.11209999999999999 0.15480000000000016
-6178.866356926636 0.7330999999999999 0.13279999999999997 0.13410000000000016
-6150.699960775914 0.7330999999999999 0.15349999999999997 0.11340000000000017
-6126.571319575828 0.7330999999999999 0.17419999999999997 0.09270000000000017
-6103.106854369237 0.7330999999999999 0.19489999999999996 0.07200000000000017
-6073.342120763923 0.7330999999999999 0.21559999999999996 0.05130000000000018
-6050.743862613704 0.7330999999999999 0.23629999999999995 0.030600000000000183
-6347.193836665809 0.7537999999999999 0.05 0.1962000000000001
-6334.036733354216 0.7537999999999999 0.0707 0.1755000000000001
-6309.090440819835 0.7537999999999999 0.0914 0.1548000000000001
-6290.223796319005 0.7537999999999999 0.11209999999999999 0.1341000000000001
-6256.835044636944 0.7537999999999999 0.13279999999999997 0.11340000000000011
-6232.213744508823 0.7537999999999999 0.15349999999999997 0.09270000000000012
-6213.644837914503 0.7537999999999999 0.17419999999999997 0.07200000000000012
-6182.841490438776 0.7537999999999999 0.19489999999999996 0.05130000000000012
-6157.60205770674 0.7537999999999999 0.21559999999999996 0.030600000000000127
-6441.7107716483815 0.7745 0.05 0.17550000000000004
-6422.648046264227 0.7745 0.0707 0.15480000000000005
-6398.740584298838 0.7745 0.0914 0.13410000000000005
-6371.11124074318 0.7745 0.11209999999999999 0.11340000000000004
-6346.556321902183 0.7745 0.13279999999999997 0.09270000000000006
-6324.080031719271 0.7745 0.15349999999999997 0.07200000000000006
-6292.7795974881565 0.7745 0.17419999999999997 0.05130000000000007
-6265.0416986312075 0.7745 0.19489999999999996 0.03060000000000007
