-4707.118370111459 0.36049999999999993 0.05 0.5895
-4711.562863671979 0.36049999999999993 0.0707 0.5688000000000001
-4710.907035226067 0.36049999999999993 0.0914 0.5481
-4704.734441135963 0.36049999999999993 0.11209999999999999 0.5274000000000001
-4710.235337728164 0.36049999999999993 0.13279999999999997 0.5067000000000002
-4703.564554364135 0.36049999999999993 0.15349999999999997 0.4860000000000001
-4696.539778425839 0.36049999999999993 0.17419999999999997 0.4653000000000001
-4675.241174541909 0.36049999999999993 0.19489999999999996 0.4446000000000001
-4647.122812040617 0.36049999999999993 0.21559999999999996 0.4239000000000001
-4636.237010963581 0.36049999999999993 0.23629999999999995 0.4032000000000001
-4603.258523031474 0.36049999999999993 0.25699999999999995 0.3825000000000001
-4578.617543952207 0.36049999999999993 0.27769999999999995 0.3618000000000001
-4551.802656973969 0.36049999999999993 0.29839999999999994 0.3411000000000001
-4524.434106176892 0.36049999999999993 0.31909999999999994 0.32040000000000013
-4504.7851141554065 0.36049999999999993 0.33979999999999994 0.29970000000000013
-4481.339290604445 0.36049999999999993 0.36049999999999993 0.27900000000000014
-4453.946149322148 0.36049999999999993 0.38119999999999993 0.25830000000000014
-4423.433463505345 0.36049999999999993 0.4018999999999999 0.23760000000000014
-4390.977092994361 0.36049999999999993 0.4225999999999999 0.21690000000000015
-4367.340717105922 0.36049999999999993 0.4432999999999999 0.19620000000000015
-4342.192234591532 0.36049999999999993 0.4639999999999999 0.17550000000000016
-4320.70460997155 0.36049999999999993 0.4846999999999999 0.15480000000000016
-4286.753295025261 0.36049999999999993 0.5054 0.1341000000000001
-4261.2176202229375 0.36049999999999993 0.5260999999999999 0.11340000000000017
-4224.031125823577 0.36049999999999993 0.5468 0.09270000000000012
-4198.212177132575 0.36049999999999993 0.5674999999999999 0.07200000000000017
-4182.055971287596 0.36049999999999993 0.5882 0.05130000000000012
-4154.0295831957665 0.36049999999999993 0.6089 0.03060000000000007
-4779.906504136674 0.38119999999999993 0.05 0.5688
-4777.469538705162 0.38119999999999993 0.0707 0.5481
-4780.359367581338 0.38119999999999993 0.0914 0.5274
-4792.789740361972 0.38119999999999993 0.11209999999999999 0.5067
-4781.41170959609 0.38119999999999993 0.13279999999999997 0.48600000000000004
-4778.455721606854 0.38119999999999993 0.15349999999999997 0.46530000000000005
-4780.325675867212 0.38119999999999993 0.17419999999999997 0.44460000000000005
-4755.478189206612 0.38119999999999993 0.19489999999999996 0.42390000000000005
-4727.101393865801 0.38119999999999993 0.21559999999999996 0.40320000000000006
-4698.583839648555 0.38119999999999993 0.23629999999999995 0.38250000000000006
-4674.251061154427 0.38119999999999993 0.25699999999999995 0.36180000000000007
-4653.244975687237 0.38119999999999993 0.27769999999999995 0.34110000000000007
-4623.945030751502 0.38119999999999993 0.29839999999999994 0.3204000000000001
-4601.421047769923 0.38119999999999993 0.31909999999999994 0.2997000000000001
-4577.386112588832 0.38119999999999993 0.33979999999999994 0.2790000000000001
-4547.21538371713 0.38119999999999993 0.36049999999999993 0.2583000000000001
-4520.139525771656 0.38119999999999993 0.38119999999999993 0.2376000000000001
-4493.945282749026 0.38119999999999993 0.4018999999999999 0.2169000000000001
-4470.908630787116 0.38119999999999993 0.4225999999999999 0.1962000000000001
-4442.1223217896895 0.38119999999999993 0.4432999999999999 0.1755000000000001
-4413.178018321089 0.38119999999999993 0.4639999999999999 0.1548000000000001
-4382.644890906184 0.38119999999999993 0.4846999999999999 0.1341000000000001
-4352.944736545772 0.38119999999999993 0.5054 0.11340000000000006
-4334.060005432579 0.38119999999999993 0.5260999999999999 0.09270000000000012
-4304.984074603474 0.38119999999999993 0.5468 0.07200000000000006
-4274.890157596752 0.38119999999999993 0.5674999999999999 0.05130000000000012
-4244.573916556421 0.38119999999999993 0.5882 0.03060000000000007
-4880.014391300966 0.4018999999999999 0.05 0.5481
-4879.2912058527645 0.4018999999999999 0.0707 0.5274000000000001
-4877.433166415221 0.4018999999999999 0.0914 0.5067
-4876.409188668239 0.4018999999999999 0.11209999999999999 0.4860000000000001
-4877.312661153178 0.4018999999999999 0.13279999999999997 0.4653000000000001
-4872.899331209204 0.4018999999999999 0.15349999999999997 0.4446000000000001
-4853.336708325003 0.4018999999999999 0.17419999999999997 0.4239000000000001
-4834.042996908696 0.4018999999999999 0.19489999999999996 0.4032000000000001
-4810.857985119609 0.4018999999999999 0.21559999999999996 0.3825000000000001
-4780.679777243761 0.4018999999999999 0.23629999999999995 0.3618000000000001
-4755.940350243801 0.4018999999999999 0.25699999999999995 0.3411000000000001
-4733.608248377141 0.4018999999999999 0.27769999999999995 0.32040000000000013
-4699.979672136186 0.4018999999999999 0.29839999999999994 0.29970000000000013
-4672.573969645046 0.4018999999999999 0.31909999999999994 0.27900000000000014
-4652.048236078697 0.4018999999999999 0.33979999999999994 0.25830000000000014
-4631.419647077664 0.4018999999999999 0.36049999999999993 0.23760000000000014
-4610.667436716692 0.4018999999999999 0.38119999999999993 0.21690000000000015
-4576.953723319279 0.4018999999999999 0.4018999999999999 0.19620000000000015
-4548.744303642878 0.4018999999999999 0.4225999999999999 0.17550000000000016
-4535.1627541481585 0.4018999999999999 0.4432999999999999 0.15480000000000016
-4499.679750449166 0.4018999999999999 0.4639999999999999 0.13410000000000016
-4470.452333755415 0.4018999999999999 0.4846999999999999 0.11340000000000017
-4441.81391790721 0.4018999999999999 0.5054 0.09270000000000012
-4419.926088936237 0.4018999999999999 0.5260999999999999 0.07200000000000017
-4389.702348092896 0.4018999999999999 0.5468 0.05130000000000012
-4366.097294866299 0.4018999999999999 0.5674999999999999 0.030600000000000183
