-5490.096954727905 0.5468 0.05 0.40320000000000006
-5472.961795199566 0.5468 0.0707 0.38250000000000006
-5455.048458455367 0.5468 0.0914 0.36180000000000007
-5441.264239522329 0.5468 0.11209999999999999 0.34110000000000007
-5423.188174167656 0.5468 0.13279999999999997 0.3204000000000001
-5409.660559895197 0.5468 0.15349999999999997 0.2997000000000001
-5394.312388120667 0.5468 0.17419999999999997 0.2790000000000001
-5376.472743478569 0.5468 0.19489999999999996 0.2583000000000001
-5361.820933136692 0.5468 0.21559999999999996 0.2376000000000001
-5341.9166947664 0.5468 0.23629999999999995 0.2169000000000001
-5324.642956097779 0.5468 0.25699999999999995 0.1962000000000001
-5305.7703768758265 0.5468 0.27769999999999995 0.1755000000000001
-5283.995016784259 0.5468 0.29839999999999994 0.1548000000000001
-5266.627451100775 0.5468 0.31909999999999994 0.1341000000000001
-5246.026841051532 0.5468 0.33979999999999994 0.11340000000000011
-5225.532885720969 0.5468 0.36049999999999993 0.09270000000000012
-5202.307866174322 0.5468 0.38119999999999993 0.07200000000000012
-5176.094403125956 0.5468 0.4018999999999999 0.05130000000000012
-5154.387254177451 0.5468 0.4225999999999999 0.030600000000000127
-5576.15669555881 0.5674999999999999 0.05 0.3825000000000001
-5561.2761267262995 0.5674999999999999 0.0707 0.3618000000000001
-5545.563357201436 0.5674999999999999 0.0914 0.3411000000000001
-5526.797794152177 0.5674999999999999 0.11209999999999999 0.32040000000000013
-5511.026978772941 0.5674999999999999 0.13279999999999997 0.29970000000000013
-5495.549823766252 0.5674999999999999 0.15349999999999997 0.27900000000000014
-5480.05506508433 0.5674999999999999 0.17419999999999997 0.25830000000000014
-5465.03302389058 0.5674999999999999 0.19489999999999996 0.23760000000000014
-5445.322110525946 0.5674999999999999 0.21559999999999996 0.21690000000000015
-5428.108408411587 0.5674999999999999 0.23629999999999995 0.19620000000000015
-5408.765144459395 0.5674999999999999 0.25699999999999995 0.17550000000000016
-5389.42056401133 0.5674999999999999 0.27769999999999995 0.15480000000000016
-5369.807406673187 0.5674999999999999 0.29839999999999994 0.13410000000000016
-5351.531633432859 0.5674999999999999 0.31909999999999994 0.11340000000000017
-5328.931962009544 0.5674999999999999 0.33979999999999994 0.09270000000000017
-5306.0394974584 0.5674999999999999 0.36049999999999993 0.07200000000000017
-5282.2219374495 0.5674999999999999 0.38119999999999993 0.05130000000000018
-5257.931080786236 0.5674999999999999 0.4018999999999999 0.030600000000000183
-5662.37768078469 0.5882 0.05 0.36180000000000007
-5646.3469177307425 0.5882 0.0707 0.34110000000000007
-5628.332794847999 0.5882 0.0914 0.3204000000000001
-5614.590666272697 0.5882 0.11209999999999999 0.2997000000000001
-5597.297845997313 0.5882 0.13279999999999997 0.2790000000000001
-5581.04364718646 0.5882 0.15349999999999997 0.2583000000000001
-5567.63647515826 0.5882 0.17419999999999997 0.2376000000000001
-5549.2633500667 0.5882 0.19489999999999996 0.2169000000000001
-5533.5977375559905 0.5882 0.21559999999999996 0.1962000000000001
-5512.216414074597 0.5882 0.23629999999999995 0.1755000000000001
-5492.7162634032275 0.5882 0.25699999999999995 0.1548000000000001
-5476.076786658166 0.5882 0.27769999999999995 0.1341000000000001
-5455.254211463597 0.5882 0.29839999999999994 0.11340000000000011
-5435.8230972664605 0.5882 0.31909999999999994 0.09270000000000012
-5410.235215003483 0.5882 0.33979999999999994 0.07200000000000012
-5386.887379161183 0.5882 0.36049999999999993 0.05130000000000012
-5365.210477804638 0.5882 0.38119999999999993 0.030600000000000127
