-4443.574193725927 0.29839999999999994 0.05 0.6516
-4427.33267629727 0.29839999999999994 0.0707 0.6309
-4416.291669970486 0.29839999999999994 0.0914 0.6102
-4400.765133175959 0.29839999999999994 0.11209999999999999 0.5895
-4384.137100805112 0.29839999999999994 0.13279999999999997 0.5688
-4371.374462423045 0.29839999999999994 0.15349999999999997 0.5481
-4356.01738546137 0.29839999999999994 0.17419999999999997 0.5274000000000001
-4341.132271875733 0.29839999999999994 0.19489999999999996 0.5067
-4325.371191353702 0.29839999999999994 0.21559999999999996 0.48600000000000004
-4309.712972617977 0.29839999999999994 0.23629999999999995 0.46530000000000005
-4292.899064380431 0.29839999999999994 0.25699999999999995 0.44460000000000005
-4279.006699219513 0.29839999999999994 0.27769999999999995 0.42390000000000005
-4263.016836149817 0.29839999999999994 0.29839999999999994 0.40320000000000006
-4246.083225116107 0.29839999999999994 0.31909999999999994 0.38250000000000006
-4228.395805596527 0.29839999999999994 0.33979999999999994 0.36180000000000007
-4210.0488674708395 0.29839999999999994 0.36049999999999993 0.34110000000000007
-4191.691153587831 0.29839999999999994 0.38119999999999993 0.3204000000000001
-4171.875002046874 0.29839999999999994 0.4018999999999999 0.2997000000000001
-4152.885358811997 0.29839999999999994 0.4225999999999999 0.2790000000000001
-4133.982404929175 0.29839999999999994 0.4432999999999999 0.2583000000000001
-4114.380936143488 0.29839999999999994 0.4639999999999999 0.2376000000000001
-4095.3306764970366 0.29839999999999994 0.4846999999999999 0.2169000000000001
-4076.0440159108125 0.29839999999999994 0.5054 0.19620000000000004
-4055.267555935796 0.29839999999999994 0.5260999999999999 0.1755000000000001
-4034.95527722041 0.29839999999999994 0.5468 0.15480000000000005
-4010.678849914516 0.29839999999999994 0.5674999999999999 0.1341000000000001
-3987.3733916620167 0.29839999999999994 0.5882 0.11340000000000006
-3963.1976058847936 0.29839999999999994 0.6089 0.0927
-3939.587911415211 0.29839999999999994 0.6295999999999999 0.07200000000000006
-3915.8848408013587 0.29839999999999994 0.6502999999999999 0.05130000000000012
-3891.8361469176393 0.29839999999999994 0.6709999999999999 0.03060000000000007
-4529.296519309411 0.31909999999999994 0.05 0.6309
-4516.423068402889 0.31909999999999994 0.0707 0.6102000000000001
-4496.635880017158 0.31909999999999994 0.0914 0.5895
-4487.3265777389415 0.31909999999999994 0.11209999999999999 0.5688000000000001
-4471.440254871766 0.31909999999999994 0.13279999999999997 0.5481
-4457.665304909435 0.31909999999999994 0.15349999999999997 0.5274000000000001
-4442.5373013768285 0.31909999999999994 0.17419999999999997 0.5067000000000002
-4426.834975795283 0.31909999999999994 0.19489999999999996 0.4860000000000001
-4411.234213221872 0.31909999999999994 0.21559999999999996 0.4653000000000001
-4395.171318053425 0.31909999999999994 0.23629999999999995 0.4446000000000001
-4379.663493902727 0.31909999999999994 0.25699999999999995 0.4239000000000001
-4365.025368432325 0.31909999999999994 0.27769999999999995 0.4032000000000001
-4346.337403592422 0.31909999999999994 0.29839999999999994 0.3825000000000001
-4327.818600640402 0.31909999999999994 0.31909999999999994 0.3618000000000001
-4312.878411756496 0.31909999999999994 0.33979999999999994 0.3411000000000001
-4294.58487535592 0.31909999999999994 0.36049999999999993 0.32040000000000013
-4275.119056839323 0.31909999999999994 0.38119999999999993 0.29970000000000013
-4255.457335626654 0.31909999999999994 0.4018999999999999 0.27900000000000014
-4237.285758110103 0.31909999999999994 0.4225999999999999 0.25830000000000014
-4217.251098258151 0.31909999999999994 0.4432999999999999 0.23760000000000014
-4197.53233545396 0.31909999999999994 0.4639999999999999 0.21690000000000015
-4178.195102754242 0.31909999999999994 0.4846999999999999 0.19620000000000015
-4159.700116360738 0.31909999999999994 0.5054 0.1755000000000001
-4136.072329082251 0.31909999999999994 0.5260999999999999 0.15480000000000016
-4114.597785267967 0.31909999999999994 0.5468 0.1341000000000001
-4089.882621884521 0.31909999999999994 0.5674999999999999 0.11340000000000017
-4066.9426138593312 0.31909999999999994 0.5882 0.09270000000000012
-4043.445081381698 0.31909999999999994 0.6089 0.07200000000000006
-4019.689339534356 0.31909999999999994 0.6295999999999999 0.05130000000000012
-3995.565306168193 0.31909999999999994 0.6502999999999999 0.030600000000000183
-4618.081725499996 0.33979999999999994 0.05 0.6102000000000001
-4604.764020894133 0.33979999999999994 0.0707 0.5895000000000001
-4589.826346634214 0.33979999999999994 0.0914 0.5688000000000001
-4575.710909078337 0.33979999999999994 0.11209999999999999 0.5481000000000001
-4560.450705339879 0.33979999999999994 0.13279999999999997 0.5274000000000001
-4543.194508395509 0.33979999999999994 0.15349999999999997 0.5067000000000002
-4529.68974115629 0.33979999999999994 0.17419999999999997 0.48600000000000015
-4514.588206038888 0.33979999999999994 0.19489999999999996 0.46530000000000016
-4499.1759072990235 0.33979999999999994 0.21559999999999996 0.44460000000000016
-4481.132863249431 0.33979999999999994 0.23629999999999995 0.42390000000000017
-4464.626882357669 0.33979999999999994 0.25699999999999995 0.40320000000000017
-4449.530305902919 0.33979999999999994 0.27769999999999995 0.3825000000000002
-4434.082488966217 0.33979999999999994 0.29839999999999994 0.3618000000000002
-4415.525089883465 0.33979999999999994 0.31909999999999994 0.3411000000000002
-4397.028819619508 0.33979999999999994 0.33979999999999994 0.3204000000000002
-4380.376772225558 0.33979999999999994 0.36049999999999993 0.2997000000000002
-4361.362652394965 0.33979999999999994 0.38119999999999993 0.2790000000000002
-4342.107783782603 0.33979999999999994 0.4018999999999999 0.2583000000000002
-4322.645584441971 0.33979999999999994 0.4225999999999999 0.2376000000000002
-4303.622182023925 0.33979999999999994 0.4432999999999999 0.2169000000000002
-4284.194259152547 0.33979999999999994 0.4639999999999999 0.1962000000000002
-4264.008792691183 0.33979999999999994 0.4846999999999999 0.1755000000000002
-4245.060580875656 0.33979999999999994 0.5054 0.15480000000000016
-4221.519558255264 0.33979999999999994 0.5260999999999999 0.13410000000000022
-4197.86853951501 0.33979999999999994 0.5468 0.11340000000000017
-4173.844737905243 0.33979999999999994 0.5674999999999999 0.09270000000000023
-4150.276499962375 0.33979999999999994 0.5882 0.07200000000000017
-4126.673161288874 0.33979999999999994 0.6089 0.05130000000000012
-4102.401129952847 0.33979999999999994 0.6295999999999999 0.030600000000000183
