-6266.234170695526 0.7330999999999999 0.05 0.21690000000000015
-6253.677262159294 0.7330999999999999 0.0707 0.19620000000000015
-6235.150457925715 0.7330999999999999 0.0914 0.17550000000000016
-6219.4774596112175 0.7330999999999999 0.11209999999999999 0.15480000000000016
-6201.619472033235 0.7330999999999999 0.13279999999999997 0.13410000000000016
-6183.416709296814 0.7330999999999999 0.15349999999999997 0.11340000000000017
-6166.160347824399 0.7330999999999999 0.17419999999999997 0.09270000000000017
-6144.945953311077 0.7330999999999999 0.19489999999999996 0.07200000000000017
-6123.0525162947915 0.7330999999999999 0.21559999999999996 0.05130000000000018
-6099.331265790144 0.7330999999999999 0.23629999999999995 0.030600000000000183
-6353.971127098287 0.7537999999999999 0.05 0.1962000000000001
-6337.212175805551 0.7537999999999999 0.0707 0.1755000000000001
-6321.641571253663 0.7537999999999999 0.0914 0.1548000000000001
-6307.188115462629 0.7537999999999999 0.11209999999999999 0.1341000000000001
-6285.950094589546 0.7537999999999999 0.13279999999999997 0.11340000000000011
-6269.05927825406 0.7537999999999999 0.15349999999999997 0.09270000000000012
-6250.229923230095 0.7537999999999999 0.17419999999999997 0.07200000000000012
-6227.43683422654 0.7537999999999999 0.19489999999999996 0.05130000000000012
-6206.426220836807 0.7537999999999999 0.21559999999999996 0.030600000000000127
-6439.77592968548 0.7745 0.05 0.17550000000000004
-6423.522136709573 0.7745 0.0707 0.15480000000000005
-6407.591304231746 0.7745 0.0914 0.13410000000000005
-6391.950951074945 0.7745 0.11209999999999999 0.11340000000000004
-6371.898948230854 0.7745 0.13279999999999997 0.09270000000000006
-6353.160377184188 0.7745 0.15349999999999997 0.07200000000000006
-6333.163639768503 0.7745 0.17419999999999997 0.05130000000000007
-6309.969125733185 0.7745 0.19489999999999996 0.03060000000000007
