-3919.912736342802 0.17419999999999997 0.05 0.7758
-3908.945807358053 0.17419999999999997 0.0707 0.7551000000000001
-3893.2354732839694 0.17419999999999997 0.0914 0.7344
-3877.4223928771166 0.17419999999999997 0.11209999999999999 0.7137000000000001
-3863.287211112092 0.17419999999999997 0.13279999999999997 0.6930000000000001
-3846.7122756427652 0.17419999999999997 0.15349999999999997 0.6723000000000001
-3832.674888113934 0.17419999999999997 0.17419999999999997 0.6516000000000002
-3815.806062673373 0.17419999999999997 0.19489999999999996 0.6309000000000001
-3801.460966601712 0.17419999999999997 0.21559999999999996 0.6102000000000001
-3785.800662323039 0.17419999999999997 0.23629999999999995 0.5895000000000001
-3770.3881558730263 0.17419999999999997 0.25699999999999995 0.5688000000000002
-3754.736015412221 0.17419999999999997 0.27769999999999995 0.5481000000000001
-3737.532169854065 0.17419999999999997 0.29839999999999994 0.5274000000000001
-3721.3604602811965 0.17419999999999997 0.31909999999999994 0.5067000000000002
-3708.6973639174 0.17419999999999997 0.33979999999999994 0.48600000000000015
-3694.1537774530602 0.17419999999999997 0.36049999999999993 0.46530000000000016
-3678.0894873274774 0.17419999999999997 0.38119999999999993 0.44460000000000016
-3661.0207948787165 0.17419999999999997 0.4018999999999999 0.42390000000000017
-3640.441525193937 0.17419999999999997 0.4225999999999999 0.40320000000000017
-3622.809221021689 0.17419999999999997 0.4432999999999999 0.3825000000000002
-3603.6406253951623 0.17419999999999997 0.4639999999999999 0.3618000000000002
-3584.2354432106754 0.17419999999999997 0.4846999999999999 0.3411000000000002
-3564.1467105292077 0.17419999999999997 0.5054 0.32040000000000013
-3544.4965040802895 0.17419999999999997 0.5260999999999999 0.2997000000000002
-3525.7139314010287 0.17419999999999997 0.5468 0.27900000000000014
-3507.4533468623476 0.17419999999999997 0.5674999999999999 0.2583000000000002
-3488.0269735653164 0.17419999999999997 0.5882 0.23760000000000014
-3468.6739561395107 0.17419999999999997 0.6089 0.2169000000000001
-3446.4675095404746 0.17419999999999997 0.6295999999999999 0.19620000000000015
-3425.6779175421675 0.17419999999999997 0.6502999999999999 0.1755000000000002
-3401.865808937086 0.17419999999999997 0.6709999999999999 0.15480000000000016
-3377.8943201705356 0.17419999999999997 0.6917 0.1341000000000001
-3354.196850249908 0.17419999999999997 0.7123999999999999 0.11340000000000017
-3330.2327830310733 0.17419999999999997 0.7330999999999999 0.09270000000000023
-3306.581233262945 0.17419999999999997 0.7537999999999999 0.07200000000000017
-3283.036752109382 0.17419999999999997 0.7745 0.05130000000000012
-3258.7307762927785 0.17419999999999997 0.7951999999999999 0.030600000000000183
-4007.319290708433 0.19489999999999996 0.05 0.7551
-3995.316408742902 0.19489999999999996 0.0707 0.7344
-3980.466259664674 0.19489999999999996 0.0914 0.7137
-3963.651633546424 0.19489999999999996 0.11209999999999999 0.6930000000000001
-3950.585207991848 0.19489999999999996 0.13279999999999997 0.6723000000000001
-3935.0737514983175 0.19489999999999996 0.15349999999999997 0.6516000000000001
-3919.9494040321756 0.19489999999999996 0.17419999999999997 0.6309
-3903.766726565474 0.19489999999999996 0.19489999999999996 0.6102000000000001
-3886.126117565821 0.19489999999999996 0.21559999999999996 0.5895000000000001
-3872.750969728399 0.19489999999999996 0.23629999999999995 0.5688000000000001
-3857.3213748731746 0.19489999999999996 0.25699999999999995 0.5481
-3841.599827288062 0.19489999999999996 0.27769999999999995 0.5274000000000001
-3823.937051222206 0.19489999999999996 0.29839999999999994 0.5067000000000002
-3814.0169643483964 0.19489999999999996 0.31909999999999994 0.4860000000000001
-3798.4022032849325 0.19489999999999996 0.33979999999999994 0.4653000000000001
-3782.8059823234094 0.19489999999999996 0.36049999999999993 0.4446000000000001
-3764.2214792515556 0.19489999999999996 0.38119999999999993 0.4239000000000001
-3747.115691401301 0.19489999999999996 0.4018999999999999 0.4032000000000001
-3727.941414936588 0.19489999999999996 0.4225999999999999 0.3825000000000001
-3707.7434398638807 0.19489999999999996 0.4432999999999999 0.3618000000000001
-3689.415572032395 0.19489999999999996 0.4639999999999999 0.3411000000000001
-3669.2535010299566 0.19489999999999996 0.4846999999999999 0.32040000000000013
-3650.7779476387527 0.19489999999999996 0.5054 0.2997000000000001
-3631.1096382683545 0.19489999999999996 0.5260999999999999 0.27900000000000014
-3612.878047863343 0.19489999999999996 0.5468 0.2583000000000001
-3594.1055908578974 0.19489999999999996 0.5674999999999999 0.23760000000000014
-3574.6916715462016 0.19489999999999996 0.5882 0.2169000000000001
-3555.182778374207 0.19489999999999996 0.6089 0.19620000000000004
-3532.883074573754 0.19489999999999996 0.6295999999999999 0.1755000000000001
-3509.1467173395204 0.19489999999999996 0.6502999999999999 0.15480000000000016
-3485.2673413785947 0.19489999999999996 0.6709999999999999 0.1341000000000001
-3461.5219461052943 0.19489999999999996 0.6917 0.11340000000000006
-3437.0931913778254 0.19489999999999996 0.7123999999999999 0.09270000000000012
-3413.6638464083658 0.19489999999999996 0.7330999999999999 0.07200000000000017
-3390.132596038154 0.19489999999999996 0.7537999999999999 0.05130000000000012
-3365.969399706793 0.19489999999999996 0.7745 0.03060000000000007
-4094.596783749795 0.21559999999999996 0.05 0.7343999999999999
-4078.7771005185477 0.21559999999999996 0.0707 0.7137
-4066.555656182815 0.21559999999999996 0.0914 0.693
-4049.865990532564 0.21559999999999996 0.11209999999999999 0.6723
-4035.7165271650397 0.21559999999999996 0.13279999999999997 0.6516
-4020.311280179162 0.21559999999999996 0.15349999999999997 0.6309
-4005.0235750461347 0.21559999999999996 0.17419999999999997 0.6102000000000001
-3989.0874776747764 0.21559999999999996 0.19489999999999996 0.5895
-3973.6817461504274 0.21559999999999996 0.21559999999999996 0.5688
-3957.77825978099 0.21559999999999996 0.23629999999999995 0.5481
-3940.0294447168435 0.21559999999999996 0.25699999999999995 0.5274000000000001
-3927.4392820814805 0.21559999999999996 0.27769999999999995 0.5067
-3914.9018942865314 0.21559999999999996 0.29839999999999994 0.48600000000000004
-3899.628128957701 0.21559999999999996 0.31909999999999994 0.46530000000000005
-3881.9512395288725 0.21559999999999996 0.33979999999999994 0.44460000000000005
-3868.2341340578737 0.21559999999999996 0.36049999999999993 0.42390000000000005
-3846.776156534459 0.21559999999999996 0.38119999999999993 0.40320000000000006
-3830.5185727780245 0.21559999999999996 0.4018999999999999 0.38250000000000006
-3811.3620055551196 0.21559999999999996 0.4225999999999999 0.36180000000000007
-3791.976501125759 0.21559999999999996 0.4432999999999999 0.34110000000000007
-3772.6028792790253 0.21559999999999996 0.4639999999999999 0.3204000000000001
-3754.782365843006 0.21559999999999996 0.4846999999999999 0.2997000000000001
-3735.800793571656 0.21559999999999996 0.5054 0.279
-3716.668722355634 0.21559999999999996 0.5260999999999999 0.2583000000000001
-3696.4068855982127 0.21559999999999996 0.5468 0.23760000000000003
-3677.416252623502 0.21559999999999996 0.5674999999999999 0.2169000000000001
-3656.8717270743073 0.21559999999999996 0.5882 0.19620000000000004
-3636.3732892410667 0.21559999999999996 0.6089 0.1755
-3613.0475861732934 0.21559999999999996 0.6295999999999999 0.15480000000000005
-3588.9931489227715 0.21559999999999996 0.6502999999999999 0.1341000000000001
-3565.3443176803676 0.21559999999999996 0.6709999999999999 0.11340000000000006
-3541.1602430152084 0.21559999999999996 0.6917 0.0927
-3517.463694600293 0.21559999999999996 0.7123999999999999 0.07200000000000006
-3494.0529745465446 0.21559999999999996 0.7330999999999999 0.05130000000000012
-3469.8519628887275 0.21559999999999996 0.7537999999999999 0.03060000000000007
