-4181.379264706583 0.23629999999999995 0.05 0.7137
-4166.44905115029 0.23629999999999995 0.0707 0.6930000000000001
-4150.74843503139 0.23629999999999995 0.0914 0.6723
-4142.078147005448 0.23629999999999995 0.11209999999999999 0.6516000000000001
-4125.3417211416845 0.23629999999999995 0.13279999999999997 0.6309
-4109.129590053142 0.23629999999999995 0.15349999999999997 0.6102000000000001
-4093.4453533087335 0.23629999999999995 0.17419999999999997 0.5895000000000001
-4074.694928885374 0.23629999999999995 0.19489999999999996 0.5688000000000001
-4061.7287308089667 0.23629999999999995 0.21559999999999996 0.5481
-4046.676011028038 0.23629999999999995 0.23629999999999995 0.5274000000000001
-4031.4662683568968 0.23629999999999995 0.25699999999999995 0.5067000000000002
-4016.251943927834 0.23629999999999995 0.27769999999999995 0.4860000000000001
-4000.3485675983175 0.23629999999999995 0.29839999999999994 0.4653000000000001
-3982.897325530745 0.23629999999999995 0.31909999999999994 0.4446000000000001
-3966.4908386784978 0.23629999999999995 0.33979999999999994 0.4239000000000001
-3948.794276421024 0.23629999999999995 0.36049999999999993 0.4032000000000001
-3930.401734263895 0.23629999999999995 0.38119999999999993 0.3825000000000001
-3911.09138308559 0.23629999999999995 0.4018999999999999 0.3618000000000001
-3893.7223574520062 0.23629999999999995 0.4225999999999999 0.3411000000000001
-3875.0015591080546 0.23629999999999995 0.4432999999999999 0.32040000000000013
-3852.041090828081 0.23629999999999995 0.4639999999999999 0.29970000000000013
-3835.607807825262 0.23629999999999995 0.4846999999999999 0.27900000000000014
-3816.0912422196934 0.23629999999999995 0.5054 0.2583000000000001
-3796.49203149765 0.23629999999999995 0.5260999999999999 0.23760000000000014
-3777.8546405203415 0.23629999999999995 0.5468 0.2169000000000001
-3757.9366133739645 0.23629999999999995 0.5674999999999999 0.19620000000000015
-3736.3646364247506 0.23629999999999995 0.5882 0.1755000000000001
-3713.5517206596996 0.23629999999999995 0.6089 0.15480000000000005
-3691.11003982865 0.23629999999999995 0.6295999999999999 0.1341000000000001
-3668.1230162676916 0.23629999999999995 0.6502999999999999 0.11340000000000017
-3645.0935511494854 0.23629999999999995 0.6709999999999999 0.09270000000000012
-3623.0552803077744 0.23629999999999995 0.6917 0.07200000000000006
-3600.243242094183 0.23629999999999995 0.7123999999999999 0.05130000000000012
-3577.2030039649508 0.23629999999999995 0.7330999999999999 0.030600000000000183
-4265.441566133525 0.25699999999999995 0.05 0.6930000000000001
-4253.867884798884 0.25699999999999995 0.0707 0.6723000000000001
-4240.508324755201 0.25699999999999995 0.0914 0.6516000000000001
-4223.613531169599 0.25699999999999995 0.11209999999999999 0.6309000000000001
-4209.457334830275 0.25699999999999995 0.13279999999999997 0.6102000000000001
-4198.219325769905 0.25699999999999995 0.15349999999999997 0.5895000000000001
-4179.123932672075 0.25699999999999995 0.17419999999999997 0.5688000000000002
-4160.906822401241 0.25699999999999995 0.19489999999999996 0.5481000000000001
-4150.710898811078 0.25699999999999995 0.21559999999999996 0.5274000000000001
-4134.11095932202 0.25699999999999995 0.23629999999999995 0.5067000000000002
-4116.50661698595 0.25699999999999995 0.25699999999999995 0.48600000000000015
-4103.704723553918 0.25699999999999995 0.27769999999999995 0.46530000000000016
-4085.907395982903 0.25699999999999995 0.29839999999999994 0.44460000000000016
-4069.1023281010066 0.25699999999999995 0.31909999999999994 0.42390000000000017
-4050.772265638603 0.25699999999999995 0.33979999999999994 0.40320000000000017
-4032.3576599834732 0.25699999999999995 0.36049999999999993 0.3825000000000002
-4014.270949282128 0.25699999999999995 0.38119999999999993 0.3618000000000002
-3996.3655790086027 0.25699999999999995 0.4018999999999999 0.3411000000000002
-3974.927060648257 0.25699999999999995 0.4225999999999999 0.3204000000000002
-3958.5288565965297 0.25699999999999995 0.4432999999999999 0.2997000000000002
-3938.9101940635733 0.25699999999999995 0.4639999999999999 0.2790000000000002
-3918.8360504962898 0.25699999999999995 0.4846999999999999 0.2583000000000002
-3899.9365749308527 0.25699999999999995 0.5054 0.23760000000000014
-3880.508853153222 0.25699999999999995 0.5260999999999999 0.2169000000000002
-3859.586299268667 0.25699999999999995 0.5468 0.19620000000000015
-3839.622951903969 0.25699999999999995 0.5674999999999999 0.1755000000000002
-3818.0954214950066 0.25699999999999995 0.5882 0.15480000000000016
-3794.2876644862 0.25699999999999995 0.6089 0.1341000000000001
-3772.9761597257416 0.25699999999999995 0.6295999999999999 0.11340000000000017
-3750.02796265415 0.25699999999999995 0.6502999999999999 0.09270000000000023
-3727.2112984894743 0.25699999999999995 0.6709999999999999 0.07200000000000017
-3705.2021691743303 0.25699999999999995 0.6917 0.05130000000000012
-3681.453719805112 0.25699999999999995 0.7123999999999999 0.030600000000000183
-4350.812150942032 0.27769999999999995 0.05 0.6723
-4339.794477777325 0.27769999999999995 0.0707 0.6516000000000001
-4326.208219791134 0.27769999999999995 0.0914 0.6309
-4310.489534506808 0.27769999999999995 0.11209999999999999 0.6102000000000001
-4298.150473618099 0.27769999999999995 0.13279999999999997 0.5895000000000001
-4279.11919011867 0.27769999999999995 0.15349999999999997 0.5688000000000001
-4268.101606370738 0.27769999999999995 0.17419999999999997 0.5481
-4248.354525680278 0.27769999999999995 0.19489999999999996 0.5274000000000001
-4236.577670999721 0.27769999999999995 0.21559999999999996 0.5067000000000002
-4219.85862758067 0.27769999999999995 0.23629999999999995 0.4860000000000001
-4203.473668981645 0.27769999999999995 0.25699999999999995 0.4653000000000001
-4188.68874719397 0.27769999999999995 0.27769999999999995 0.4446000000000001
-4170.645866359404 0.27769999999999995 0.29839999999999994 0.4239000000000001
-4153.68651596722 0.27769999999999995 0.31909999999999994 0.4032000000000001
-4137.030465620515 0.27769999999999995 0.33979999999999994 0.3825000000000001
-4116.42540427047 0.27769999999999995 0.36049999999999993 0.3618000000000001
-4100.4329033450695 0.27769999999999995 0.38119999999999993 0.3411000000000001
-4081.1427375452913 0.27769999999999995 0.4018999999999999 0.32040000000000013
-4061.273832159311 0.27769999999999995 0.4225999999999999 0.29970000000000013
-4042.1302652262225 0.27769999999999995 0.4432999999999999 0.27900000000000014
-4023.1834451954282 0.27769999999999995 0.4639999999999999 0.25830000000000014
-4003.291133638536 0.27769999999999995 0.4846999999999999 0.23760000000000014
-3983.8384653003845 0.27769999999999995 0.5054 0.2169000000000001
-3963.3856640357676 0.27769999999999995 0.5260999999999999 0.19620000000000015
-3942.922586764901 0.27769999999999995 0.5468 0.1755000000000001
-3920.323162762832 0.27769999999999995 0.5674999999999999 0.15480000000000016
-3898.657746620277 0.27769999999999995 0.5882 0.1341000000000001
-3877.00419540403 0.27769999999999995 0.6089 0.11340000000000006
-3854.0596285313936 0.27769999999999995 0.6295999999999999 0.09270000000000012
-3830.825560996874 0.27769999999999995 0.6502999999999999 0.07200000000000017
-3808.669573151995 0.27769999999999995 0.6709999999999999 0.05130000000000012
-3785.7242871163608 0.27769999999999995 0.6917 0.03060000000000007
