-4703.4021142102165 0.36049999999999993 0.05 0.5895
-4691.191391345353 0.36049999999999993 0.0707 0.5688000000000001
-4678.673980122169 0.36049999999999993 0.0914 0.5481
-4661.364733911705 0.36049999999999993 0.11209999999999999 0.5274000000000001
-4647.1820125050945 0.36049999999999993 0.13279999999999997 0.5067000000000002
-4631.467472900327 0.36049999999999993 0.15349999999999997 0.4860000000000001
-4615.787555434559 0.36049999999999993 0.17419999999999997 0.4653000000000001
-4596.277838999934 0.36049999999999993 0.19489999999999996 0.4446000000000001
-4580.46023808075 0.36049999999999993 0.21559999999999996 0.4239000000000001
-4565.102693691145 0.36049999999999993 0.23629999999999995 0.4032000000000001
-4548.965466516634 0.36049999999999993 0.25699999999999995 0.3825000000000001
-4533.042395966422 0.36049999999999993 0.27769999999999995 0.3618000000000001
-4515.777376173228 0.36049999999999993 0.29839999999999994 0.3411000000000001
-4496.978564794402 0.36049999999999993 0.31909999999999994 0.32040000000000013
-4479.93583218571 0.36049999999999993 0.33979999999999994 0.29970000000000013
-4461.411563396539 0.36049999999999993 0.36049999999999993 0.27900000000000014
-4442.072665771206 0.36049999999999993 0.38119999999999993 0.25830000000000014
-4421.891381841517 0.36049999999999993 0.4018999999999999 0.23760000000000014
-4402.67936606765 0.36049999999999993 0.4225999999999999 0.21690000000000015
-4382.9166010085455 0.36049999999999993 0.4432999999999999 0.19620000000000015
-4362.699566024758 0.36049999999999993 0.4639999999999999 0.17550000000000016
-4344.022945337608 0.36049999999999993 0.4846999999999999 0.15480000000000016
-4321.417376286359 0.36049999999999993 0.5054 0.1341000000000001
-4299.35441575203 0.36049999999999993 0.5260999999999999 0.11340000000000017
-4276.424291836792 0.36049999999999993 0.5468 0.09270000000000012
-4253.562810683072 0.36049999999999993 0.5674999999999999 0.07200000000000017
-4231.0492976541145 0.36049999999999993 0.5882 0.05130000000000012
-4207.955047987139 0.36049999999999993 0.6089 0.03060000000000007
-4787.979437537713 0.38119999999999993 0.05 0.5688
-4777.244478453676 0.38119999999999993 0.0707 0.5481
-4763.7062751993735 0.38119999999999993 0.0914 0.5274
-4748.566767653876 0.38119999999999993 0.11209999999999999 0.5067
-4729.4260799208 0.38119999999999993 0.13279999999999997 0.48600000000000004
-4716.546496166973 0.38119999999999993 0.15349999999999997 0.46530000000000005
-4700.557182551096 0.38119999999999993 0.17419999999999997 0.44460000000000005
-4683.595071644051 0.38119999999999993 0.19489999999999996 0.42390000000000005
-4667.4857495445885 0.38119999999999993 0.21559999999999996 0.40320000000000006
-4651.900958787525 0.38119999999999993 0.23629999999999995 0.38250000000000006
-4635.390035989632 0.38119999999999993 0.25699999999999995 0.36180000000000007
-4620.780788984337 0.38119999999999993 0.27769999999999995 0.34110000000000007
-4601.710067577187 0.38119999999999993 0.29839999999999994 0.3204000000000001
-4585.21167833015 0.38119999999999993 0.31909999999999994 0.2997000000000001
-4563.538680352586 0.38119999999999993 0.33979999999999994 0.2790000000000001
-4545.438089408112 0.38119999999999993 0.36049999999999993 0.2583000000000001
-4528.456530721368 0.38119999999999993 0.38119999999999993 0.2376000000000001
-4506.425007442397 0.38119999999999993 0.4018999999999999 0.2169000000000001
-4486.1954100583325 0.38119999999999993 0.4225999999999999 0.1962000000000001
-4467.2137332324 0.38119999999999993 0.4432999999999999 0.1755000000000001
-4447.442023967872 0.38119999999999993 0.4639999999999999 0.1548000000000001
-4425.17925928495 0.38119999999999993 0.4846999999999999 0.1341000000000001
-4402.975545935959 0.38119999999999993 0.5054 0.11340000000000006
-4380.080633091377 0.38119999999999993 0.5260999999999999 0.09270000000000012
-4357.859470044689 0.38119999999999993 0.5468 0.07200000000000006
-4335.088961028066 0.38119999999999993 0.5674999999999999 0.05130000000000012
-4311.943709566726 0.38119999999999993 0.5882 0.03060000000000007
-4873.5969068148315 0.4018999999999999 0.05 0.5481
-4862.458100811492 0.4018999999999999 0.0707 0.5274000000000001
-4851.393271042705 0.4018999999999999 0.0914 0.5067
-4836.7520279172995 0.4018999999999999 0.11209999999999999 0.4860000000000001
-4820.616910810807 0.4018999999999999 0.13279999999999997 0.4653000000000001
-4804.83726064798 0.4018999999999999 0.15349999999999997 0.4446000000000001
-4787.831577650298 0.4018999999999999 0.17419999999999997 0.4239000000000001
-4771.018401024648 0.4018999999999999 0.19489999999999996 0.4032000000000001
-4755.777763581228 0.4018999999999999 0.21559999999999996 0.3825000000000001
-4737.000787081605 0.4018999999999999 0.23629999999999995 0.3618000000000001
-4723.201143539917 0.4018999999999999 0.25699999999999995 0.3411000000000001
-4706.720680140759 0.4018999999999999 0.27769999999999995 0.32040000000000013
-4687.831207468892 0.4018999999999999 0.29839999999999994 0.29970000000000013
-4669.689642058019 0.4018999999999999 0.31909999999999994 0.27900000000000014
-4648.790239807247 0.4018999999999999 0.33979999999999994 0.25830000000000014
-4631.450176709129 0.4018999999999999 0.36049999999999993 0.23760000000000014
-4611.816634879952 0.4018999999999999 0.38119999999999993 0.21690000000000015
-4592.356229128413 0.4018999999999999 0.4018999999999999 0.19620000000000015
-4572.977059360498 0.4018999999999999 0.4225999999999999 0.17550000000000016
-4553.644133643774 0.4018999999999999 0.4432999999999999 0.15480000000000016
-4532.035467633791 0.4018999999999999 0.4639999999999999 0.13410000000000016
-4509.279126205757 0.4018999999999999 0.4846999999999999 0.11340000000000017
-4487.900369735015 0.4018999999999999 0.5054 0.09270000000000012
-4464.668439939531 0.4018999999999999 0.5260999999999999 0.07200000000000017
-4442.109940549365 0.4018999999999999 0.5468 0.05130000000000012
-4419.007964019724 0.4018999999999999 0.5674999999999999 0.030600000000000183
