-5227.460196032609 0.4846999999999999 0.05 0.4653000000000001
-5215.482667256113 0.4846999999999999 0.0707 0.4446000000000001
-5194.770270893045 0.4846999999999999 0.0914 0.4239000000000001
-5184.169498736761 0.4846999999999999 0.11209999999999999 0.4032000000000001
-5163.924766799288 0.4846999999999999 0.13279999999999997 0.3825000000000001
-5148.19333604573 0.4846999999999999 0.15349999999999997 0.3618000000000001
-5134.915013727734 0.4846999999999999 0.17419999999999997 0.3411000000000001
-5116.419710780729 0.4846999999999999 0.19489999999999996 0.32040000000000013
-5102.827688660864 0.4846999999999999 0.21559999999999996 0.29970000000000013
-5083.343730733992 0.4846999999999999 0.23629999999999995 0.27900000000000014
-5065.995946697661 0.4846999999999999 0.25699999999999995 0.25830000000000014
-5050.044499439394 0.4846999999999999 0.27769999999999995 0.23760000000000014
-5028.496540133754 0.4846999999999999 0.29839999999999994 0.21690000000000015
-5011.339003609285 0.4846999999999999 0.31909999999999994 0.19620000000000015
-4989.17737241147 0.4846999999999999 0.33979999999999994 0.17550000000000016
-4970.37947386773 0.4846999999999999 0.36049999999999993 0.15480000000000016
-4951.9692455605955 0.4846999999999999 0.38119999999999993 0.13410000000000016
-4928.085185653038 0.4846999999999999 0.4018999999999999 0.11340000000000017
-4908.790982395533 0.4846999999999999 0.4225999999999999 0.09270000000000017
-4884.222926654706 0.4846999999999999 0.4432999999999999 0.07200000000000017
-4861.577132272621 0.4846999999999999 0.4639999999999999 0.05130000000000018
-4841.28836171413 0.4846999999999999 0.4846999999999999 0.030600000000000183
-5313.464337595125 0.5054 0.05 0.44460000000000005
-5298.027683310868 0.5054 0.0707 0.42390000000000005
-5283.556971641083 0.5054 0.0914 0.40320000000000006
-5268.163902488477 0.5054 0.11209999999999999 0.38250000000000006
-5250.0166131128935 0.5054 0.13279999999999997 0.36180000000000007
-5237.005915683559 0.5054 0.15349999999999997 0.34110000000000007
-5221.181125715032 0.5054 0.17419999999999997 0.3204000000000001
-5204.141521870738 0.5054 0.19489999999999996 0.2997000000000001
-5187.907565495765 0.5054 0.21559999999999996 0.2790000000000001
-5169.382670953193 0.5054 0.23629999999999995 0.2583000000000001
-5153.0077257649955 0.5054 0.25699999999999995 0.2376000000000001
-5133.739960878913 0.5054 0.27769999999999995 0.2169000000000001
-5114.396894212669 0.5054 0.29839999999999994 0.1962000000000001
-5094.972925674347 0.5054 0.31909999999999994 0.1755000000000001
-5073.814371804751 0.5054 0.33979999999999994 0.1548000000000001
-5056.74463956905 0.5054 0.36049999999999993 0.1341000000000001
-5035.610115205089 0.5054 0.38119999999999993 0.11340000000000011
-5013.227885150058 0.5054 0.4018999999999999 0.09270000000000012
-4991.275265789616 0.5054 0.4225999999999999 0.07200000000000012
-4965.581759858368 0.5054 0.4432999999999999 0.05130000000000012
-4945.5583180612475 0.5054 0.4639999999999999 0.030600000000000127
-5397.762995495901 0.5260999999999999 0.05 0.4239000000000001
-5389.343813231617 0.5260999999999999 0.0707 0.4032000000000001
-5368.641638628806 0.5260999999999999 0.0914 0.3825000000000001
-5354.448227632708 0.5260999999999999 0.11209999999999999 0.3618000000000001
-5338.772495579553 0.5260999999999999 0.13279999999999997 0.3411000000000001
-5322.663322056067 0.5260999999999999 0.15349999999999997 0.32040000000000013
-5308.567272963836 0.5260999999999999 0.17419999999999997 0.29970000000000013
-5290.034200267036 0.5260999999999999 0.19489999999999996 0.27900000000000014
-5273.075563030519 0.5260999999999999 0.21559999999999996 0.25830000000000014
-5255.969206793279 0.5260999999999999 0.23629999999999995 0.23760000000000014
-5237.184074546421 0.5260999999999999 0.25699999999999995 0.21690000000000015
-5220.330843652167 0.5260999999999999 0.27769999999999995 0.19620000000000015
-5198.860136887795 0.5260999999999999 0.29839999999999994 0.17550000000000016
-5179.5056762363565 0.5260999999999999 0.31909999999999994 0.15480000000000016
-5159.600942960691 0.5260999999999999 0.33979999999999994 0.13410000000000016
-5138.583425169355 0.5260999999999999 0.36049999999999993 0.11340000000000017
-5119.721740189963 0.5260999999999999 0.38119999999999993 0.09270000000000017
-5094.468955375627 0.5260999999999999 0.4018999999999999 0.07200000000000017
-5071.88920971272 0.5260999999999999 0.4225999999999999 0.05130000000000018
-5049.4448355080285 0.5260999999999999 0.4432999999999999 0.030600000000000183
