-5749.950060005011 0.6089 0.05 0.3411
-5733.035073111972 0.6089 0.0707 0.3204
-5717.142925921379 0.6089 0.0914 0.2997
-5701.642340781796 0.6089 0.11209999999999999 0.279
-5683.696513515573 0.6089 0.13279999999999997 0.25830000000000003
-5669.034709570391 0.6089 0.15349999999999997 0.23760000000000003
-5653.935232640413 0.6089 0.17419999999999997 0.21690000000000004
-5635.1458597184155 0.6089 0.19489999999999996 0.19620000000000004
-5616.829050658715 0.6089 0.21559999999999996 0.17550000000000004
-5595.37520436301 0.6089 0.23629999999999995 0.15480000000000005
-5578.238615127653 0.6089 0.25699999999999995 0.13410000000000005
-5559.225576902292 0.6089 0.27769999999999995 0.11340000000000006
-5538.693904145853 0.6089 0.29839999999999994 0.09270000000000006
-5516.734261233509 0.6089 0.31909999999999994 0.07200000000000006
-5492.390690351069 0.6089 0.33979999999999994 0.05130000000000007
-5471.810152745712 0.6089 0.36049999999999993 0.03060000000000007
-5834.107291518374 0.6295999999999999 0.05 0.3204000000000001
-5820.967651921167 0.6295999999999999 0.0707 0.2997000000000001
-5803.311432843696 0.6295999999999999 0.0914 0.2790000000000001
-5787.157070932835 0.6295999999999999 0.11209999999999999 0.2583000000000001
-5771.4620667501085 0.6295999999999999 0.13279999999999997 0.2376000000000001
-5754.74445508603 0.6295999999999999 0.15349999999999997 0.2169000000000001
-5741.151480089355 0.6295999999999999 0.17419999999999997 0.1962000000000001
-5720.083991507773 0.6295999999999999 0.19489999999999996 0.1755000000000001
-5701.1341276947705 0.6295999999999999 0.21559999999999996 0.1548000000000001
-5682.085306927778 0.6295999999999999 0.23629999999999995 0.1341000000000001
-5662.681160302747 0.6295999999999999 0.25699999999999995 0.11340000000000011
-5644.908648145392 0.6295999999999999 0.27769999999999995 0.09270000000000012
-5620.466666289236 0.6295999999999999 0.29839999999999994 0.07200000000000012
-5598.53081815452 0.6295999999999999 0.31909999999999994 0.05130000000000012
-5575.759675276166 0.6295999999999999 0.33979999999999994 0.030600000000000127
-5922.151541758548 0.6502999999999999 0.05 0.29970000000000013
-5906.1721974391685 0.6502999999999999 0.0707 0.27900000000000014
-5889.438520325108 0.6502999999999999 0.0914 0.25830000000000014
-5874.7966446510745 0.6502999999999999 0.11209999999999999 0.23760000000000014
-5857.7122598234255 0.6502999999999999 0.13279999999999997 0.21690000000000015
-5843.5110586939045 0.6502999999999999 0.15349999999999997 0.19620000000000015
-5825.736158225583 0.6502999999999999 0.17419999999999997 0.17550000000000016
-5804.3761913637845 0.6502999999999999 0.19489999999999996 0.15480000000000016
-5787.817085160034 0.6502999999999999 0.21559999999999996 0.13410000000000016
-5765.8231020862595 0.6502999999999999 0.23629999999999995 0.11340000000000017
-5749.319965038856 0.6502999999999999 0.25699999999999995 0.09270000000000017
-5727.893793947233 0.6502999999999999 0.27769999999999995 0.07200000000000017
-5702.981709414904 0.6502999999999999 0.29839999999999994 0.05130000000000018
-5683.107510048056 0.6502999999999999 0.31909999999999994 0.030600000000000183
