-5487.545993965821 0.5468 0.05 0.40320000000000006
-5473.182862140075 0.5468 0.0707 0.38250000000000006
-5454.538845051411 0.5468 0.0914 0.36180000000000007
-5441.575093895693 0.5468 0.11209999999999999 0.34110000000000007
-5424.139163674069 0.5468 0.13279999999999997 0.3204000000000001
-5410.0405242760735 0.5468 0.15349999999999997 0.2997000000000001
-5394.533939521523 0.5468 0.17419999999999997 0.2790000000000001
-5375.859887785564 0.5468 0.19489999999999996 0.2583000000000001
-5359.97333200024 0.5468 0.21559999999999996 0.2376000000000001
-5340.060804595095 0.5468 0.23629999999999995 0.2169000000000001
-5323.437488443197 0.5468 0.25699999999999995 0.1962000000000001
-5304.941804818912 0.5468 0.27769999999999995 0.1755000000000001
-5282.804841088737 0.5468 0.29839999999999994 0.1548000000000001
-5265.854486896925 0.5468 0.31909999999999994 0.1341000000000001
-5243.905106157996 0.5468 0.33979999999999994 0.11340000000000011
-5224.41772974704 0.5468 0.36049999999999993 0.09270000000000012
-5202.2371570450805 0.5468 0.38119999999999993 0.07200000000000012
-5176.248665879395 0.5468 0.4018999999999999 0.05130000000000012
-5156.747228270549 0.5468 0.4225999999999999 0.030600000000000127
-5573.430104897961 0.5674999999999999 0.05 0.3825000000000001
-5558.5576926194 0.5674999999999999 0.0707 0.3618000000000001
-5543.18291328213 0.5674999999999999 0.0914 0.3411000000000001
-5527.201021151706 0.5674999999999999 0.11209999999999999 0.32040000000000013
-5511.560550105097 0.5674999999999999 0.13279999999999997 0.29970000000000013
-5495.944043043774 0.5674999999999999 0.15349999999999997 0.27900000000000014
-5480.182606215579 0.5674999999999999 0.17419999999999997 0.25830000000000014
-5463.822284226411 0.5674999999999999 0.19489999999999996 0.23760000000000014
-5445.701815114871 0.5674999999999999 0.21559999999999996 0.21690000000000015
-5426.828804115454 0.5674999999999999 0.23629999999999995 0.19620000000000015
-5408.462392299196 0.5674999999999999 0.25699999999999995 0.17550000000000016
-5388.33206595861 0.5674999999999999 0.27769999999999995 0.15480000000000016
-5368.694103169346 0.5674999999999999 0.29839999999999994 0.13410000000000016
-5350.017817161348 0.5674999999999999 0.31909999999999994 0.11340000000000017
-5327.6002974057865 0.5674999999999999 0.33979999999999994 0.09270000000000017
-5305.483469388859 0.5674999999999999 0.36049999999999993 0.07200000000000017
-5283.823522399175 0.5674999999999999 0.38119999999999993 0.05130000000000018
-5260.693711931845 0.5674999999999999 0.4018999999999999 0.030600000000000183
-5661.863286021744 0.5882 0.05 0.36180000000000007
-5646.767926606611 0.5882 0.0707 0.34110000000000007
-5628.831525649563 0.5882 0.0914 0.3204000000000001
-5615.756456097134 0.5882 0.11209999999999999 0.2997000000000001
-5597.628861318768 0.5882 0.13279999999999997 0.2790000000000001
-5581.991520651275 0.5882 0.15349999999999997 0.2583000000000001
-5567.70846121371 0.5882 0.17419999999999997 0.2376000000000001
-5548.899188679655 0.5882 0.19489999999999996 0.2169000000000001
-5531.9358481694435 0.5882 0.21559999999999996 0.1962000000000001
-5511.290722392266 0.5882 0.23629999999999995 0.1755000000000001
-5492.691612814535 0.5882 0.25699999999999995 0.1548000000000001
-5475.2819837659945 0.5882 0.27769999999999995 0.1341000000000001
-5453.113689406912 0.5882 0.29839999999999994 0.11340000000000011
-5434.82527926107 0.5882 0.31909999999999994 0.09270000000000012
-5409.913866280382 0.5882 0.33979999999999994 0.07200000000000012
-5388.149318490605 0.5882 0.36049999999999993 0.05130000000000012
-5367.334499782576 0.5882 0.38119999999999993 0.030600000000000127
