-5490.021996253501 0.5468 0.05 0.40320000000000006
-5471.934721466928 0.5468 0.0707 0.38250000000000006
-5455.008169591101 0.5468 0.0914 0.36180000000000007
-5441.146930421555 0.5468 0.11209999999999999 0.34110000000000007
-5423.4347771213725 0.5468 0.13279999999999997 0.3204000000000001
-5409.6658013882125 0.5468 0.15349999999999997 0.2997000000000001
-5394.248870298262 0.5468 0.17419999999999997 0.2790000000000001
-5377.114524109123 0.5468 0.19489999999999996 0.2583000000000001
-5363.018119098296 0.5468 0.21559999999999996 0.2376000000000001
-5341.816594599528 0.5468 0.23629999999999995 0.2169000000000001
-5324.7690159239255 0.5468 0.25699999999999995 0.1962000000000001
-5305.784270134244 0.5468 0.27769999999999995 0.1755000000000001
-5284.059541519486 0.5468 0.29839999999999994 0.1548000000000001
-5266.852321762225 0.5468 0.31909999999999994 0.1341000000000001
-5245.64708604943 0.5468 0.33979999999999994 0.11340000000000011
-5225.349456380484 0.5468 0.36049999999999993 0.09270000000000012
-5202.672765073813 0.5468 0.38119999999999993 0.07200000000000012
-5176.072109280591 0.5468 0.4018999999999999 0.05130000000000012
-5154.280985542053 0.5468 0.4225999999999999 0.030600000000000127
-5576.6283290086285 0.5674999999999999 0.05 0.3825000000000001
-5559.033712670543 0.5674999999999999 0.0707 0.3618000000000001
-5542.905437587385 0.5674999999999999 0.0914 0.3411000000000001
-5527.214832592528 0.5674999999999999 0.11209999999999999 0.32040000000000013
-5510.858262967529 0.5674999999999999 0.13279999999999997 0.29970000000000013
-5494.6243644252945 0.5674999999999999 0.15349999999999997 0.27900000000000014
-5479.993512817087 0.5674999999999999 0.17419999999999997 0.25830000000000014
-5464.0868270628425 0.5674999999999999 0.19489999999999996 0.23760000000000014
-5446.822741203165 0.5674999999999999 0.21559999999999996 0.21690000000000015
-5428.05698952782 0.5674999999999999 0.23629999999999995 0.19620000000000015
-5408.9061105040355 0.5674999999999999 0.25699999999999995 0.17550000000000016
-5389.9124737694965 0.5674999999999999 0.27769999999999995 0.15480000000000016
-5369.670624103273 0.5674999999999999 0.29839999999999994 0.13410000000000016
-5351.205336273015 0.5674999999999999 0.31909999999999994 0.11340000000000017
-5329.113509305652 0.5674999999999999 0.33979999999999994 0.09270000000000017
-5305.947497585145 0.5674999999999999 0.36049999999999993 0.07200000000000017
-5282.288530029678 0.5674999999999999 0.38119999999999993 0.05130000000000018
-5258.240334665549 0.5674999999999999 0.4018999999999999 0.030600000000000183
-5659.57117625945 0.5882 0.05 0.36180000000000007
-5646.421826400661 0.5882 0.0707 0.34110000000000007
-5628.333575089337 0.5882 0.0914 0.3204000000000001
-5614.969677879897 0.5882 0.11209999999999999 0.2997000000000001
-5596.993180803179 0.5882 0.13279999999999997 0.2790000000000001
-5581.618579698412 0.5882 0.15349999999999997 0.2583000000000001
-5569.118712478467 0.5882 0.17419999999999997 0.2376000000000001
-5549.330691348115 0.5882 0.19489999999999996 0.2169000000000001
-5533.673783296572 0.5882 0.21559999999999996 0.1962000000000001
-5512.25225891952 0.5882 0.23629999999999995 0.1755000000000001
-5492.658688547253 0.5882 0.25699999999999995 0.1548000000000001
-5475.623119933874 0.5882 0.27769999999999995 0.1341000000000001
-5455.266754489699 0.5882 0.29839999999999994 0.11340000000000011
-5435.404046611832 0.5882 0.31909999999999994 0.09270000000000012
-5410.2888295390585 0.5882 0.33979999999999994 0.07200000000000012
-5386.987233457073 0.5882 0.36049999999999993 0.05130000000000012
-5365.4954582825285 0.5882 0.38119999999999993 0.030600000000000127
