-6266.471633398897 0.7330999999999999 0.05 0.21690000000000015
-6252.723843972285 0.7330999999999999 0.0707 0.19620000000000015
-6236.005018495943 0.7330999999999999 0.0914 0.17550000000000016
-6219.689859242231 0.7330999999999999 0.11209999999999999 0.15480000000000016
-6202.066144370982 0.7330999999999999 0.13279999999999997 0.13410000000000016
-6183.033544547476 0.7330999999999999 0.15349999999999997 0.11340000000000017
-6166.122377301269 0.7330999999999999 0.17419999999999997 0.09270000000000017
-6145.009211421308 0.7330999999999999 0.19489999999999996 0.07200000000000017
-6122.791879425669 0.7330999999999999 0.21559999999999996 0.05130000000000018
-6099.317019706262 0.7330999999999999 0.23629999999999995 0.030600000000000183
-6353.76379321414 0.7537999999999999 0.05 0.1962000000000001
-6337.698015446007 0.7537999999999999 0.0707 0.1755000000000001
-6320.755319493791 0.7537999999999999 0.0914 0.1548000000000001
-6307.164867195063 0.7537999999999999 0.11209999999999999 0.1341000000000001
-6286.03826599707 0.7537999999999999 0.13279999999999997 0.11340000000000011
-6269.170289394447 0.7537999999999999 0.15349999999999997 0.09270000000000012
-6250.001236066917 0.7537999999999999 0.17419999999999997 0.07200000000000012
-6227.060226854186 0.7537999999999999 0.19489999999999996 0.05130000000000012
-6206.466885388856 0.7537999999999999 0.21559999999999996 0.030600000000000127
-6439.982387087224 0.7745 0.05 0.17550000000000004
-6424.782289482531 0.7745 0.0707 0.15480000000000005
-6409.04386730002 0.7745 0.0914 0.13410000000000005
-6391.833921098067 0.7745 0.11209999999999999 0.11340000000000004
-6372.850625225094 0.7745 0.13279999999999997 0.09270000000000006
-6353.161630684133 0.7745 0.15349999999999997 0.07200000000000006
-6333.143190231193 0.7745 0.17419999999999997 0.05130000000000007
-6309.793606267086 0.7745 0.19489999999999996 0.03060000000000007
