-5749.98293909206 0.6089 0.05 0.3411
-5734.70481818688 0.6089 0.0707 0.3204
-5715.550024293686 0.6089 0.0914 0.2997
-5700.630353422241 0.6089 0.11209999999999999 0.279
-5682.785271620801 0.6089 0.13279999999999997 0.25830000000000003
-5668.93775703296 0.6089 0.15349999999999997 0.23760000000000003
-5654.231308404519 0.6089 0.17419999999999997 0.21690000000000004
-5636.270033140673 0.6089 0.19489999999999996 0.19620000000000004
-5616.939640776285 0.6089 0.21559999999999996 0.17550000000000004
-5595.648812482843 0.6089 0.23629999999999995 0.15480000000000005
-5577.983743666148 0.6089 0.25699999999999995 0.13410000000000005
-5559.441626489626 0.6089 0.27769999999999995 0.11340000000000006
-5539.480805044442 0.6089 0.29839999999999994 0.09270000000000006
-5516.911543242208 0.6089 0.31909999999999994 0.07200000000000006
-5491.25479464442 0.6089 0.33979999999999994 0.05130000000000007
-5469.4187965466135 0.6089 0.36049999999999993 0.03060000000000007
-5833.996387558341 0.6295999999999999 0.05 0.3204000000000001
-5819.259281997173 0.6295999999999999 0.0707 0.2997000000000001
-5801.8896408191085 0.6295999999999999 0.0914 0.2790000000000001
-5785.965941635045 0.6295999999999999 0.11209999999999999 0.2583000000000001
-5770.705162593807 0.6295999999999999 0.13279999999999997 0.2376000000000001
-5755.230213213846 0.6295999999999999 0.15349999999999997 0.2169000000000001
-5740.909368912393 0.6295999999999999 0.17419999999999997 0.1962000000000001
-5720.375077250158 0.6295999999999999 0.19489999999999996 0.1755000000000001
-5701.468093120723 0.6295999999999999 0.21559999999999996 0.1548000000000001
-5681.949109493539 0.6295999999999999 0.23629999999999995 0.1341000000000001
-5662.994922965743 0.6295999999999999 0.25699999999999995 0.11340000000000011
-5645.478116237688 0.6295999999999999 0.27769999999999995 0.09270000000000012
-5620.3102061118525 0.6295999999999999 0.29839999999999994 0.07200000000000012
-5597.4117069992 0.6295999999999999 0.31909999999999994 0.05130000000000012
-5573.441558226164 0.6295999999999999 0.33979999999999994 0.030600000000000127
-5923.263855384918 0.6502999999999999 0.05 0.29970000000000013
-5908.197164706521 0.6502999999999999 0.0707 0.27900000000000014
-5887.956320141265 0.6502999999999999 0.0914 0.25830000000000014
-5874.188749830019 0.6502999999999999 0.11209999999999999 0.23760000000000014
-5856.294303488205 0.6502999999999999 0.13279999999999997 0.21690000000000015
-5843.544721021587 0.6502999999999999 0.15349999999999997 0.19620000000000015
-5825.8676868512675 0.6502999999999999 0.17419999999999997 0.17550000000000016
-5803.813922877156 0.6502999999999999 0.19489999999999996 0.15480000000000016
-5787.324485077876 0.6502999999999999 0.21559999999999996 0.13410000000000016
-5765.819954447329 0.6502999999999999 0.23629999999999995 0.11340000000000017
-5749.37460082979 0.6502999999999999 0.25699999999999995 0.09270000000000017
-5727.673220396061 0.6502999999999999 0.27769999999999995 0.07200000000000017
-5702.430130408511 0.6502999999999999 0.29839999999999994 0.05130000000000018
-5680.594072720608 0.6502999999999999 0.31909999999999994 0.030600000000000183
