-4966.250252204007 0.4225999999999999 0.05 0.5274000000000001
-4952.283506722537 0.4225999999999999 0.0707 0.5067000000000002
-4937.137786035116 0.4225999999999999 0.0914 0.48600000000000015
-4920.309507599875 0.4225999999999999 0.11209999999999999 0.46530000000000016
-4907.0631824294005 0.4225999999999999 0.13279999999999997 0.44460000000000016
-4889.210446541806 0.4225999999999999 0.15349999999999997 0.42390000000000017
-4875.660242261243 0.4225999999999999 0.17419999999999997 0.40320000000000017
-4857.208710835334 0.4225999999999999 0.19489999999999996 0.3825000000000002
-4842.394740300717 0.4225999999999999 0.21559999999999996 0.3618000000000002
-4825.737251091478 0.4225999999999999 0.23629999999999995 0.3411000000000002
-4811.254692553505 0.4225999999999999 0.25699999999999995 0.3204000000000002
-4796.784725427963 0.4225999999999999 0.27769999999999995 0.2997000000000002
-4775.7833020701355 0.4225999999999999 0.29839999999999994 0.2790000000000002
-4757.765977413638 0.4225999999999999 0.31909999999999994 0.2583000000000002
-4736.915024796114 0.4225999999999999 0.33979999999999994 0.2376000000000002
-4718.758404374278 0.4225999999999999 0.36049999999999993 0.2169000000000002
-4701.177387010147 0.4225999999999999 0.38119999999999993 0.1962000000000002
-4679.635114097022 0.4225999999999999 0.4018999999999999 0.1755000000000002
-4661.214234574564 0.4225999999999999 0.4225999999999999 0.15480000000000022
-4639.68994175478 0.4225999999999999 0.4432999999999999 0.13410000000000022
-4616.585738879073 0.4225999999999999 0.4639999999999999 0.11340000000000022
-4592.655088513436 0.4225999999999999 0.4846999999999999 0.09270000000000023
-4569.456295983427 0.4225999999999999 0.5054 0.07200000000000017
-4545.676175716845 0.4225999999999999 0.5260999999999999 0.051300000000000234
-4521.402678998227 0.4225999999999999 0.5468 0.030600000000000183
-5054.324657831564 0.4432999999999999 0.05 0.5067
-5040.998958785276 0.4432999999999999 0.0707 0.4860000000000001
-5025.369987215677 0.4432999999999999 0.0914 0.4653000000000001
-5007.8234475393665 0.4432999999999999 0.11209999999999999 0.4446000000000001
-4990.0492111099975 0.4432999999999999 0.13279999999999997 0.4239000000000001
-4975.742965985901 0.4432999999999999 0.15349999999999997 0.4032000000000001
-4961.551556708375 0.4432999999999999 0.17419999999999997 0.3825000000000001
-4943.460411485021 0.4432999999999999 0.19489999999999996 0.3618000000000001
-4929.869954666136 0.4432999999999999 0.21559999999999996 0.3411000000000001
-4912.6357777145695 0.4432999999999999 0.23629999999999995 0.32040000000000013
-4897.826247325116 0.4432999999999999 0.25699999999999995 0.29970000000000013
-4879.31329247548 0.4432999999999999 0.27769999999999995 0.27900000000000014
-4859.3670838480375 0.4432999999999999 0.29839999999999994 0.25830000000000014
-4842.80134280535 0.4432999999999999 0.31909999999999994 0.23760000000000014
-4821.316888394999 0.4432999999999999 0.33979999999999994 0.21690000000000015
-4804.527066831305 0.4432999999999999 0.36049999999999993 0.19620000000000015
-4785.424415012249 0.4432999999999999 0.38119999999999993 0.17550000000000016
-4764.315328434241 0.4432999999999999 0.4018999999999999 0.15480000000000016
-4746.243048917337 0.4432999999999999 0.4225999999999999 0.13410000000000016
-4721.488406146893 0.4432999999999999 0.4432999999999999 0.11340000000000017
-4699.746890715375 0.4432999999999999 0.4639999999999999 0.09270000000000017
-4675.761784464483 0.4432999999999999 0.4846999999999999 0.07200000000000017
-4652.387248488016 0.4432999999999999 0.5054 0.05130000000000012
-4628.3912579459475 0.4432999999999999 0.5260999999999999 0.030600000000000183
-5141.535634538946 0.4639999999999999 0.05 0.48600000000000004
-5126.289756206925 0.4639999999999999 0.0707 0.46530000000000005
-5108.4379046569475 0.4639999999999999 0.0914 0.44460000000000005
-5093.111185349344 0.4639999999999999 0.11209999999999999 0.42390000000000005
-5081.011222394488 0.4639999999999999 0.13279999999999997 0.40320000000000006
-5061.686988249684 0.4639999999999999 0.15349999999999997 0.38250000000000006
-5047.295804968841 0.4639999999999999 0.17419999999999997 0.36180000000000007
-5030.931937061059 0.4639999999999999 0.19489999999999996 0.34110000000000007
-5015.666894848049 0.4639999999999999 0.21559999999999996 0.3204000000000001
-4998.881207299269 0.4639999999999999 0.23629999999999995 0.2997000000000001
-4984.208514836263 0.4639999999999999 0.25699999999999995 0.2790000000000001
-4965.621085423985 0.4639999999999999 0.27769999999999995 0.2583000000000001
-4946.483858446993 0.4639999999999999 0.29839999999999994 0.2376000000000001
-4927.127681607259 0.4639999999999999 0.31909999999999994 0.2169000000000001
-4907.4302392554255 0.4639999999999999 0.33979999999999994 0.1962000000000001
-4888.432440120764 0.4639999999999999 0.36049999999999993 0.1755000000000001
-4869.222366607645 0.4639999999999999 0.38119999999999993 0.1548000000000001
-4849.877040222664 0.4639999999999999 0.4018999999999999 0.1341000000000001
-4827.49491516463 0.4639999999999999 0.4225999999999999 0.11340000000000011
-4803.6529207523 0.4639999999999999 0.4432999999999999 0.09270000000000012
-4780.3441253839665 0.4639999999999999 0.4639999999999999 0.07200000000000012
-4756.396967138831 0.4639999999999999 0.4846999999999999 0.05130000000000012
-4732.119771741191 0.4639999999999999 0.5054 0.03060000000000007
