-3743.6450325164246 0.11209999999999999 0.05 0.8379
-3764.959280468603 0.11209999999999999 0.0707 0.8172
-3785.8498586905143 0.11209999999999999 0.0914 0.7965
-3807.192848461235 0.11209999999999999 0.11209999999999999 0.7758
-3828.3672003893685 0.11209999999999999 0.13279999999999997 0.7551000000000001
-3849.187268463759 0.11209999999999999 0.15349999999999997 0.7344
-3870.0574146627364 0.11209999999999999 0.17419999999999997 0.7137
-3889.37544488362 0.11209999999999999 0.19489999999999996 0.6930000000000001
-3908.6509067905695 0.11209999999999999 0.21559999999999996 0.6723000000000001
-3922.6053460088574 0.11209999999999999 0.23629999999999995 0.6516000000000001
-3928.9508715323313 0.11209999999999999 0.25699999999999995 0.6309
-3931.5124456364474 0.11209999999999999 0.27769999999999995 0.6102000000000001
-3931.8962029527456 0.11209999999999999 0.29839999999999994 0.5895000000000001
-3930.4750381382246 0.11209999999999999 0.31909999999999994 0.5688000000000001
-3927.5580331979013 0.11209999999999999 0.33979999999999994 0.5481
-3922.4675632157446 0.11209999999999999 0.36049999999999993 0.5274000000000001
-3916.9274421552177 0.11209999999999999 0.38119999999999993 0.5067000000000002
-3906.979771628869 0.11209999999999999 0.4018999999999999 0.4860000000000001
-3890.9512187904825 0.11209999999999999 0.4225999999999999 0.4653000000000001
-3874.730532912105 0.11209999999999999 0.4432999999999999 0.4446000000000001
-3856.428465023386 0.11209999999999999 0.4639999999999999 0.4239000000000001
-3838.257024131409 0.11209999999999999 0.4846999999999999 0.4032000000000001
-3820.8269943806263 0.11209999999999999 0.5054 0.38250000000000006
-3801.010999957715 0.11209999999999999 0.5260999999999999 0.3618000000000001
-3774.5475668253334 0.11209999999999999 0.5468 0.34110000000000007
-3749.281196120363 0.11209999999999999 0.5674999999999999 0.32040000000000013
-3717.2209387700977 0.11209999999999999 0.5882 0.2997000000000001
-3684.524277760852 0.11209999999999999 0.6089 0.279
-3650.3932472836123 0.11209999999999999 0.6295999999999999 0.2583000000000001
-3615.227104011474 0.11209999999999999 0.6502999999999999 0.23760000000000014
-3575.093610582832 0.11209999999999999 0.6709999999999999 0.2169000000000001
-3530.741778434055 0.11209999999999999 0.6917 0.19620000000000004
-3485.4624640443476 0.11209999999999999 0.7123999999999999 0.1755000000000001
-3434.9037371527247 0.11209999999999999 0.7330999999999999 0.15480000000000016
-3377.891016259867 0.11209999999999999 0.7537999999999999 0.1341000000000001
-3322.5798010840927 0.11209999999999999 0.7745 0.11340000000000006
-3264.5834004701965 0.11209999999999999 0.7951999999999999 0.09270000000000012
-3207.1257742477187 0.11209999999999999 0.8158999999999998 0.07200000000000017
-3149.345638678907 0.11209999999999999 0.8365999999999999 0.05130000000000012
-3090.3159792662086 0.11209999999999999 0.8573 0.03060000000000007
-3833.4325437157913 0.13279999999999997 0.05 0.8171999999999999
-3854.4826070052045 0.13279999999999997 0.0707 0.7965
-3875.7388766790577 0.13279999999999997 0.0914 0.7757999999999999
-3896.2745415351487 0.13279999999999997 0.11209999999999999 0.7551
-3917.9477146367767 0.13279999999999997 0.13279999999999997 0.7343999999999999
-3938.547270359966 0.13279999999999997 0.15349999999999997 0.7137
-3958.8138427352483 0.13279999999999997 0.17419999999999997 0.6930000000000001
-3977.505365710866 0.13279999999999997 0.19489999999999996 0.6723
-3994.704817774677 0.13279999999999997 0.21559999999999996 0.6516
-4007.1314181880107 0.13279999999999997 0.23629999999999995 0.6309
-4012.1887035522777 0.13279999999999997 0.25699999999999995 0.6102000000000001
-4013.952644828343 0.13279999999999997 0.27769999999999995 0.5895
-4012.595534337546 0.13279999999999997 0.29839999999999994 0.5688
-4010.414289526885 0.13279999999999997 0.31909999999999994 0.5481
-4007.663244663588 0.13279999999999997 0.33979999999999994 0.5274000000000001
-4002.6320282161196 0.13279999999999997 0.36049999999999993 0.5067
-3992.850721971313 0.13279999999999997 0.38119999999999993 0.48600000000000004
-3983.623956796211 0.13279999999999997 0.4018999999999999 0.46530000000000005
-3968.6605159241226 0.13279999999999997 0.4225999999999999 0.44460000000000005
-3951.9404637874186 0.13279999999999997 0.4432999999999999 0.42390000000000005
-3932.511963115501 0.13279999999999997 0.4639999999999999 0.40320000000000006
-3912.6831396269504 0.13279999999999997 0.4846999999999999 0.38250000000000006
-3893.163261771689 0.13279999999999997 0.5054 0.3618
-3873.5096827663633 0.13279999999999997 0.5260999999999999 0.34110000000000007
-3848.8946796898217 0.13279999999999997 0.5468 0.3204
-3819.53309853608 0.13279999999999997 0.5674999999999999 0.2997000000000001
-3786.0001769767996 0.13279999999999997 0.5882 0.279
-3753.271234285155 0.13279999999999997 0.6089 0.2583
-3718.5811461341877 0.13279999999999997 0.6295999999999999 0.23760000000000003
-3683.194536617717 0.13279999999999997 0.6502999999999999 0.2169000000000001
-3640.4331562241473 0.13279999999999997 0.6709999999999999 0.19620000000000004
-3596.5265349958463 0.13279999999999997 0.6917 0.1755
-3551.756515478758 0.13279999999999997 0.7123999999999999 0.15480000000000005
-3498.886136782762 0.13279999999999997 0.7330999999999999 0.1341000000000001
-3443.8196109989644 0.13279999999999997 0.7537999999999999 0.11340000000000006
-3387.101557215283 0.13279999999999997 0.7745 0.0927
-3329.9851399309728 0.13279999999999997 0.7951999999999999 0.07200000000000006
-3273.1188756368883 0.13279999999999997 0.8158999999999998 0.05130000000000012
-3213.744943129081 0.13279999999999997 0.8365999999999999 0.03060000000000007
-3921.0537301913955 0.15349999999999997 0.05 0.7965
-3941.595277010634 0.15349999999999997 0.0707 0.7758
-3963.460859050515 0.15349999999999997 0.0914 0.7551
-3983.8730733548364 0.15349999999999997 0.11209999999999999 0.7344
-4005.6395305823116 0.15349999999999997 0.13279999999999997 0.7137
-4025.8143853724196 0.15349999999999997 0.15349999999999997 0.6930000000000001
-4045.76895912645 0.15349999999999997 0.17419999999999997 0.6723000000000001
-4063.775469316617 0.15349999999999997 0.19489999999999996 0.6516000000000001
-4078.385317239987 0.15349999999999997 0.21559999999999996 0.6309
-4087.8389656123595 0.15349999999999997 0.23629999999999995 0.6102000000000001
-4091.3140831010955 0.15349999999999997 0.25699999999999995 0.5895000000000001
-4092.7679136159927 0.15349999999999997 0.27769999999999995 0.5688000000000001
-4090.8572368514406 0.15349999999999997 0.29839999999999994 0.5481
-4089.4322866795837 0.15349999999999997 0.31909999999999994 0.5274000000000001
-4083.567193477921 0.15349999999999997 0.33979999999999994 0.5067000000000002
-4076.660835490875 0.15349999999999997 0.36049999999999993 0.4860000000000001
-4069.5172023388695 0.15349999999999997 0.38119999999999993 0.4653000000000001
-4057.5764177759897 0.15349999999999997 0.4018999999999999 0.4446000000000001
-4043.318862379272 0.15349999999999997 0.4225999999999999 0.4239000000000001
-4024.098671574815 0.15349999999999997 0.4432999999999999 0.4032000000000001
-4007.6624501465003 0.15349999999999997 0.4639999999999999 0.3825000000000001
-3986.5741229392047 0.15349999999999997 0.4846999999999999 0.3618000000000001
-3966.1995403679666 0.15349999999999997 0.5054 0.34110000000000007
-3941.1080078238188 0.15349999999999997 0.5260999999999999 0.32040000000000013
-3916.6275245671964 0.15349999999999997 0.5468 0.2997000000000001
-3886.2479506290033 0.15349999999999997 0.5674999999999999 0.27900000000000014
-3855.674865814861 0.15349999999999997 0.5882 0.2583000000000001
-3819.938900172162 0.15349999999999997 0.6089 0.23760000000000003
-3783.973961047015 0.15349999999999997 0.6295999999999999 0.2169000000000001
-3747.2848096090006 0.15349999999999997 0.6502999999999999 0.19620000000000015
-3704.4276304147575 0.15349999999999997 0.6709999999999999 0.1755000000000001
-3659.810922919888 0.15349999999999997 0.6917 0.15480000000000005
-3613.5714067514286 0.15349999999999997 0.7123999999999999 0.1341000000000001
-3561.7184161110113 0.15349999999999997 0.7330999999999999 0.11340000000000017
-3505.3934223485176 0.15349999999999997 0.7537999999999999 0.09270000000000012
-3449.520347912397 0.15349999999999997 0.7745 0.07200000000000006
-3392.3397416538246 0.15349999999999997 0.7951999999999999 0.05130000000000012
-3333.5045182814524 0.15349999999999997 0.8158999999999998 0.030600000000000183
