-4540.400786598152 0.29839999999999994 0.05 0.6516
-4560.242012823735 0.29839999999999994 0.0707 0.6309
-4580.039439898856 0.29839999999999994 0.0914 0.6102
-4598.418921832342 0.29839999999999994 0.11209999999999999 0.5895
-4616.238160797724 0.29839999999999994 0.13279999999999997 0.5688
-4632.179800682952 0.29839999999999994 0.15349999999999997 0.5481
-4646.724232087092 0.29839999999999994 0.17419999999999997 0.5274000000000001
-4656.216921060857 0.29839999999999994 0.19489999999999996 0.5067
-4658.415763353678 0.29839999999999994 0.21559999999999996 0.48600000000000004
-4656.070753170099 0.29839999999999994 0.23629999999999995 0.46530000000000005
-4652.334071474667 0.29839999999999994 0.25699999999999995 0.44460000000000005
-4648.395379228816 0.29839999999999994 0.27769999999999995 0.42390000000000005
-4640.2306954868955 0.29839999999999994 0.29839999999999994 0.40320000000000006
-4631.8805997790305 0.29839999999999994 0.31909999999999994 0.38250000000000006
-4624.140911783296 0.29839999999999994 0.33979999999999994 0.36180000000000007
-4612.276648037955 0.29839999999999994 0.36049999999999993 0.34110000000000007
-4598.151379798738 0.29839999999999994 0.38119999999999993 0.3204000000000001
-4581.775447943037 0.29839999999999994 0.4018999999999999 0.2997000000000001
-4563.0815868303625 0.29839999999999994 0.4225999999999999 0.2790000000000001
-4541.401240895614 0.29839999999999994 0.4432999999999999 0.2583000000000001
-4517.666806403756 0.29839999999999994 0.4639999999999999 0.2376000000000001
-4494.1674797194155 0.29839999999999994 0.4846999999999999 0.2169000000000001
-4465.314924906864 0.29839999999999994 0.5054 0.19620000000000004
-4434.899362204632 0.29839999999999994 0.5260999999999999 0.1755000000000001
-4401.563447296808 0.29839999999999994 0.5468 0.15480000000000005
-4365.365223405263 0.29839999999999994 0.5674999999999999 0.1341000000000001
-4327.899928763291 0.29839999999999994 0.5882 0.11340000000000006
-4288.199915565852 0.29839999999999994 0.6089 0.0927
-4246.822898638686 0.29839999999999994 0.6295999999999999 0.07200000000000006
-4201.7857210125185 0.29839999999999994 0.6502999999999999 0.05130000000000012
-4155.051017151673 0.29839999999999994 0.6709999999999999 0.03060000000000007
-4627.447379640299 0.31909999999999994 0.05 0.6309
-4646.767323349152 0.31909999999999994 0.0707 0.6102000000000001
-4666.219578889519 0.31909999999999994 0.0914 0.5895
-4684.6272930998575 0.31909999999999994 0.11209999999999999 0.5688000000000001
-4701.953473239404 0.31909999999999994 0.13279999999999997 0.5481
-4716.980044487045 0.31909999999999994 0.15349999999999997 0.5274000000000001
-4729.317394684455 0.31909999999999994 0.17419999999999997 0.5067000000000002
-4739.1256532091875 0.31909999999999994 0.19489999999999996 0.4860000000000001
-4739.276853911094 0.31909999999999994 0.21559999999999996 0.4653000000000001
-4735.618168404993 0.31909999999999994 0.23629999999999995 0.4446000000000001
-4732.05488045816 0.31909999999999994 0.25699999999999995 0.4239000000000001
-4725.8406023792495 0.31909999999999994 0.27769999999999995 0.4032000000000001
-4717.511257152051 0.31909999999999994 0.29839999999999994 0.3825000000000001
-4708.6266908491225 0.31909999999999994 0.31909999999999994 0.3618000000000001
-4698.228120371344 0.31909999999999994 0.33979999999999994 0.3411000000000001
-4687.739898724542 0.31909999999999994 0.36049999999999993 0.32040000000000013
-4672.9931704227265 0.31909999999999994 0.38119999999999993 0.29970000000000013
-4654.92171520151 0.31909999999999994 0.4018999999999999 0.27900000000000014
-4635.43033673551 0.31909999999999994 0.4225999999999999 0.25830000000000014
-4612.9268212402185 0.31909999999999994 0.4432999999999999 0.23760000000000014
-4589.368220296206 0.31909999999999994 0.4639999999999999 0.21690000000000015
-4561.991568119544 0.31909999999999994 0.4846999999999999 0.19620000000000015
-4534.166960948551 0.31909999999999994 0.5054 0.1755000000000001
-4502.450348692393 0.31909999999999994 0.5260999999999999 0.15480000000000016
-4468.244922300355 0.31909999999999994 0.5468 0.1341000000000001
-4432.8441232144005 0.31909999999999994 0.5674999999999999 0.11340000000000017
-4393.887745670258 0.31909999999999994 0.5882 0.09270000000000012
-4352.341312241124 0.31909999999999994 0.6089 0.07200000000000006
-4310.883682690131 0.31909999999999994 0.6295999999999999 0.05130000000000012
-4265.092946509769 0.31909999999999994 0.6502999999999999 0.030600000000000183
-4716.321966424673 0.33979999999999994 0.05 0.6102000000000001
-4735.237891104451 0.33979999999999994 0.0707 0.5895000000000001
-4754.429833309975 0.33979999999999994 0.0914 0.5688000000000001
-4772.432060673776 0.33979999999999994 0.11209999999999999 0.5481000000000001
-4789.316459963201 0.33979999999999994 0.13279999999999997 0.5274000000000001
-4803.898100308544 0.33979999999999994 0.15349999999999997 0.5067000000000002
-4815.3250555885925 0.33979999999999994 0.17419999999999997 0.48600000000000015
-4820.757353255909 0.33979999999999994 0.19489999999999996 0.46530000000000016
-4821.2863879683855 0.33979999999999994 0.21559999999999996 0.44460000000000016
-4819.148574646838 0.33979999999999994 0.23629999999999995 0.42390000000000017
-4812.021771953367 0.33979999999999994 0.25699999999999995 0.40320000000000017
-4804.047945504404 0.33979999999999994 0.27769999999999995 0.3825000000000002
-4795.726297339151 0.33979999999999994 0.29839999999999994 0.3618000000000002
-4787.097241639517 0.33979999999999994 0.31909999999999994 0.3411000000000002
-4773.278711880774 0.33979999999999994 0.33979999999999994 0.3204000000000002
-4765.377037652296 0.33979999999999994 0.36049999999999993 0.2997000000000002
-4748.494134731813 0.33979999999999994 0.38119999999999993 0.2790000000000002
-4730.162991214857 0.33979999999999994 0.4018999999999999 0.2583000000000002
-4709.625720085326 0.33979999999999994 0.4225999999999999 0.2376000000000002
-4686.523010636249 0.33979999999999994 0.4432999999999999 0.2169000000000002
-4662.002839348697 0.33979999999999994 0.4639999999999999 0.1962000000000002
-4635.494905241143 0.33979999999999994 0.4846999999999999 0.1755000000000002
-4604.713492791465 0.33979999999999994 0.5054 0.15480000000000016
-4572.821160926602 0.33979999999999994 0.5260999999999999 0.13410000000000022
-4539.696697423958 0.33979999999999994 0.5468 0.11340000000000017
-4501.7970851714745 0.33979999999999994 0.5674999999999999 0.09270000000000023
-4462.636550129884 0.33979999999999994 0.5882 0.07200000000000017
-4421.100719607074 0.33979999999999994 0.6089 0.05130000000000012
-4377.89568894305 0.33979999999999994 0.6295999999999999 0.030600000000000183
