-5841.899311145293 0.6089 0.05 0.3411
-5856.305931768418 0.6089 0.0707 0.3204
-5870.158333501548 0.6089 0.0914 0.2997
-5879.740633346746 0.6089 0.11209999999999999 0.279
-5878.098339873836 0.6089 0.13279999999999997 0.25830000000000003
-5877.449412235196 0.6089 0.15349999999999997 0.23760000000000003
-5868.158180779067 0.6089 0.17419999999999997 0.21690000000000004
-5857.572263448904 0.6089 0.19489999999999996 0.19620000000000004
-5846.043952033707 0.6089 0.21559999999999996 0.17550000000000004
-5831.581597815993 0.6089 0.23629999999999995 0.15480000000000005
-5821.360010294623 0.6089 0.25699999999999995 0.13410000000000005
-5809.0933848658615 0.6089 0.27769999999999995 0.11340000000000006
-5791.0944877188185 0.6089 0.29839999999999994 0.09270000000000006
-5773.037805810137 0.6089 0.31909999999999994 0.07200000000000006
-5748.047094132664 0.6089 0.33979999999999994 0.05130000000000007
-5725.59604773713 0.6089 0.36049999999999993 0.03060000000000007
-5926.593684859853 0.6295999999999999 0.05 0.3204000000000001
-5943.339590417015 0.6295999999999999 0.0707 0.2997000000000001
-5953.8047650094595 0.6295999999999999 0.0914 0.2790000000000001
-5960.367788038889 0.6295999999999999 0.11209999999999999 0.2583000000000001
-5959.46515503577 0.6295999999999999 0.13279999999999997 0.2376000000000001
-5954.856965986473 0.6295999999999999 0.15349999999999997 0.2169000000000001
-5950.276587500066 0.6295999999999999 0.17419999999999997 0.1962000000000001
-5935.349389645087 0.6295999999999999 0.19489999999999996 0.1755000000000001
-5925.04303764139 0.6295999999999999 0.21559999999999996 0.1548000000000001
-5909.175227190144 0.6295999999999999 0.23629999999999995 0.1341000000000001
-5897.435700120663 0.6295999999999999 0.25699999999999995 0.11340000000000011
-5886.23398666544 0.6295999999999999 0.27769999999999995 0.09270000000000012
-5865.607076090771 0.6295999999999999 0.29839999999999994 0.07200000000000012
-5845.388902859475 0.6295999999999999 0.31909999999999994 0.05130000000000012
-5821.600538690248 0.6295999999999999 0.33979999999999994 0.030600000000000127
-6013.702770352051 0.6502999999999999 0.05 0.29970000000000013
-6028.180454093203 0.6502999999999999 0.0707 0.27900000000000014
-6037.187474149738 0.6502999999999999 0.0914 0.25830000000000014
-6044.346132002132 0.6502999999999999 0.11209999999999999 0.23760000000000014
-6039.592681020837 0.6502999999999999 0.13279999999999997 0.21690000000000015
-6035.639478854952 0.6502999999999999 0.15349999999999997 0.19620000000000015
-6025.072072168578 0.6502999999999999 0.17419999999999997 0.17550000000000016
-6011.3708487038 0.6502999999999999 0.19489999999999996 0.15480000000000016
-6001.017434521956 0.6502999999999999 0.21559999999999996 0.13410000000000016
-5986.2426381311225 0.6502999999999999 0.23629999999999995 0.11340000000000017
-5974.872534060961 0.6502999999999999 0.25699999999999995 0.09270000000000017
-5962.0552007887045 0.6502999999999999 0.27769999999999995 0.07200000000000017
-5940.156870040733 0.6502999999999999 0.29839999999999994 0.05130000000000018
-5921.313310970408 0.6502999999999999 0.31909999999999994 0.030600000000000183
