-5064.416317277581 0.4225999999999999 0.05 0.5274000000000001
-5082.410323104359 0.4225999999999999 0.0707 0.5067000000000002
-5099.915111848619 0.4225999999999999 0.0914 0.48600000000000015
-5114.684533583953 0.4225999999999999 0.11209999999999999 0.46530000000000016
-5129.739949687741 0.4225999999999999 0.13279999999999997 0.44460000000000016
-5140.360613243161 0.4225999999999999 0.15349999999999997 0.42390000000000017
-5148.351521871703 0.4225999999999999 0.17419999999999997 0.40320000000000017
-5144.31028025303 0.4225999999999999 0.19489999999999996 0.3825000000000002
-5141.347234568127 0.4225999999999999 0.21559999999999996 0.3618000000000002
-5132.660331290515 0.4225999999999999 0.23629999999999995 0.3411000000000002
-5124.750818852007 0.4225999999999999 0.25699999999999995 0.3204000000000002
-5116.246288113802 0.4225999999999999 0.27769999999999995 0.2997000000000002
-5104.829549540192 0.4225999999999999 0.29839999999999994 0.2790000000000002
-5092.809645130306 0.4225999999999999 0.31909999999999994 0.2583000000000002
-5080.029751594998 0.4225999999999999 0.33979999999999994 0.2376000000000002
-5064.015896238039 0.4225999999999999 0.36049999999999993 0.2169000000000002
-5046.057387262048 0.4225999999999999 0.38119999999999993 0.1962000000000002
-5022.040047900321 0.4225999999999999 0.4018999999999999 0.1755000000000002
-4999.294460017116 0.4225999999999999 0.4225999999999999 0.15480000000000022
-4972.251439786013 0.4225999999999999 0.4432999999999999 0.13410000000000022
-4944.253642171333 0.4225999999999999 0.4639999999999999 0.11340000000000022
-4913.087558068217 0.4225999999999999 0.4846999999999999 0.09270000000000023
-4880.55054488828 0.4225999999999999 0.5054 0.07200000000000017
-4844.41409981633 0.4225999999999999 0.5260999999999999 0.051300000000000234
-4808.229383433726 0.4225999999999999 0.5468 0.030600000000000183
-5153.283301908552 0.4432999999999999 0.05 0.5067
-5169.874552822849 0.4432999999999999 0.0707 0.4860000000000001
-5186.614913995997 0.4432999999999999 0.0914 0.4653000000000001
-5202.29904870629 0.4432999999999999 0.11209999999999999 0.4446000000000001
-5213.901877178253 0.4432999999999999 0.13279999999999997 0.4239000000000001
-5226.544374734751 0.4432999999999999 0.15349999999999997 0.4032000000000001
-5228.769075259441 0.4432999999999999 0.17419999999999997 0.3825000000000001
-5225.455915971268 0.4432999999999999 0.19489999999999996 0.3618000000000001
-5223.8624791797865 0.4432999999999999 0.21559999999999996 0.3411000000000001
-5212.659056677547 0.4432999999999999 0.23629999999999995 0.32040000000000013
-5204.714090463941 0.4432999999999999 0.25699999999999995 0.29970000000000013
-5192.979567705074 0.4432999999999999 0.27769999999999995 0.27900000000000014
-5179.90300048212 0.4432999999999999 0.29839999999999994 0.25830000000000014
-5169.476404992226 0.4432999999999999 0.31909999999999994 0.23760000000000014
-5153.266033346637 0.4432999999999999 0.33979999999999994 0.21690000000000015
-5138.4313479053135 0.4432999999999999 0.36049999999999993 0.19620000000000015
-5119.225224158724 0.4432999999999999 0.38119999999999993 0.17550000000000016
-5094.043614311225 0.4432999999999999 0.4018999999999999 0.15480000000000016
-5071.253394995173 0.4432999999999999 0.4225999999999999 0.13410000000000016
-5043.329644242333 0.4432999999999999 0.4432999999999999 0.11340000000000017
-5015.988645090808 0.4432999999999999 0.4639999999999999 0.09270000000000017
-4982.658725021165 0.4432999999999999 0.4846999999999999 0.07200000000000017
-4949.10353728416 0.4432999999999999 0.5054 0.05130000000000012
-4913.576750269558 0.4432999999999999 0.5260999999999999 0.030600000000000183
-5238.513465466187 0.4639999999999999 0.05 0.48600000000000004
-5255.361080724091 0.4639999999999999 0.0707 0.46530000000000005
-5271.495767658138 0.4639999999999999 0.0914 0.44460000000000005
-5287.317255242435 0.4639999999999999 0.11209999999999999 0.42390000000000005
-5300.666442946716 0.4639999999999999 0.13279999999999997 0.40320000000000006
-5309.022372721057 0.4639999999999999 0.15349999999999997 0.38250000000000006
-5309.489979136047 0.4639999999999999 0.17419999999999997 0.36180000000000007
-5305.3308614867865 0.4639999999999999 0.19489999999999996 0.34110000000000007
-5302.681973321281 0.4639999999999999 0.21559999999999996 0.3204000000000001
-5294.231409698587 0.4639999999999999 0.23629999999999995 0.2997000000000001
-5280.586730320003 0.4639999999999999 0.25699999999999995 0.2790000000000001
-5270.140261655406 0.4639999999999999 0.27769999999999995 0.2583000000000001
-5258.460008434187 0.4639999999999999 0.29839999999999994 0.2376000000000001
-5245.2905989355795 0.4639999999999999 0.31909999999999994 0.2169000000000001
-5231.4919671086445 0.4639999999999999 0.33979999999999994 0.1962000000000001
-5212.045559107934 0.4639999999999999 0.36049999999999993 0.1755000000000001
-5192.145474004195 0.4639999999999999 0.38119999999999993 0.1548000000000001
-5168.544928240663 0.4639999999999999 0.4018999999999999 0.1341000000000001
-5142.929081246203 0.4639999999999999 0.4225999999999999 0.11340000000000011
-5114.041888004769 0.4639999999999999 0.4432999999999999 0.09270000000000012
-5084.051451676271 0.4639999999999999 0.4639999999999999 0.07200000000000012
-5051.463996779393 0.4639999999999999 0.4846999999999999 0.05130000000000012
-5015.623836145987 0.4639999999999999 0.5054 0.03060000000000007
