-4008.4240178974023 0.17419999999999997 0.05 0.7758
-4029.279895045696 0.17419999999999997 0.0707 0.7551000000000001
-4051.033454636527 0.17419999999999997 0.0914 0.7344
-4072.1923139404785 0.17419999999999997 0.11209999999999999 0.7137000000000001
-4093.1802219079623 0.17419999999999997 0.13279999999999997 0.6930000000000001
-4112.39540408313 0.17419999999999997 0.15349999999999997 0.6723000000000001
-4130.676728172624 0.17419999999999997 0.17419999999999997 0.6516000000000002
-4148.539531519259 0.17419999999999997 0.19489999999999996 0.6309000000000001
-4162.5177776776245 0.17419999999999997 0.21559999999999996 0.6102000000000001
-4170.43080764512 0.17419999999999997 0.23629999999999995 0.5895000000000001
-4172.266147613167 0.17419999999999997 0.25699999999999995 0.5688000000000002
-4171.872886567862 0.17419999999999997 0.27769999999999995 0.5481000000000001
-4169.3821183323635 0.17419999999999997 0.29839999999999994 0.5274000000000001
-4166.065928169576 0.17419999999999997 0.31909999999999994 0.5067000000000002
-4161.873597082971 0.17419999999999997 0.33979999999999994 0.48600000000000015
-4153.995590414781 0.17419999999999997 0.36049999999999993 0.46530000000000016
-4145.242901253711 0.17419999999999997 0.38119999999999993 0.44460000000000016
-4133.709462318024 0.17419999999999997 0.4018999999999999 0.42390000000000017
-4115.625909614342 0.17419999999999997 0.4225999999999999 0.40320000000000017
-4098.413061565068 0.17419999999999997 0.4432999999999999 0.3825000000000002
-4080.6380751098563 0.17419999999999997 0.4639999999999999 0.3618000000000002
-4059.266252328877 0.17419999999999997 0.4846999999999999 0.3411000000000002
-4037.330215955222 0.17419999999999997 0.5054 0.32040000000000013
-4013.1336358790277 0.17419999999999997 0.5260999999999999 0.2997000000000002
-3984.4877633252368 0.17419999999999997 0.5468 0.27900000000000014
-3955.759044188973 0.17419999999999997 0.5674999999999999 0.2583000000000002
-3922.309923118686 0.17419999999999997 0.5882 0.23760000000000014
-3887.7864714185657 0.17419999999999997 0.6089 0.2169000000000001
-3849.8667667099558 0.17419999999999997 0.6295999999999999 0.19620000000000015
-3810.74497268613 0.17419999999999997 0.6502999999999999 0.1755000000000002
-3766.8859635302265 0.17419999999999997 0.6709999999999999 0.15480000000000016
-3722.838041950572 0.17419999999999997 0.6917 0.1341000000000001
-3675.9347189245173 0.17419999999999997 0.7123999999999999 0.11340000000000017
-3623.3102675607406 0.17419999999999997 0.7330999999999999 0.09270000000000023
-3567.8135407445325 0.17419999999999997 0.7537999999999999 0.07200000000000017
-3511.9973887955616 0.17419999999999997 0.7745 0.05130000000000012
-3453.469685170539 0.17419999999999997 0.7951999999999999 0.030600000000000183
-4098.294109335424 0.19489999999999996 0.05 0.7551
-4119.381619781984 0.19489999999999996 0.0707 0.7344
-4141.085810552809 0.19489999999999996 0.0914 0.7137
-4161.177541058966 0.19489999999999996 0.11209999999999999 0.6930000000000001
-4181.9786313589575 0.19489999999999996 0.13279999999999997 0.6723000000000001
-4201.129678029938 0.19489999999999996 0.15349999999999997 0.6516000000000001
-4218.322738103619 0.19489999999999996 0.17419999999999997 0.6309
-4234.954736688672 0.19489999999999996 0.19489999999999996 0.6102000000000001
-4247.627628652939 0.19489999999999996 0.21559999999999996 0.5895000000000001
-4252.188629565542 0.19489999999999996 0.23629999999999995 0.5688000000000001
-4253.213375074359 0.19489999999999996 0.25699999999999995 0.5481
-4253.015060633635 0.19489999999999996 0.27769999999999995 0.5274000000000001
-4249.176049612317 0.19489999999999996 0.29839999999999994 0.5067000000000002
-4245.159222902293 0.19489999999999996 0.31909999999999994 0.4860000000000001
-4239.3978309512795 0.19489999999999996 0.33979999999999994 0.4653000000000001
-4231.361696830264 0.19489999999999996 0.36049999999999993 0.4446000000000001
-4221.781122146982 0.19489999999999996 0.38119999999999993 0.4239000000000001
-4209.779836988539 0.19489999999999996 0.4018999999999999 0.4032000000000001
-4192.004264468496 0.19489999999999996 0.4225999999999999 0.3825000000000001
-4174.275028494099 0.19489999999999996 0.4432999999999999 0.3618000000000001
-4154.862820223597 0.19489999999999996 0.4639999999999999 0.3411000000000001
-4133.509746543343 0.19489999999999996 0.4846999999999999 0.32040000000000013
-4110.263938802036 0.19489999999999996 0.5054 0.2997000000000001
-4084.783077982392 0.19489999999999996 0.5260999999999999 0.27900000000000014
-4056.3400355196986 0.19489999999999996 0.5468 0.2583000000000001
-4025.20216604485 0.19489999999999996 0.5674999999999999 0.23760000000000014
-3991.3771533236045 0.19489999999999996 0.5882 0.2169000000000001
-3956.262719673764 0.19489999999999996 0.6089 0.19620000000000004
-3919.5416310504324 0.19489999999999996 0.6295999999999999 0.1755000000000001
-3878.162983457264 0.19489999999999996 0.6502999999999999 0.15480000000000016
-3833.9638201531725 0.19489999999999996 0.6709999999999999 0.1341000000000001
-3787.771002355379 0.19489999999999996 0.6917 0.11340000000000006
-3741.3553019931164 0.19489999999999996 0.7123999999999999 0.09270000000000012
-3688.6695192897423 0.19489999999999996 0.7330999999999999 0.07200000000000017
-3634.34598121695 0.19489999999999996 0.7537999999999999 0.05130000000000012
-3575.6699644502005 0.19489999999999996 0.7745 0.03060000000000007
-4185.972684522582 0.21559999999999996 0.05 0.7343999999999999
-4206.580756379384 0.21559999999999996 0.0707 0.7137
-4228.0921747345465 0.21559999999999996 0.0914 0.693
-4248.280650258852 0.21559999999999996 0.11209999999999999 0.6723
-4267.6872748032265 0.21559999999999996 0.13279999999999997 0.6516
-4286.606409913181 0.21559999999999996 0.15349999999999997 0.6309
-4304.055327519178 0.21559999999999996 0.17419999999999997 0.6102000000000001
-4320.402972886098 0.21559999999999996 0.19489999999999996 0.5895
-4329.840794228335 0.21559999999999996 0.21559999999999996 0.5688
-4331.873795802678 0.21559999999999996 0.23629999999999995 0.5481
-4333.997348689121 0.21559999999999996 0.25699999999999995 0.5274000000000001
-4331.622063466674 0.21559999999999996 0.27769999999999995 0.5067
-4326.715525898716 0.21559999999999996 0.29839999999999994 0.48600000000000004
-4321.312037123934 0.21559999999999996 0.31909999999999994 0.46530000000000005
-4316.634271878096 0.21559999999999996 0.33979999999999994 0.44460000000000005
-4308.147994571735 0.21559999999999996 0.36049999999999993 0.42390000000000005
-4297.471123350833 0.21559999999999996 0.38119999999999993 0.40320000000000006
-4283.554491509163 0.21559999999999996 0.4018999999999999 0.38250000000000006
-4266.182242131845 0.21559999999999996 0.4225999999999999 0.36180000000000007
-4246.815101074148 0.21559999999999996 0.4432999999999999 0.34110000000000007
-4228.3116852929425 0.21559999999999996 0.4639999999999999 0.3204000000000001
-4205.864434912405 0.21559999999999996 0.4846999999999999 0.2997000000000001
-4181.740492206642 0.21559999999999996 0.5054 0.279
-4154.934304583562 0.21559999999999996 0.5260999999999999 0.2583000000000001
-4124.202455286788 0.21559999999999996 0.5468 0.23760000000000003
-4094.1122671925773 0.21559999999999996 0.5674999999999999 0.2169000000000001
-4057.5180620854353 0.21559999999999996 0.5882 0.19620000000000004
-4023.352905820377 0.21559999999999996 0.6089 0.1755
-3983.995995665108 0.21559999999999996 0.6295999999999999 0.15480000000000005
-3941.9799910065562 0.21559999999999996 0.6502999999999999 0.1341000000000001
-3897.6201096629047 0.21559999999999996 0.6709999999999999 0.11340000000000006
-3850.0000985526444 0.21559999999999996 0.6917 0.0927
-3804.167280543652 0.21559999999999996 0.7123999999999999 0.07200000000000006
-3752.4732754068123 0.21559999999999996 0.7330999999999999 0.05130000000000012
-3695.0467798459654 0.21559999999999996 0.7537999999999999 0.03060000000000007
