-3476.558183575338 0.05 0.05 0.8999999999999999
-3498.2916110876713 0.05 0.0707 0.8793
-3520.6442272613476 0.05 0.0914 0.8585999999999999
-3541.818601201564 0.05 0.11209999999999999 0.8379
-3563.547389331424 0.05 0.13279999999999997 0.8171999999999999
-3584.8829068399937 0.05 0.15349999999999997 0.7965
-3605.9780868009834 0.05 0.17419999999999997 0.7758
-3627.3494904349973 0.05 0.19489999999999996 0.7551
-3648.2207431060415 0.05 0.21559999999999996 0.7343999999999999
-3668.0199786363687 0.05 0.23629999999999995 0.7137
-3684.841950140416 0.05 0.25699999999999995 0.6930000000000001
-3691.3509936219516 0.05 0.27769999999999995 0.6723
-3692.54644789693 0.05 0.29839999999999994 0.6516
-3691.893373920688 0.05 0.31909999999999994 0.6309
-3692.075613476053 0.05 0.33979999999999994 0.6102000000000001
-3690.8128558174462 0.05 0.36049999999999993 0.5895
-3687.992593923104 0.05 0.38119999999999993 0.5688
-3679.1623831056713 0.05 0.4018999999999999 0.5481
-3664.7320345856856 0.05 0.4225999999999999 0.5274000000000001
-3647.529968116596 0.05 0.4432999999999999 0.5067
-3631.5503999992156 0.05 0.4639999999999999 0.48600000000000004
-3614.051267326456 0.05 0.4846999999999999 0.46530000000000005
-3596.214396070946 0.05 0.5054 0.4446
-3576.761481544382 0.05 0.5260999999999999 0.42390000000000005
-3559.2002706068515 0.05 0.5468 0.4032
-3538.1210510322476 0.05 0.5674999999999999 0.38250000000000006
-3512.801688964115 0.05 0.5882 0.3618
-3480.062694999033 0.05 0.6089 0.34109999999999996
-3445.037359848667 0.05 0.6295999999999999 0.3204
-3409.883845556834 0.05 0.6502999999999999 0.2997000000000001
-3375.873060972888 0.05 0.6709999999999999 0.279
-3341.0675701250925 0.05 0.6917 0.2583
-3295.610908380485 0.05 0.7123999999999999 0.23760000000000003
-3245.682072202732 0.05 0.7330999999999999 0.2169000000000001
-3189.688436764661 0.05 0.7537999999999999 0.19620000000000004
-3134.103795571152 0.05 0.7745 0.1755
-3077.55561742511 0.05 0.7951999999999999 0.15480000000000005
-3019.1782116698278 0.05 0.8158999999999998 0.1341000000000001
-2962.222805515661 0.05 0.8365999999999999 0.11340000000000006
-2903.204082536887 0.05 0.8573 0.0927
-2845.011308667383 0.05 0.8779999999999999 0.07200000000000006
-2786.864514348648 0.05 0.8986999999999998 0.05130000000000012
-2726.769556377934 0.05 0.9193999999999999 0.03060000000000007
-3565.124381417382 0.0707 0.05 0.8793
-3586.53811524759 0.0707 0.0707 0.8586
-3608.644386128917 0.0707 0.0914 0.8379
-3629.65505200735 0.0707 0.11209999999999999 0.8172
-3651.3405806125584 0.0707 0.13279999999999997 0.7965
-3672.068037947968 0.0707 0.15349999999999997 0.7758
-3693.2464114311615 0.0707 0.17419999999999997 0.7551000000000001
-3714.4612114546176 0.0707 0.19489999999999996 0.7344
-3734.894678890046 0.0707 0.21559999999999996 0.7137
-3754.2355791360987 0.0707 0.23629999999999995 0.6930000000000001
-3766.44528126863 0.0707 0.25699999999999995 0.6723000000000001
-3770.123325314033 0.0707 0.27769999999999995 0.6516000000000001
-3771.2679948124232 0.0707 0.29839999999999994 0.6309
-3769.940983986757 0.0707 0.31909999999999994 0.6102000000000001
-3770.452286153197 0.0707 0.33979999999999994 0.5895000000000001
-3769.1267654721473 0.0707 0.36049999999999993 0.5688000000000001
-3764.6470523238836 0.0707 0.38119999999999993 0.5481
-3755.0909577430607 0.0707 0.4018999999999999 0.5274000000000001
-3740.336555211325 0.0707 0.4225999999999999 0.5067000000000002
-3722.770693760262 0.0707 0.4432999999999999 0.4860000000000001
-3705.689840232131 0.0707 0.4639999999999999 0.4653000000000001
-3687.844770456387 0.0707 0.4846999999999999 0.4446000000000001
-3670.307788346375 0.0707 0.5054 0.42390000000000005
-3652.5125086325415 0.0707 0.5260999999999999 0.4032000000000001
-3632.261196831747 0.0707 0.5468 0.38250000000000006
-3607.3376184677645 0.0707 0.5674999999999999 0.3618000000000001
-3578.743258852204 0.0707 0.5882 0.34110000000000007
-3547.0736153266835 0.0707 0.6089 0.3204
-3511.7860619539847 0.0707 0.6295999999999999 0.2997000000000001
-3477.292842403116 0.0707 0.6502999999999999 0.27900000000000014
-3443.339309832034 0.0707 0.6709999999999999 0.2583000000000001
-3403.2690895089295 0.0707 0.6917 0.23760000000000003
-3358.9930132467707 0.0707 0.7123999999999999 0.2169000000000001
-3306.1493135863107 0.0707 0.7330999999999999 0.19620000000000015
-3252.021876733749 0.0707 0.7537999999999999 0.1755000000000001
-3195.688528993831 0.0707 0.7745 0.15480000000000005
-3138.3362099231013 0.0707 0.7951999999999999 0.1341000000000001
-3081.250103571229 0.0707 0.8158999999999998 0.11340000000000017
-3022.7355241751256 0.0707 0.8365999999999999 0.09270000000000012
-2964.9809397916424 0.0707 0.8573 0.07200000000000006
-2906.823687263415 0.0707 0.8779999999999999 0.05130000000000012
-2847.021697975772 0.0707 0.8986999999999998 0.030600000000000183
-3655.4357301247232 0.0914 0.05 0.8585999999999999
-3676.6536686344275 0.0914 0.0707 0.8379
-3698.486142302652 0.0914 0.0914 0.8171999999999999
-3719.684937746215 0.0914 0.11209999999999999 0.7965
-3740.976739333604 0.0914 0.13279999999999997 0.7758
-3762.0601788756603 0.0914 0.15349999999999997 0.7551
-3782.4547909413104 0.0914 0.17419999999999997 0.7343999999999999
-3803.8327030345586 0.0914 0.19489999999999996 0.7137
-3822.1278831256745 0.0914 0.21559999999999996 0.6930000000000001
-3840.0561272195214 0.0914 0.23629999999999995 0.6723
-3850.616608727984 0.0914 0.25699999999999995 0.6516
-3853.6618320385214 0.0914 0.27769999999999995 0.6309
-3852.2876177869744 0.0914 0.29839999999999994 0.6102000000000001
-3851.7892659592408 0.0914 0.31909999999999994 0.5895
-3849.9655807838435 0.0914 0.33979999999999994 0.5688
-3847.2679042192904 0.0914 0.36049999999999993 0.5481
-3840.4066128494637 0.0914 0.38119999999999993 0.5274000000000001
-3832.3846307778167 0.0914 0.4018999999999999 0.5067
-3816.4564383109487 0.0914 0.4225999999999999 0.48600000000000004
-3799.3200350356274 0.0914 0.4432999999999999 0.46530000000000005
-3782.5687651215367 0.0914 0.4639999999999999 0.44460000000000005
-3764.599936923116 0.0914 0.4846999999999999 0.42390000000000005
-3746.335257269254 0.0914 0.5054 0.4032
-3726.450256235804 0.0914 0.5260999999999999 0.38250000000000006
-3705.2067510356824 0.0914 0.5468 0.3618
-3680.0999886641757 0.0914 0.5674999999999999 0.34110000000000007
-3649.602947923816 0.0914 0.5882 0.3204
-3615.356424017092 0.0914 0.6089 0.29969999999999997
-3581.6172945354024 0.0914 0.6295999999999999 0.279
-3548.2970988973602 0.0914 0.6502999999999999 0.2583000000000001
-3511.803086280187 0.0914 0.6709999999999999 0.23760000000000003
-3468.651593533295 0.0914 0.6917 0.21689999999999998
-3422.457989704461 0.0914 0.7123999999999999 0.19620000000000004
-3371.791814449681 0.0914 0.7330999999999999 0.1755000000000001
-3317.4486242713074 0.0914 0.7537999999999999 0.15480000000000005
-3259.737226853031 0.0914 0.7745 0.1341
-3203.7470007720253 0.0914 0.7951999999999999 0.11340000000000006
-3144.9727668206383 0.0914 0.8158999999999998 0.09270000000000012
-3087.913488737686 0.0914 0.8365999999999999 0.07200000000000006
-3029.966736862407 0.0914 0.8573 0.05130000000000001
-2970.216397815171 0.0914 0.8779999999999999 0.03060000000000007
