-4096.214892623023 0.2035 0.001 0.7955
-4121.2502681151755 0.2035 0.0235 0.773
-4146.154397405268 0.2035 0.046 0.7505
-4170.393260148618 0.2035 0.0685 0.728
-4192.497539332851 0.2035 0.091 0.7055
-4215.8724100952295 0.2035 0.11349999999999999 0.683
-4236.456315993027 0.2035 0.136 0.6605
-4258.1332732743 0.2035 0.1585 0.638
-4275.098587743769 0.2035 0.181 0.6154999999999999
-4290.569256115542 0.2035 0.2035 0.593
-4298.058879574286 0.2035 0.22599999999999998 0.5705
-4303.593011298124 0.2035 0.2485 0.548
-4301.802923129495 0.2035 0.271 0.5255
-4299.742969266814 0.2035 0.2935 0.503
-4295.841418900482 0.2035 0.316 0.4805
-4288.53161819987 0.2035 0.33849999999999997 0.458
-4280.001272554697 0.2035 0.361 0.4355
-4268.758434898653 0.2035 0.3835 0.413
-4256.169356582213 0.2035 0.40599999999999997 0.3905
-4235.048482036668 0.2035 0.4285 0.368
-4211.171116709817 0.2035 0.45099999999999996 0.34550000000000003
-4189.215068844946 0.2035 0.4735 0.323
-4163.568721741222 0.2035 0.496 0.3005
-4136.206580233899 0.2035 0.5185 0.278
-4106.4537094256475 0.2035 0.541 0.25549999999999995
-4071.210936719796 0.2035 0.5635 0.23299999999999998
-4032.5619009136826 0.2035 0.586 0.21050000000000002
-3993.3023973104687 0.2035 0.6084999999999999 0.18800000000000006
-3950.5298972334863 0.2035 0.631 0.16549999999999998
-3905.511487768857 0.2035 0.6535 0.14300000000000002
-3854.981886835396 0.2035 0.6759999999999999 0.12050000000000005
-3804.2888396896396 0.2035 0.6985 0.09799999999999998
-3752.7915707557054 0.2035 0.721 0.07550000000000001
-3692.584355381919 0.2035 0.7434999999999999 0.05300000000000005
-3629.7783616606125 0.2035 0.766 0.03049999999999997
-3544.420372046765 0.2035 0.796 0.0004999999999999449
-4193.896146951309 0.22599999999999998 0.001 0.773
-4219.392172481684 0.22599999999999998 0.0235 0.7505000000000001
-4243.110374411273 0.22599999999999998 0.046 0.728
-4267.299493549057 0.22599999999999998 0.0685 0.7055
-4288.970101673034 0.22599999999999998 0.091 0.683
-4310.565727083946 0.22599999999999998 0.11349999999999999 0.6605000000000001
-4332.152063284113 0.22599999999999998 0.136 0.638
-4352.301796345371 0.22599999999999998 0.1585 0.6155
-4369.0560407007815 0.22599999999999998 0.181 0.593
-4380.909512892652 0.22599999999999998 0.2035 0.5705
-4388.451609974616 0.22599999999999998 0.22599999999999998 0.548
-4390.150104799508 0.22599999999999998 0.2485 0.5255000000000001
-4388.623467862851 0.22599999999999998 0.271 0.503
-4384.662347077233 0.22599999999999998 0.2935 0.48050000000000004
-4380.090962720761 0.22599999999999998 0.316 0.458
-4372.464909668629 0.22599999999999998 0.33849999999999997 0.43550000000000005
-4362.759167680695 0.22599999999999998 0.361 0.41300000000000003
-4352.46200190868 0.22599999999999998 0.3835 0.3905
-4336.426042143105 0.22599999999999998 0.40599999999999997 0.36800000000000005
-4313.995939419669 0.22599999999999998 0.4285 0.34550000000000003
-4290.899165965655 0.22599999999999998 0.45099999999999996 0.32300000000000006
-4266.256798015283 0.22599999999999998 0.4735 0.30050000000000004
-4240.165127657531 0.22599999999999998 0.496 0.278
-4211.423918138431 0.22599999999999998 0.5185 0.25550000000000006
-4178.778443529727 0.22599999999999998 0.541 0.23299999999999998
-4146.236529447151 0.22599999999999998 0.5635 0.21050000000000002
-4105.092390050432 0.22599999999999998 0.586 0.18800000000000006
-4065.7087603741047 0.22599999999999998 0.6084999999999999 0.1655000000000001
-4020.847492892386 0.22599999999999998 0.631 0.14300000000000002
-3975.0898194158453 0.22599999999999998 0.6535 0.12050000000000005
-3924.8837077539583 0.22599999999999998 0.6759999999999999 0.09800000000000009
-3873.4042171798183 0.22599999999999998 0.6985 0.07550000000000001
-3821.5770640688934 0.22599999999999998 0.721 0.05300000000000005
-3761.235715834534 0.22599999999999998 0.7434999999999999 0.030500000000000083
-3677.9457591455816 0.22599999999999998 0.773 0.0010000000000000009
-4292.0171402346705 0.2485 0.001 0.7505000000000001
-4317.333310197332 0.2485 0.0235 0.7280000000000001
-4341.107786913194 0.2485 0.046 0.7055
-4363.053487108872 0.2485 0.0685 0.683
-4385.6521849894825 0.2485 0.091 0.6605000000000001
-4406.971686868998 0.2485 0.11349999999999999 0.6380000000000001
-4428.065404596976 0.2485 0.136 0.6155
-4446.150532336304 0.2485 0.1585 0.5930000000000001
-4461.168860260557 0.2485 0.181 0.5705
-4473.06145395124 0.2485 0.2035 0.548
-4476.354540931151 0.2485 0.22599999999999998 0.5255000000000001
-4476.073386335973 0.2485 0.2485 0.5030000000000001
-4474.955190563287 0.2485 0.271 0.48050000000000004
-4472.136693089651 0.2485 0.2935 0.4580000000000001
-4464.2271570139155 0.2485 0.316 0.43550000000000005
-4455.265070026379 0.2485 0.33849999999999997 0.4130000000000001
-4444.399432377376 0.2485 0.361 0.39050000000000007
-4431.891420517434 0.2485 0.3835 0.36800000000000005
-4415.03829986949 0.2485 0.40599999999999997 0.3455000000000001
-4393.65603552208 0.2485 0.4285 0.32300000000000006
-4369.876525021179 0.2485 0.45099999999999996 0.3005000000000001
-4345.843701699607 0.2485 0.4735 0.2780000000000001
-4317.782369932446 0.2485 0.496 0.25550000000000006
-4289.514764527917 0.2485 0.5185 0.2330000000000001
-4256.790791334661 0.2485 0.541 0.21050000000000002
-4219.871095684876 0.2485 0.5635 0.18800000000000006
-4178.4368001902885 0.2485 0.586 0.1655000000000001
-4136.666558295124 0.2485 0.6084999999999999 0.14300000000000013
-4091.9528008249663 0.2485 0.631 0.12050000000000005
-4044.1029379242177 0.2485 0.6535 0.09800000000000009
-3993.9379775051334 0.2485 0.6759999999999999 0.07550000000000012
-3943.1906506288437 0.2485 0.6985 0.05300000000000005
-3890.248237299497 0.2485 0.721 0.030500000000000083
-3808.5917438302968 0.2485 0.751 0.000500000000000056
