-4969.261834805231 0.40599999999999997 0.001 0.5930000000000001
-4989.688336342071 0.40599999999999997 0.0235 0.5705000000000001
-5010.085261270514 0.40599999999999997 0.046 0.548
-5029.065807054105 0.40599999999999997 0.0685 0.5255000000000001
-5047.499921447197 0.40599999999999997 0.091 0.5030000000000001
-5063.574643141651 0.40599999999999997 0.11349999999999999 0.4805000000000001
-5078.601757531502 0.40599999999999997 0.136 0.4580000000000001
-5087.536012060621 0.40599999999999997 0.1585 0.4355000000000001
-5093.860584916708 0.40599999999999997 0.181 0.4130000000000001
-5092.6121393263065 0.40599999999999997 0.2035 0.39050000000000007
-5088.165451399771 0.40599999999999997 0.22599999999999998 0.3680000000000001
-5079.812559529961 0.40599999999999997 0.2485 0.3455000000000001
-5069.8299634134455 0.40599999999999997 0.271 0.32300000000000006
-5060.290574916417 0.40599999999999997 0.2935 0.3005000000000001
-5048.325565203177 0.40599999999999997 0.316 0.2780000000000001
-5033.955932429683 0.40599999999999997 0.33849999999999997 0.2555000000000001
-5015.589947969061 0.40599999999999997 0.361 0.2330000000000001
-4995.0147676302995 0.40599999999999997 0.3835 0.21050000000000008
-4970.640245736582 0.40599999999999997 0.40599999999999997 0.1880000000000001
-4944.859186124324 0.40599999999999997 0.4285 0.1655000000000001
-4916.726619493256 0.40599999999999997 0.45099999999999996 0.14300000000000013
-4882.582485161166 0.40599999999999997 0.4735 0.12050000000000011
-4846.951803363248 0.40599999999999997 0.496 0.09800000000000009
-4810.292054261971 0.40599999999999997 0.5185 0.07550000000000012
-4770.508004301326 0.40599999999999997 0.541 0.05300000000000005
-4727.575366866491 0.40599999999999997 0.5635 0.030500000000000083
-4670.027304500173 0.40599999999999997 0.594 1.1102230246251565e-16
-5064.165239216723 0.4285 0.001 0.5705
-5084.446769859703 0.4285 0.0235 0.548
-5104.445871923465 0.4285 0.046 0.5255
-5124.368653707216 0.4285 0.0685 0.503
-5140.385431939498 0.4285 0.091 0.48050000000000004
-5157.910593979633 0.4285 0.11349999999999999 0.458
-5169.240307493702 0.4285 0.136 0.4355
-5178.988449745213 0.4285 0.1585 0.41300000000000003
-5181.885302462369 0.4285 0.181 0.3905
-5179.233528313237 0.4285 0.2035 0.368
-5175.190369564873 0.4285 0.22599999999999998 0.34550000000000003
-5164.251850550496 0.4285 0.2485 0.323
-5155.290682964509 0.4285 0.271 0.3005
-5143.658869164935 0.4285 0.2935 0.278
-5130.718113876406 0.4285 0.316 0.2555
-5115.227587208144 0.4285 0.33849999999999997 0.23300000000000004
-5096.5149953614655 0.4285 0.361 0.21050000000000002
-5075.103943067527 0.4285 0.3835 0.188
-5049.422323328902 0.4285 0.40599999999999997 0.16550000000000004
-5021.482508351088 0.4285 0.4285 0.14300000000000002
-4991.555774286037 0.4285 0.45099999999999996 0.12050000000000005
-4959.966638785746 0.4285 0.4735 0.09800000000000003
-4922.013298306677 0.4285 0.496 0.07550000000000001
-4884.125066224248 0.4285 0.5185 0.05300000000000005
-4842.394657573001 0.4285 0.541 0.03049999999999997
-4785.0977733872 0.4285 0.5710000000000001 0.0004999999999999449
-5159.642759982897 0.45099999999999996 0.001 0.548
-5179.1752971702645 0.45099999999999996 0.0235 0.5255000000000001
-5199.0209698562385 0.45099999999999996 0.046 0.503
-5216.381611392953 0.45099999999999996 0.0685 0.48050000000000004
-5234.327642144711 0.45099999999999996 0.091 0.4580000000000001
-5248.339068336914 0.45099999999999996 0.11349999999999999 0.43550000000000005
-5261.594783021712 0.45099999999999996 0.136 0.41300000000000003
-5269.298117424335 0.45099999999999996 0.1585 0.39050000000000007
-5270.458243051985 0.45099999999999996 0.181 0.36800000000000005
-5266.97043094282 0.45099999999999996 0.2035 0.34550000000000003
-5259.9094074163495 0.45099999999999996 0.22599999999999998 0.32300000000000006
-5250.340920143009 0.45099999999999996 0.2485 0.30050000000000004
-5239.403439807173 0.45099999999999996 0.271 0.278
-5226.028122494706 0.45099999999999996 0.2935 0.25550000000000006
-5213.6215270021485 0.45099999999999996 0.316 0.23300000000000004
-5195.407514515338 0.45099999999999996 0.33849999999999997 0.21050000000000008
-5178.173768548305 0.45099999999999996 0.361 0.18800000000000006
-5151.953733957429 0.45099999999999996 0.3835 0.16550000000000004
-5126.640310233299 0.45099999999999996 0.40599999999999997 0.14300000000000007
-5098.467402757678 0.45099999999999996 0.4285 0.12050000000000005
-5068.923673777306 0.45099999999999996 0.45099999999999996 0.09800000000000009
-5034.177007346574 0.45099999999999996 0.4735 0.07550000000000007
-4996.054170938818 0.45099999999999996 0.496 0.05300000000000005
-4956.736378214523 0.45099999999999996 0.5185 0.030500000000000083
-4901.871277334405 0.45099999999999996 0.548 0.0010000000000000009
