-4389.703221419651 0.271 0.001 0.728
-4414.665440184714 0.271 0.0235 0.7055
-4437.440302601496 0.271 0.046 0.6829999999999999
-4459.930749000548 0.271 0.0685 0.6605
-4480.8319107544785 0.271 0.091 0.638
-4501.229603649057 0.271 0.11349999999999999 0.6154999999999999
-4520.110055687648 0.271 0.136 0.593
-4538.1676132958655 0.271 0.1585 0.5705
-4553.37203486532 0.271 0.181 0.548
-4562.736800868047 0.271 0.2035 0.5255
-4566.528502144811 0.271 0.22599999999999998 0.503
-4565.001580782563 0.271 0.2485 0.4805
-4558.898816446894 0.271 0.271 0.45799999999999996
-4555.2575557202645 0.271 0.2935 0.4355
-4547.654117329909 0.271 0.316 0.413
-4539.133680038632 0.271 0.33849999999999997 0.3905
-4526.541492097178 0.271 0.361 0.368
-4513.288210838318 0.271 0.3835 0.3455
-4494.932493849409 0.271 0.40599999999999997 0.323
-4474.180146378833 0.271 0.4285 0.3005
-4449.865682400635 0.271 0.45099999999999996 0.278
-4422.7201898285275 0.271 0.4735 0.2555
-4396.509681789636 0.271 0.496 0.23299999999999998
-4364.831429979423 0.271 0.5185 0.21050000000000002
-4328.431902150262 0.271 0.541 0.18799999999999994
-4292.219954634382 0.271 0.5635 0.16549999999999998
-4251.208145388842 0.271 0.586 0.14300000000000002
-4208.225562377702 0.271 0.6084999999999999 0.12050000000000005
-4161.74548495263 0.271 0.631 0.09799999999999998
-4115.211632295297 0.271 0.6535 0.07550000000000001
-4064.369459374733 0.271 0.6759999999999999 0.05300000000000005
-4012.564951103957 0.271 0.6985 0.03049999999999997
-3941.1878714245895 0.271 0.728 0.0010000000000000009
-4486.225941444634 0.2935 0.001 0.7055
-4511.197899768767 0.2935 0.0235 0.683
-4533.634303624643 0.2935 0.046 0.6605
-4554.70964780554 0.2935 0.0685 0.638
-4575.202873160576 0.2935 0.091 0.6155
-4596.395960726087 0.2935 0.11349999999999999 0.593
-4614.274339707876 0.2935 0.136 0.5705
-4631.429944007888 0.2935 0.1585 0.548
-4643.4532548087 0.2935 0.181 0.5255000000000001
-4651.870857729709 0.2935 0.2035 0.503
-4653.615013058665 0.2935 0.22599999999999998 0.48050000000000004
-4651.411300335779 0.2935 0.2485 0.458
-4647.08229986182 0.2935 0.271 0.4355
-4640.713148193894 0.2935 0.2935 0.41300000000000003
-4632.672281761388 0.2935 0.316 0.3905
-4622.9710752801075 0.2935 0.33849999999999997 0.36800000000000005
-4610.918982480874 0.2935 0.361 0.34550000000000003
-4595.573183554034 0.2935 0.3835 0.323
-4575.83265023587 0.2935 0.40599999999999997 0.30050000000000004
-4551.8753924654475 0.2935 0.4285 0.278
-4528.643856897847 0.2935 0.45099999999999996 0.25550000000000006
-4500.738453823155 0.2935 0.4735 0.23300000000000004
-4471.816028136845 0.2935 0.496 0.21050000000000002
-4439.884006802076 0.2935 0.5185 0.18800000000000006
-4402.645873561201 0.2935 0.541 0.16549999999999998
-4364.422106367687 0.2935 0.5635 0.14300000000000002
-4323.5579009376315 0.2935 0.586 0.12050000000000005
-4279.778669847345 0.2935 0.6084999999999999 0.09800000000000009
-4233.113915147087 0.2935 0.631 0.07550000000000001
-4184.764183307698 0.2935 0.6535 0.05300000000000005
-4133.682599483355 0.2935 0.6759999999999999 0.030500000000000083
-4064.2750300707053 0.2935 0.706 0.000500000000000056
-4583.6176609086115 0.316 0.001 0.6829999999999999
-4607.9122741840265 0.316 0.0235 0.6605
-4628.595198481005 0.316 0.046 0.6379999999999999
-4649.533526658944 0.316 0.0685 0.6154999999999999
-4671.7086398766705 0.316 0.091 0.593
-4689.69498298659 0.316 0.11349999999999999 0.5705
-4708.258334600095 0.316 0.136 0.5479999999999999
-4723.822958393062 0.316 0.1585 0.5255
-4733.796052255542 0.316 0.181 0.5029999999999999
-4741.33404349153 0.316 0.2035 0.4804999999999999
-4741.6616409003445 0.316 0.22599999999999998 0.45799999999999996
-4738.014397623898 0.316 0.2485 0.43549999999999994
-4731.030972677087 0.316 0.271 0.4129999999999999
-4723.6571797320175 0.316 0.2935 0.39049999999999996
-4714.652849251728 0.316 0.316 0.36799999999999994
-4704.209150402571 0.316 0.33849999999999997 0.3455
-4692.609343441746 0.316 0.361 0.32299999999999995
-4675.066393962035 0.316 0.3835 0.30049999999999993
-4654.349193988272 0.316 0.40599999999999997 0.27799999999999997
-4632.163913038873 0.316 0.4285 0.25549999999999995
-4605.76367867031 0.316 0.45099999999999996 0.23299999999999998
-4577.570051577724 0.316 0.4735 0.21049999999999996
-4548.352489497229 0.316 0.496 0.18799999999999994
-4513.654529357331 0.316 0.5185 0.16549999999999998
-4477.359283247654 0.316 0.541 0.1429999999999999
-4437.645896993979 0.316 0.5635 0.12049999999999994
-4395.662484553771 0.316 0.586 0.09799999999999998
-4351.481203852906 0.316 0.6084999999999999 0.07550000000000001
-4304.433846560776 0.316 0.631 0.052999999999999936
-4254.433443348337 0.316 0.6535 0.03049999999999997
-4187.045735800835 0.316 0.683 0.0009999999999998899
