-6526.358952938401 0.7951999999999999 0.05 0.1548000000000001
-6513.698804320393 0.7951999999999999 0.0707 0.1341000000000001
-6495.53180909767 0.7951999999999999 0.0914 0.1134000000000001
-6479.768892819111 0.7951999999999999 0.11209999999999999 0.0927000000000001
-6457.669630056048 0.7951999999999999 0.13279999999999997 0.07200000000000012
-6436.663665682351 0.7951999999999999 0.15349999999999997 0.05130000000000012
-6417.789399271531 0.7951999999999999 0.17419999999999997 0.030600000000000127
-6615.161338479336 0.8158999999999998 0.05 0.13410000000000016
-6599.932327253277 0.8158999999999998 0.0707 0.11340000000000015
-6582.789170938033 0.8158999999999998 0.0914 0.09270000000000016
-6563.899157743214 0.8158999999999998 0.11209999999999999 0.07200000000000016
-6540.876740872979 0.8158999999999998 0.13279999999999997 0.05130000000000018
-6520.787276107531 0.8158999999999998 0.15349999999999997 0.030600000000000183
-6701.5160143445755 0.8365999999999999 0.05 0.1134000000000001
-6688.31478517545 0.8365999999999999 0.0707 0.0927000000000001
-6667.658309947981 0.8365999999999999 0.0914 0.0720000000000001
-6647.2902805351605 0.8365999999999999 0.11209999999999999 0.05130000000000011
-6624.097201470643 0.8365999999999999 0.13279999999999997 0.030600000000000127
