-3379.88887001656 0.05 0.05 0.8999999999999999
-3366.1177295194193 0.05 0.0707 0.8793
-3351.6426992099446 0.05 0.0914 0.8585999999999999
-3338.0061778314703 0.05 0.11209999999999999 0.8379
-3324.0716382043365 0.05 0.13279999999999997 0.8171999999999999
-3310.285724731231 0.05 0.15349999999999997 0.7965
-3296.4425268585896 0.05 0.17419999999999997 0.7758
-3282.162174898427 0.05 0.19489999999999996 0.7551
-3268.50744531808 0.05 0.21559999999999996 0.7343999999999999
-3254.4413490679995 0.05 0.23629999999999995 0.7137
-3240.8732605086143 0.05 0.25699999999999995 0.6930000000000001
-3227.034233611591 0.05 0.27769999999999995 0.6723
-3213.00646577286 0.05 0.29839999999999994 0.6516
-3199.0976287434323 0.05 0.31909999999999994 0.6309
-3185.033111071938 0.05 0.33979999999999994 0.6102000000000001
-3170.9120790795646 0.05 0.36049999999999993 0.5895
-3156.9722533316276 0.05 0.38119999999999993 0.5688
-3142.5073306178765 0.05 0.4018999999999999 0.5481
-3127.618678612088 0.05 0.4225999999999999 0.5274000000000001
-3112.6115457774736 0.05 0.4432999999999999 0.5067
-3097.1127795110947 0.05 0.4639999999999999 0.48600000000000004
-3081.036213044749 0.05 0.4846999999999999 0.46530000000000005
-3064.3115768009097 0.05 0.5054 0.4446
-3046.766883421866 0.05 0.5260999999999999 0.42390000000000005
-3028.7496168258954 0.05 0.5468 0.4032
-3010.8043524392892 0.05 0.5674999999999999 0.38250000000000006
-2991.486413162576 0.05 0.5882 0.3618
-2972.5420725614504 0.05 0.6089 0.34109999999999996
-2953.2564215171774 0.05 0.6295999999999999 0.3204
-2932.3132862585244 0.05 0.6502999999999999 0.2997000000000001
-2911.536326100579 0.05 0.6709999999999999 0.279
-2891.133946423802 0.05 0.6917 0.2583
-2869.0954013153596 0.05 0.7123999999999999 0.23760000000000003
-2846.386763520115 0.05 0.7330999999999999 0.2169000000000001
-2823.041248110353 0.05 0.7537999999999999 0.19620000000000004
-2799.3596575096694 0.05 0.7745 0.1755
-2775.673966416297 0.05 0.7951999999999999 0.15480000000000005
-2750.4902453307996 0.05 0.8158999999999998 0.1341000000000001
-2725.9864898969317 0.05 0.8365999999999999 0.11340000000000006
-2700.9164770711195 0.05 0.8573 0.0927
-2676.380203469699 0.05 0.8779999999999999 0.07200000000000006
-2651.8496203191316 0.05 0.8986999999999998 0.05130000000000012
-2626.640060464606 0.05 0.9193999999999999 0.03060000000000007
-3466.3395178126593 0.0707 0.05 0.8793
-3452.5556392896083 0.0707 0.0707 0.8586
-3438.497664605232 0.0707 0.0914 0.8379
-3424.568613297546 0.0707 0.11209999999999999 0.8172
-3410.388505388233 0.0707 0.13279999999999997 0.7965
-3396.779514795346 0.0707 0.15349999999999997 0.7758
-3382.9218792974984 0.0707 0.17419999999999997 0.7551000000000001
-3368.660062931894 0.0707 0.19489999999999996 0.7344
-3355.0072589089873 0.0707 0.21559999999999996 0.7137
-3340.9865653586526 0.0707 0.23629999999999995 0.6930000000000001
-3327.102855491868 0.0707 0.25699999999999995 0.6723000000000001
-3313.6381970086672 0.0707 0.27769999999999995 0.6516000000000001
-3299.42275554993 0.0707 0.29839999999999994 0.6309
-3285.4496995051104 0.0707 0.31909999999999994 0.6102000000000001
-3271.182715954178 0.0707 0.33979999999999994 0.5895000000000001
-3257.223223491648 0.0707 0.36049999999999993 0.5688000000000001
-3242.812561527646 0.0707 0.38119999999999993 0.5481
-3228.051493418373 0.0707 0.4018999999999999 0.5274000000000001
-3213.589405073127 0.0707 0.4225999999999999 0.5067000000000002
-3197.6826195430754 0.0707 0.4432999999999999 0.4860000000000001
-3182.2476924497473 0.0707 0.4639999999999999 0.4653000000000001
-3164.9777930863547 0.0707 0.4846999999999999 0.4446000000000001
-3148.7182795850536 0.0707 0.5054 0.42390000000000005
-3129.9457730453955 0.0707 0.5260999999999999 0.4032000000000001
-3112.2749268333564 0.0707 0.5468 0.38250000000000006
-3093.975715322581 0.0707 0.5674999999999999 0.3618000000000001
-3074.6359446657575 0.0707 0.5882 0.34110000000000007
-3055.497255909306 0.0707 0.6089 0.3204
-3035.0730912019117 0.0707 0.6295999999999999 0.2997000000000001
-3014.8820493986414 0.0707 0.6502999999999999 0.27900000000000014
-2993.4441123525403 0.0707 0.6709999999999999 0.2583000000000001
-2971.6325213671466 0.0707 0.6917 0.23760000000000003
-2949.881015888309 0.0707 0.7123999999999999 0.2169000000000001
-2926.6434690933747 0.0707 0.7330999999999999 0.19620000000000015
-2902.9087211169435 0.0707 0.7537999999999999 0.1755000000000001
-2878.9455218979706 0.0707 0.7745 0.15480000000000005
-2853.8864514948164 0.0707 0.7951999999999999 0.1341000000000001
-2829.414060544269 0.0707 0.8158999999999998 0.11340000000000017
-2804.310909627655 0.0707 0.8365999999999999 0.09270000000000012
-2779.8136124707307 0.0707 0.8573 0.07200000000000006
-2754.3614505947735 0.0707 0.8779999999999999 0.05130000000000012
-2730.124681532101 0.0707 0.8986999999999998 0.030600000000000183
-3554.88390979846 0.0914 0.05 0.8585999999999999
-3541.0455263457447 0.0914 0.0707 0.8379
-3527.0916057009176 0.0914 0.0914 0.8171999999999999
-3513.115351844414 0.0914 0.11209999999999999 0.7965
-3498.8759160587774 0.0914 0.13279999999999997 0.7758
-3485.3066390885524 0.0914 0.15349999999999997 0.7551
-3471.4894047141183 0.0914 0.17419999999999997 0.7343999999999999
-3457.2584110205103 0.0914 0.19489999999999996 0.7137
-3443.43045502536 0.0914 0.21559999999999996 0.6930000000000001
-3429.4977146076344 0.0914 0.23629999999999995 0.6723
-3415.5221845539627 0.0914 0.25699999999999995 0.6516
-3402.1635917679946 0.0914 0.27769999999999995 0.6309
-3387.589578987281 0.0914 0.29839999999999994 0.6102000000000001
-3373.9366555045845 0.0914 0.31909999999999994 0.5895
-3359.5620639176477 0.0914 0.33979999999999994 0.5688
-3345.631334092063 0.0914 0.36049999999999993 0.5481
-3330.846455209482 0.0914 0.38119999999999993 0.5274000000000001
-3316.1841846484394 0.0914 0.4018999999999999 0.5067
-3301.0241543715183 0.0914 0.4225999999999999 0.48600000000000004
-3284.47634154554 0.0914 0.4432999999999999 0.46530000000000005
-3269.374671436472 0.0914 0.4639999999999999 0.44460000000000005
-3252.1199798547464 0.0914 0.4846999999999999 0.42390000000000005
-3234.9751892955783 0.0914 0.5054 0.4032
-3216.0404163307626 0.0914 0.5260999999999999 0.38250000000000006
-3198.6530853580216 0.0914 0.5468 0.3618
-3179.1872110785284 0.0914 0.5674999999999999 0.34110000000000007
-3160.230803926604 0.0914 0.5882 0.3204
-3139.8768515842203 0.0914 0.6089 0.29969999999999997
-3119.811366193544 0.0914 0.6295999999999999 0.279
-3099.0261870700247 0.0914 0.6502999999999999 0.2583000000000001
-3076.8222459439035 0.0914 0.6709999999999999 0.23760000000000003
-3055.363945217962 0.0914 0.6917 0.21689999999999998
-3031.876756526126 0.0914 0.7123999999999999 0.19620000000000004
-3008.381485819098 0.0914 0.7330999999999999 0.1755000000000001
-2984.9127556590815 0.0914 0.7537999999999999 0.15480000000000005
-2959.788736268927 0.0914 0.7745 0.1341
-2935.2390566169934 0.0914 0.7951999999999999 0.11340000000000006
-2910.3633395167144 0.0914 0.8158999999999998 0.09270000000000012
-2885.5173413357943 0.0914 0.8365999999999999 0.07200000000000006
-2861.197890573157 0.0914 0.8573 0.05130000000000001
-2836.072115978439 0.0914 0.8779999999999999 0.03060000000000007
