-4690.455357948378 0.36049999999999993 0.05 0.5895
-4676.34399286785 0.36049999999999993 0.0707 0.5688000000000001
-4662.787371354165 0.36049999999999993 0.0914 0.5481
-4647.625570416947 0.36049999999999993 0.11209999999999999 0.5274000000000001
-4633.163971534124 0.36049999999999993 0.13279999999999997 0.5067000000000002
-4619.362013806274 0.36049999999999993 0.15349999999999997 0.4860000000000001
-4605.589630075994 0.36049999999999993 0.17419999999999997 0.4653000000000001
-4591.632862452324 0.36049999999999993 0.19489999999999996 0.4446000000000001
-4577.652561253724 0.36049999999999993 0.21559999999999996 0.4239000000000001
-4563.466694633711 0.36049999999999993 0.23629999999999995 0.4032000000000001
-4549.005738837896 0.36049999999999993 0.25699999999999995 0.3825000000000001
-4534.058657680486 0.36049999999999993 0.27769999999999995 0.3618000000000001
-4518.2401971361 0.36049999999999993 0.29839999999999994 0.3411000000000001
-4502.508892002643 0.36049999999999993 0.31909999999999994 0.32040000000000013
-4484.831399127767 0.36049999999999993 0.33979999999999994 0.29970000000000013
-4467.372820694687 0.36049999999999993 0.36049999999999993 0.27900000000000014
-4448.903698528327 0.36049999999999993 0.38119999999999993 0.25830000000000014
-4429.656547727598 0.36049999999999993 0.4018999999999999 0.23760000000000014
-4410.686756377971 0.36049999999999993 0.4225999999999999 0.21690000000000015
-4390.348080604101 0.36049999999999993 0.4432999999999999 0.19620000000000015
-4369.109456108728 0.36049999999999993 0.4639999999999999 0.17550000000000016
-4348.396231134638 0.36049999999999993 0.4846999999999999 0.15480000000000016
-4325.76672148524 0.36049999999999993 0.5054 0.1341000000000001
-4302.892479484674 0.36049999999999993 0.5260999999999999 0.11340000000000017
-4278.410597056707 0.36049999999999993 0.5468 0.09270000000000012
-4253.5075666337525 0.36049999999999993 0.5674999999999999 0.07200000000000017
-4228.910236829677 0.36049999999999993 0.5882 0.05130000000000012
-4203.462762210352 0.36049999999999993 0.6089 0.03060000000000007
-4777.126970722682 0.38119999999999993 0.05 0.5688
-4763.160912784062 0.38119999999999993 0.0707 0.5481
-4749.442291379985 0.38119999999999993 0.0914 0.5274
-4735.4102806232195 0.38119999999999993 0.11209999999999999 0.5067
-4722.082639816925 0.38119999999999993 0.13279999999999997 0.48600000000000004
-4705.974446963543 0.38119999999999993 0.15349999999999997 0.46530000000000005
-4692.181719193876 0.38119999999999993 0.17419999999999997 0.44460000000000005
-4678.230549912851 0.38119999999999993 0.19489999999999996 0.42390000000000005
-4664.298781742439 0.38119999999999993 0.21559999999999996 0.40320000000000006
-4649.987960323109 0.38119999999999993 0.23629999999999995 0.38250000000000006
-4635.34101062972 0.38119999999999993 0.25699999999999995 0.36180000000000007
-4622.172706292853 0.38119999999999993 0.27769999999999995 0.34110000000000007
-4603.8086289190205 0.38119999999999993 0.29839999999999994 0.3204000000000001
-4589.35383582901 0.38119999999999993 0.31909999999999994 0.2997000000000001
-4569.571624481181 0.38119999999999993 0.33979999999999994 0.2790000000000001
-4551.409050711882 0.38119999999999993 0.36049999999999993 0.2583000000000001
-4535.26750420997 0.38119999999999993 0.38119999999999993 0.2376000000000001
-4513.316275632887 0.38119999999999993 0.4018999999999999 0.2169000000000001
-4492.699217176281 0.38119999999999993 0.4225999999999999 0.1962000000000001
-4472.753396751752 0.38119999999999993 0.4432999999999999 0.1755000000000001
-4452.174789858826 0.38119999999999993 0.4639999999999999 0.1548000000000001
-4429.070899956845 0.38119999999999993 0.4846999999999999 0.1341000000000001
-4406.654631929061 0.38119999999999993 0.5054 0.11340000000000006
-4382.22149610188 0.38119999999999993 0.5260999999999999 0.09270000000000012
-4357.995429546057 0.38119999999999993 0.5468 0.07200000000000006
-4333.453906862611 0.38119999999999993 0.5674999999999999 0.05130000000000012
-4308.069576131199 0.38119999999999993 0.5882 0.03060000000000007
-4865.730189696781 0.4018999999999999 0.05 0.5481
-4851.411801046341 0.4018999999999999 0.0707 0.5274000000000001
-4836.33471495916 0.4018999999999999 0.0914 0.5067
-4822.582789034717 0.4018999999999999 0.11209999999999999 0.4860000000000001
-4808.519655526852 0.4018999999999999 0.13279999999999997 0.4653000000000001
-4794.695160795559 0.4018999999999999 0.15349999999999997 0.4446000000000001
-4780.91648309902 0.4018999999999999 0.17419999999999997 0.4239000000000001
-4766.870052326501 0.4018999999999999 0.19489999999999996 0.4032000000000001
-4752.643795007955 0.4018999999999999 0.21559999999999996 0.3825000000000001
-4736.197868284339 0.4018999999999999 0.23629999999999995 0.3618000000000001
-4723.205073837194 0.4018999999999999 0.25699999999999995 0.3411000000000001
-4708.057615366328 0.4018999999999999 0.27769999999999995 0.32040000000000013
-4691.463038723701 0.4018999999999999 0.29839999999999994 0.29970000000000013
-4674.6684586470865 0.4018999999999999 0.31909999999999994 0.27900000000000014
-4654.06102642136 0.4018999999999999 0.33979999999999994 0.25830000000000014
-4638.041488778028 0.4018999999999999 0.36049999999999993 0.23760000000000014
-4618.788755091981 0.4018999999999999 0.38119999999999993 0.21690000000000015
-4599.0492719913145 0.4018999999999999 0.4018999999999999 0.19620000000000015
-4578.929611234128 0.4018999999999999 0.4225999999999999 0.17550000000000016
-4557.734195300244 0.4018999999999999 0.4432999999999999 0.15480000000000016
-4535.808357432645 0.4018999999999999 0.4639999999999999 0.13410000000000016
-4513.333992513355 0.4018999999999999 0.4846999999999999 0.11340000000000017
-4489.515074510489 0.4018999999999999 0.5054 0.09270000000000012
-4464.766583691566 0.4018999999999999 0.5260999999999999 0.07200000000000017
-4440.487057913737 0.4018999999999999 0.5468 0.05130000000000012
-4414.72759317276 0.4018999999999999 0.5674999999999999 0.030600000000000183
