-3902.809441838345 0.17419999999999997 0.05 0.7758
-3889.1956609365207 0.17419999999999997 0.0707 0.7551000000000001
-3875.0420927417113 0.17419999999999997 0.0914 0.7344
-3861.8286044370134 0.17419999999999997 0.11209999999999999 0.7137000000000001
-3847.197858553604 0.17419999999999997 0.13279999999999997 0.6930000000000001
-3832.9372731706 0.17419999999999997 0.15349999999999997 0.6723000000000001
-3819.1717314113303 0.17419999999999997 0.17419999999999997 0.6516000000000002
-3805.0779449352217 0.17419999999999997 0.19489999999999996 0.6309000000000001
-3791.9413704122094 0.17419999999999997 0.21559999999999996 0.6102000000000001
-3777.6958455175954 0.17419999999999997 0.23629999999999995 0.5895000000000001
-3763.3360739523514 0.17419999999999997 0.25699999999999995 0.5688000000000002
-3749.5623273972037 0.17419999999999997 0.27769999999999995 0.5481000000000001
-3734.9753314396503 0.17419999999999997 0.29839999999999994 0.5274000000000001
-3721.296429532372 0.17419999999999997 0.31909999999999994 0.5067000000000002
-3705.9148702595744 0.17419999999999997 0.33979999999999994 0.48600000000000015
-3691.3386221039787 0.17419999999999997 0.36049999999999993 0.46530000000000016
-3675.7829744513797 0.17419999999999997 0.38119999999999993 0.44460000000000016
-3659.9338971358425 0.17419999999999997 0.4018999999999999 0.42390000000000017
-3643.024009524777 0.17419999999999997 0.4225999999999999 0.40320000000000017
-3626.3929101615045 0.17419999999999997 0.4432999999999999 0.3825000000000002
-3608.9618552960033 0.17419999999999997 0.4639999999999999 0.3618000000000002
-3590.29144354751 0.17419999999999997 0.4846999999999999 0.3411000000000002
-3571.8720940229205 0.17419999999999997 0.5054 0.32040000000000013
-3551.6012213137356 0.17419999999999997 0.5260999999999999 0.2997000000000002
-3532.436002064685 0.17419999999999997 0.5468 0.27900000000000014
-3512.65446555714 0.17419999999999997 0.5674999999999999 0.2583000000000002
-3491.2953082703584 0.17419999999999997 0.5882 0.23760000000000014
-3469.649004249603 0.17419999999999997 0.6089 0.2169000000000001
-3448.233426836405 0.17419999999999997 0.6295999999999999 0.19620000000000015
-3424.307466544631 0.17419999999999997 0.6502999999999999 0.1755000000000002
-3401.0364102369035 0.17419999999999997 0.6709999999999999 0.15480000000000016
-3376.510831188443 0.17419999999999997 0.6917 0.1341000000000001
-3352.8818711220474 0.17419999999999997 0.7123999999999999 0.11340000000000017
-3326.790193863567 0.17419999999999997 0.7330999999999999 0.09270000000000023
-3302.4212547197326 0.17419999999999997 0.7537999999999999 0.07200000000000017
-3279.3671366185768 0.17419999999999997 0.7745 0.05130000000000012
-3253.4230789774947 0.17419999999999997 0.7951999999999999 0.030600000000000183
-3992.1557043029666 0.19489999999999996 0.05 0.7551
-3977.646700336508 0.19489999999999996 0.0707 0.7344
-3964.157447883836 0.19489999999999996 0.0914 0.7137
-3950.0540745132025 0.19489999999999996 0.11209999999999999 0.6930000000000001
-3935.422460454698 0.19489999999999996 0.13279999999999997 0.6723000000000001
-3921.90224367046 0.19489999999999996 0.15349999999999997 0.6516000000000001
-3908.0128205088104 0.19489999999999996 0.17419999999999997 0.6309
-3893.6884134736733 0.19489999999999996 0.19489999999999996 0.6102000000000001
-3880.7880405292844 0.19489999999999996 0.21559999999999996 0.5895000000000001
-3865.719753504405 0.19489999999999996 0.23629999999999995 0.5688000000000001
-3852.006887216064 0.19489999999999996 0.25699999999999995 0.5481
-3837.8794963277323 0.19489999999999996 0.27769999999999995 0.5274000000000001
-3823.569141670244 0.19489999999999996 0.29839999999999994 0.5067000000000002
-3808.8541621620525 0.19489999999999996 0.31909999999999994 0.4860000000000001
-3794.5777063886417 0.19489999999999996 0.33979999999999994 0.4653000000000001
-3779.064065555732 0.19489999999999996 0.36049999999999993 0.4446000000000001
-3763.5068968605474 0.19489999999999996 0.38119999999999993 0.4239000000000001
-3747.430898240431 0.19489999999999996 0.4018999999999999 0.4032000000000001
-3730.548596488541 0.19489999999999996 0.4225999999999999 0.3825000000000001
-3712.9269487444976 0.19489999999999996 0.4432999999999999 0.3618000000000001
-3695.0583897243555 0.19489999999999996 0.4639999999999999 0.3411000000000001
-3676.8089927932274 0.19489999999999996 0.4846999999999999 0.32040000000000013
-3657.1615452567426 0.19489999999999996 0.5054 0.2997000000000001
-3637.308004161568 0.19489999999999996 0.5260999999999999 0.27900000000000014
-3617.70968792103 0.19489999999999996 0.5468 0.2583000000000001
-3596.9876131028113 0.19489999999999996 0.5674999999999999 0.23760000000000014
-3575.513070058372 0.19489999999999996 0.5882 0.2169000000000001
-3553.4322876731476 0.19489999999999996 0.6089 0.19620000000000004
-3529.9283299351223 0.19489999999999996 0.6295999999999999 0.1755000000000001
-3506.7153556350477 0.19489999999999996 0.6502999999999999 0.15480000000000016
-3484.0105670954886 0.19489999999999996 0.6709999999999999 0.1341000000000001
-3458.753436647488 0.19489999999999996 0.6917 0.11340000000000006
-3434.5051614876133 0.19489999999999996 0.7123999999999999 0.09270000000000012
-3410.100646857447 0.19489999999999996 0.7330999999999999 0.07200000000000017
-3384.949707170338 0.19489999999999996 0.7537999999999999 0.05130000000000012
-3359.477409107515 0.19489999999999996 0.7745 0.03060000000000007
-4078.1289184923876 0.21559999999999996 0.05 0.7343999999999999
-4064.210633456536 0.21559999999999996 0.0707 0.7137
-4050.2669794690187 0.21559999999999996 0.0914 0.693
-4036.082070584053 0.21559999999999996 0.11209999999999999 0.6723
-4021.7394241907805 0.21559999999999996 0.13279999999999997 0.6516
-4008.261612699947 0.21559999999999996 0.15349999999999997 0.6309
-3994.300679639238 0.21559999999999996 0.17419999999999997 0.6102000000000001
-3980.4305017122283 0.21559999999999996 0.19489999999999996 0.5895
-3966.4448408616076 0.21559999999999996 0.21559999999999996 0.5688
-3951.733348109988 0.21559999999999996 0.23629999999999995 0.5481
-3938.153709915346 0.21559999999999996 0.25699999999999995 0.5274000000000001
-3923.961170575792 0.21559999999999996 0.27769999999999995 0.5067
-3911.1122079290426 0.21559999999999996 0.29839999999999994 0.48600000000000004
-3895.5938027753623 0.21559999999999996 0.31909999999999994 0.46530000000000005
-3879.6268746351816 0.21559999999999996 0.33979999999999994 0.44460000000000005
-3864.894083495045 0.21559999999999996 0.36049999999999993 0.42390000000000005
-3849.1813289501843 0.21559999999999996 0.38119999999999993 0.40320000000000006
-3831.3862433253908 0.21559999999999996 0.4018999999999999 0.38250000000000006
-3814.6118434419677 0.21559999999999996 0.4225999999999999 0.36180000000000007
-3796.8313744021325 0.21559999999999996 0.4432999999999999 0.34110000000000007
-3778.8206836399736 0.21559999999999996 0.4639999999999999 0.3204000000000001
-3759.745421967587 0.21559999999999996 0.4846999999999999 0.2997000000000001
-3740.501634709888 0.21559999999999996 0.5054 0.279
-3721.1921941988167 0.21559999999999996 0.5260999999999999 0.2583000000000001
-3699.5855258689 0.21559999999999996 0.5468 0.23760000000000003
-3679.9415027222653 0.21559999999999996 0.5674999999999999 0.2169000000000001
-3656.6890010877637 0.21559999999999996 0.5882 0.19620000000000004
-3633.8790689389853 0.21559999999999996 0.6089 0.1755
-3611.8691206611993 0.21559999999999996 0.6295999999999999 0.15480000000000005
-3588.415541015149 0.21559999999999996 0.6502999999999999 0.1341000000000001
-3561.8366297912717 0.21559999999999996 0.6709999999999999 0.11340000000000006
-3539.1746499055166 0.21559999999999996 0.6917 0.0927
-3514.7282160547525 0.21559999999999996 0.7123999999999999 0.07200000000000006
-3489.3328293015425 0.21559999999999996 0.7330999999999999 0.05130000000000012
-3464.8349539088963 0.21559999999999996 0.7537999999999999 0.03060000000000007
