-5739.967922249522 0.6089 0.05 0.3411
-5725.764437337303 0.6089 0.0707 0.3204
-5711.800180949123 0.6089 0.0914 0.2997
-5697.639494306548 0.6089 0.11209999999999999 0.279
-5681.252444948339 0.6089 0.13279999999999997 0.25830000000000003
-5668.345020340309 0.6089 0.15349999999999997 0.23760000000000003
-5653.428283910261 0.6089 0.17419999999999997 0.21690000000000004
-5636.774114811993 0.6089 0.19489999999999996 0.19620000000000004
-5619.195162435598 0.6089 0.21559999999999996 0.17550000000000004
-5598.242805688058 0.6089 0.23629999999999995 0.15480000000000005
-5580.8946847746565 0.6089 0.25699999999999995 0.13410000000000005
-5561.0691443090445 0.6089 0.27769999999999995 0.11340000000000006
-5539.433022063978 0.6089 0.29839999999999994 0.09270000000000006
-5517.930536785604 0.6089 0.31909999999999994 0.07200000000000006
-5491.0237899905105 0.6089 0.33979999999999994 0.05130000000000007
-5468.6842244555055 0.6089 0.36049999999999993 0.03060000000000007
-5826.541414195286 0.6295999999999999 0.05 0.3204000000000001
-5815.242461223618 0.6295999999999999 0.0707 0.2997000000000001
-5798.244351110798 0.6295999999999999 0.0914 0.2790000000000001
-5784.380984938204 0.6295999999999999 0.11209999999999999 0.2583000000000001
-5769.592400007643 0.6295999999999999 0.13279999999999997 0.2376000000000001
-5754.711035898739 0.6295999999999999 0.15349999999999997 0.2169000000000001
-5740.9849837508755 0.6295999999999999 0.17419999999999997 0.1962000000000001
-5721.176454778188 0.6295999999999999 0.19489999999999996 0.1755000000000001
-5703.7039948053 0.6295999999999999 0.21559999999999996 0.1548000000000001
-5684.277373959143 0.6295999999999999 0.23629999999999995 0.1341000000000001
-5664.5423535888085 0.6295999999999999 0.25699999999999995 0.11340000000000011
-5645.758576994403 0.6295999999999999 0.27769999999999995 0.09270000000000012
-5621.287543275499 0.6295999999999999 0.29839999999999994 0.07200000000000012
-5597.9284698656675 0.6295999999999999 0.31909999999999994 0.05130000000000012
-5572.823778769449 0.6295999999999999 0.33979999999999994 0.030600000000000127
-5915.319298936093 0.6502999999999999 0.05 0.29970000000000013
-5901.6831316714515 0.6502999999999999 0.0707 0.27900000000000014
-5885.046762687191 0.6502999999999999 0.0914 0.25830000000000014
-5873.20255432651 0.6502999999999999 0.11209999999999999 0.23760000000000014
-5855.412143307423 0.6502999999999999 0.13279999999999997 0.21690000000000015
-5842.620892243671 0.6502999999999999 0.15349999999999997 0.19620000000000015
-5826.130604745152 0.6502999999999999 0.17419999999999997 0.17550000000000016
-5806.228380012385 0.6502999999999999 0.19489999999999996 0.15480000000000016
-5789.578401072933 0.6502999999999999 0.21559999999999996 0.13410000000000016
-5767.779200925901 0.6502999999999999 0.23629999999999995 0.11340000000000017
-5749.561208285844 0.6502999999999999 0.25699999999999995 0.09270000000000017
-5727.541047200971 0.6502999999999999 0.27769999999999995 0.07200000000000017
-5702.451397985234 0.6502999999999999 0.29839999999999994 0.05130000000000018
-5679.830800754245 0.6502999999999999 0.31909999999999994 0.030600000000000183
